#/opt/homebrew/Caskroom/miniconda/base/envs/hack25/lib/python3.12/site-packages/ipykernel_launcher.py --f=/Users/jpinney/Library/Jupyter/runtime/kernel-v352576b36ed274793969b57d69d8306c9df606370.json
# GMT Sun Jul 20 12:23:27 2025
# 
0 1349 1974 3682 4533
1
2 4556
3 3496 3809
4 418 2073 3431 3490 4373
5 3709
6
7 1301 4468
8 1489 3377 3770 4562
9 240 1440
10 3888
11 2273 3654
12 2080 4085
13 4397
14 37 605
15 3253 3837
16 950
17 2567
18 1385 3654
19 224 3498 4098
20 69 624 1926 2005 4340 4530
21 1204 2513
22 2145 2463 3941
23 833 1758
24 476
25 51 1013 4300
26 1295 2316
27
28
29
30 631 1219 1301 2120
31 1007 1172 2992 3529 3820 4608
32
33 2167 4196
34
35 586 875
36 400 1688 2951
37 149 1970
38 3962
39 3259
40 3051 3817 4030
41 296 2478 2761
42
43 3946
44 803
45 4615 4675
46 2325 3353
47 1725 1939 3554 3683
48 881 1412 2138 2270 3510 4516
49 158 1044 1220 1925 4346
50 4516
51 2997
52 1846
53 4636
54 1444
55
56 1859
57 2501
58 989 1860
59 3232
60 2480
61
62 1732
63 3132
64
65 710 2717 4360
66 84 1550 1984 3169
67 1458 1917 1939 2655 2803 3986
68 569 2810 3112
69 1147 3380 3446
70 352 424 846
71 981 1948 3212 4518
72 91 2947 2952
73 2350
74 2915 3347
75 1306 3251 4345
76
77 466
78 168 1379
79 231 1174 1256 2265 2615
80 2334 3218 4170
81 1611 1768 3126
82 2975 3472 4208
83 1197 1940 2382 2570
84 843 1482 1617 3385
85
86 1764 2668 3205 3877
87 3061
88
89 1438
90 457 819 1118 1257
91 4461
92 2708
93 1733
94 2848
95 1492 2601
96
97 637 3529 3864 4567
98 1737 1920 3689
99 1063 2622 2653 4500
100 2234 2291
101 1317 1666 2634 3646 3718
102
103 953
104 2226
105 167 880
106 3821
107
108 2074 2451 2481 3802 3972
109 196 1494
110 399 542 2050 3714
111 2616 2869
112 1824 3737
113 960 1106
114 283 1487 1937
115 1139 1902 4406
116 273 1908
117 1991 2353
118 1607 2290 3582
119 2143 2878
120 4378
121 893 1866 1968 4407
122 3511
123 1216 1415 4356
124 3970 4552
125 2670
126 558 4335 4494
127 1860 3651 4253
128 481
129 704 2485 4623
130 781 2142 4113
131 2835 4143
132 2083
133 1141 2954
134
135 4535
136 2748
137 547
138 2383 3102 3308
139
140
141
142 1948
143 4204
144 677 2967
145 3352 3927
146
147 1956
148 881 1116
149 1144 2193
150
151 3101 3599
152
153
154 807 1503
155
156
157
158 2168 3308
159
160 1999
161 1673 1951 3758
162 2033 2931
163 523 936 1052 2614
164 1360
165 2461
166 424 3250 3262 3965
167 1029 2889 3461 3902
168 302 486 564 887
169 3545 4289 4374
170 4569
171 4245
172
173 1801 2686
174 1272
175 1087
176 3742 4173
177
178 2750
179 541 802
180 1215 1875
181 1202 3570
182 791 2867 3242 3400 3748
183
184 389 920 1051
185
186 552 3488
187 2032 4431
188 1538 2813
189 417 2219 3379
190
191 935
192
193 2019 2591
194 234 843 1695 2094 2503 3037
195 863 1580 2480
196 657 932 2163
197 653 3189 4238 4425
198
199 1574 3974
200 1280
201 272 1916 2139 3379 3962
202 3369
203 716 2113 2276 2388
204 1746 1922 2127
205
206 2262 4235 4666
207 3011 4235
208 1678 2922
209 598 2066 2110 2652 2841 3098 4596
210 1897 2079
211 4534
212 1493 3986
213 1872 4137 4472
214 1192 1890 2830 4279 4326
215 1138 3504
216 506 2049 4539
217 495 603 783
218 417
219 1482
220 660
221 2970 3920
222 450
223 523 4103
224 225 4029
225 345 3087
226 2290 4153
227 272 689 815 1308 2527 3463
228 3868
229 1505 1942
230 4275
231 2571 2686 2981
232 882 3105 4296
233 2288 2314
234 1301
235 1401 3272
236 839 2572
237 412 2093 2401
238 1933 3479
239 868 1147 1615 2854 3865
240 4421
241 1050 3421 4070
242
243 832
244
245
246 2771
247 1783
248 3281 4668
249 4397
250 656 1819
251 2006 2264 2273
252 2168
253 2086 2127 2849 3026 4376 4599
254 1547 2487
255 365 704 2429 3581 4433
256
257 605 752 3369
258 646 745 2757 3151 4274
259 951 1068 2309 3354
260
261 2712 3723
262 352
263 550 583 1013 1084 1332 4437 4486
264 534 771 2959 3090 4021
265 3112
266 861 865 1147 1740 1782 2491 2847
267 346 526
268 458
269 1081 1353
270 1731 1875
271 345 3140
272 1552 1860 2253 2469
273 640 788 975 1012 3849
274 2376 4295
275 1515 2138 3709
276 4612
277 748 3060 4143
278 3075
279 571 628
280 2521
281 1772
282 3038 3709
283 3606 3661 3882
284 1239 1634 3983
285 3261 3528 3827
286 4399
287 738 3030
288 1475 2049 2527
289 2967
290
291
292 505 2130 4661
293 1706 2168 2692 3705
294
295 938 2343
296 630 727 3788
297
298 2312 2619
299 1545
300
301
302 3103
303 2424
304 3249
305
306 554 705 4343
307
308 2760 3269 3617
309
310 1225
311 3055 4532
312 4648
313 1833
314 994 1787
315 1212 3894 4551
316
317
318 3833
319 4261
320 2819
321 2218
322 1556
323
324 2255 2729 3606 4225
325
326 463 1097 1584
327 2580 3767
328 1532 2764
329 4627
330 3912
331 3009
332 838 1568 1988 2156 3420 3895 4668
333 1186 2798
334 2340 3410
335 798 1660
336 2386 3907 4210
337 3093
338 784 2546
339
340 4054
341 2752
342 662 4218
343 450 1183 2621 3905
344 2501 3505 4110
345 3934
346 3197 4040
347
348 499 2890 3124 3693
349 1466 2667 2879 3915
350 1408 4204
351 2650
352 2422
353 879 1217 1466 3134
354 3854
355
356 4156
357 3963
358 3245
359 1115
360 364 2394 2922 3135
361
362 367 928 3071 3933
363 1776 4405
364 2132
365 1144 1149 4386
366 1597 1776 4302
367 4537
368 529 2167 4159 4362
369 667 3946
370 4440
371 3098 3875
372 856 880
373 1083 1771 3721 3973
374 3705 4683
375 2964
376
377 899 1374 2654 3472 3789
378 1664
379 644 1206 1308 1682
380
381 1247 2237
382 1749
383 610
384 1805 4090
385 973 3360 3680
386 998 1995 3297 3565
387
388 967 1612 4006 4552
389
390
391
392 1655 1991 3299
393 1715
394 2671
395
396 3507
397 1759 2054 3724
398 3629
399 3908
400
401
402 920 1003 2145
403 463 4232
404 3946
405 2697
406 1126 3597
407 564
408 1360 2033 2059 3880
409 647
410 2974
411
412 2670 4307
413 833 2987
414 1785 3700
415
416
417 1414 2750
418 1253 3129
419 3104 3499 3630
420 451 1757
421 2244
422 3169
423
424 1531 2293
425 4345 4576
426
427 4325
428 2437 4533
429 3617
430 640 3868
431 978 3788
432
433 3879
434 743 3351 3581
435 1180 1829
436 2586
437 2244
438 720 3991
439 3076
440 2156 4570
441 3391 3642 4597
442 3906
443 2072
444
445 1037 3490
446 931 4337
447 3323
448
449 1085 3668
450 691 2509 3640 4331
451 1765 2498
452 3523
453 3749
454
455 3357 3919
456 2110 2194 2584 2947 3628 3878 4225 4313
457
458
459 2845
460 4009
461 3941
462 1263
463
464
465 2079 3769
466 1477 4383
467
468 491 2065 2846 3209
469 743 3450
470
471 825 1817
472
473 1812 4153
474
475 555
476 4156
477 2907 3244 3730
478 2478 4056
479 1770 3943
480 1839 2755
481 1292 2003 3175
482 2308
483 719 2734
484 1778 4518
485 1084 1498 1683 2869
486 626 2494 2661
487 2539 4342 4616
488 2088 2604 2922 3716
489 2502 2964 3053
490 2177 2182 3073
491
492 1401 1502 3037 3272 3528
493 4449
494 2040 3094
495 3041
496 2622 3483
497
498 1386 4438
499 586
500 3185 3976
501 747 1201 2267 4372
502 1403
503
504 1119
505 786 1471 3744
506 2429
507 905 971 1959 4174
508 1095 3469 3944
509
510 1009 1284 1316 2984 3936
511 3376
512
513 520 1315 1883
514 3310 4129
515 1349
516 1216 1634 3838
517 1053
518 580 2084 2171
519 992 2061 3711
520 3347
521 4455
522 1418 3521 3555
523 4231
524 1067 3879
525 2660 3603
526
527 684 1354 3445
528 3153 3632
529 3838
530 931 1460 2719 3249 3934
531
532 1383 4263
533 2885 4467
534 1232
535 3204
536 936 1566 3355 3656
537 1336 4264
538 4429
539
540 1230
541 1707 3976
542 1495 1681 2385 2853 4095
543 1668 3498
544 1585 2944
545
546 2958 3961
547 1725 4021 4523
548 3823
549
550 1289 2052 2204
551 2650 4611
552
553 3752
554
555
556 809 847
557 4258 4337
558 711 4225
559 1183 4184
560 737 884 3850
561 1370
562 1353 2877 3924
563 1165 2118
564 1638 2182
565 741 1390 1656 3872
566 661 1836 4270
567
568 938 1057 2138 2747
569
570
571 2282 4319 4452
572
573
574 3283
575 1541
576 3958
577 4306
578 1139 1306 1356
579 2511 2951
580
581
582 3337
583 4246
584
585
586 830 1639 2248
587 1905 2944 4677
588 1903
589 977 2268 2790
590 3409
591 2580
592 878 1069 3714 3769
593
594 1359
595 820 2544 2667
596 4122
597 2641
598 1098 3544
599 1629
600 692
601
602 1793
603 1453 1796 1889 4455
604 3150 3680
605 2112
606 4243
607 3494
608 616 1749 2257
609 1440 2898
610 4186
611 3366 4012
612 1160 1303 2770 2969
613 1335 4200
614 1475
615 750 1941 2964 4676
616 1965 2469
617
618 3127
619 2426
620 1485 4108
621 2878
622 945 3963
623 1852
624 1180 2272 3522 3774
625 1102 1203 1416 2768 2892 4253
626
627 1767 1993 4644
628 2238 4197
629 2780
630 4066 4431
631 787 3355
632 2594 4084 4110
633 1212 1707
634 678
635 1324
636 950
637 1212 1360 1500
638 4617
639 1848 3222
640 3039
641 4282
642 957 2955 3530
643 1526 3826
644 4686
645
646 4270 4405
647 2331 2679 2999
648 2376
649 1360
650
651 1504 2885 3261
652 3575 3708
653 2870
654
655 770 1310 4689
656 1112 4271
657 1194 2494
658 1261 3437
659 2607 4541
660 1947 4102
661 3426
662 2867 3792 3793
663 1814
664 3566
665
666 924 1837
667 1408
668 3052 3590 4443
669 2875
670 866 1345 2117
671 1127
672
673 688 2688
674 2032 2086 3646
675 951 1080 2835 3340
676 4307 4428
677 4446
678 1355 3554
679 4438
680 4632
681 3603 4349 4470
682 2962
683 1941 3167
684 1161 1756 1846
685 770
686
687 1341 1371
688 1248 1324 3299 4473
689
690 2794 3358
691 1701
692
693 1376 4491
694 3247 4446
695 1445 1725 2853
696 1982 2093 3193 3996 4099
697
698 1728 2776
699 764
700 1853 2538 2728
701 805 1466 3624 4464
702
703 1296 2502 3834
704 2911 4401
705 846 1032
706 1328 1754 3960
707 1784 2789
708 3449
709 3440 4084 4255
710 1032
711 1223 3553
712 2450
713
714 1733 3050 3547 3994
715
716
717 1685 4401
718 3541
719 3708
720
721 2128 2951
722 1260
723 2572
724 2273 3552
725
726 2180 2650 2966 3122
727 2432 3647 3776
728 1223 3649
729 2152 2502 3972
730 1227
731 1530 3348 3860
732 1717 1835
733 2916 4240
734 1668
735 2048
736 2280
737 827 969
738 836 1721 2404 3348 4209
739
740 941
741
742 1086 2519 4510
743 3610
744 2025 4482
745 1617
746 834 2198
747 2321 4329
748 4330
749
750 2498 3508
751 4230
752 2486 3427
753 2815
754
755 2145 2243
756 1503
757 2728 3017
758 943 2506 4381
759 1597
760 1737
761 2245 4176 4195
762 2291
763 1580 2468 3426
764 2831 4127 4409
765 4448
766 1063 1439 2608 3044 3824
767 1446
768 1602 2078
769 2324
770 1285 3973
771 1468 1913
772 3563
773
774 2711 3043
775 806 1457 4603
776 3825 3921
777 1654
778 1033 1799 3115
779 1285 3547
780 1300 2141 3144
781 1609 2130 2933 4101
782 794 4183
783 3049
784 4034
785
786 3411 3539
787 1062 1575
788 1759
789 852 1547 2915 3745 4207
790 1450 3118
791 2104 2192 3375
792 2205
793 3989
794 1380
795 1969
796
797 1097 3472
798 819 2116 2124 3660 4686
799 1285 3626
800 4230
801 1182 1417 2663 3083
802 981 1715 2087 3523
803 3925
804 1739 2414 4305
805
806 1353
807 1442 1885 3100
808
809 1167
810 2823 3450
811 845 2412 3455
812 1315
813 1507
814 2538
815 2327 3055
816 1779 3960
817
818
819
820 1434 1445
821
822
823 3922 4683
824
825 1248 2289 2923 4431
826 1051
827 1837 4579
828 2625 2727 3288 4109
829 924 1059 2472
830 2515
831
832 2005 2043
833 3257
834
835 1973 3175 3501 4165 4594
836 1451 3328
837
838
839 1167 2512 4057
840 1232 2686
841 3487 3635
842 3098
843 4475
844 1638 2322 3505 3884 4135 4136
845 869 1718 1918 2475 4273
846 3481
847 1239 1300 2701
848 1690 3656 4512
849 2926 3918
850
851 4485
852 1193 1244 3132
853 3439
854
855 3447
856 1829 2129 2254 4379 4672
857 2443 3816 4292
858 1197
859 1567
860 2455 4195
861 1555 2750 3576 3817
862
863 3403 3603 3982
864 1703 2304 2504 3501 4475
865 1769 2828 3605
866 956 1029 2464 4260
867 2852 2926 3830 4139
868 2715
869
870 3143
871 1704 2548 3502 3548
872 1942
873
874 3955
875 2194
876 3020
877
878 2313 4372
879 1002 1178 1991 2139 4390
880 4040
881 1243 1639 3547
882 2287 4548
883 1557 1640
884 2321 4315
885 1748
886 2974
887 1362 1435 1483 3603 3646
888 1819 2307 2715 4410
889 1515
890 1794 2257
891 2055 2891 3935
892 2633 3171
893 1767
894 2232
895 1023
896 3666 4006
897 1401
898 2751
899 2641 3718
900 2059 2786 3028 3256 3619
901 3521
902 2112 2289 3015
903 4636
904
905 3366
906 1028 1138
907 1390 1582 3346 4450
908
909 1525 1986
910 2655 4288
911 2459
912 1178 2749
913 1226
914 1398
915 2818 4473
916 1507 2370
917 4104
918 1843 2570 2581 2993 4547
919 2917
920 1498 1560 2915
921
922 2630 4474
923
924 2605
925 1535 3011 3802 4338
926 4103 4448
927 3145 3833
928 4583
929 4403
930
931
932 1974 2817
933 1883 2018 2831 4166
934
935 2275 3698
936 952 2242
937 1480 2400 3444
938 2978 3576 3714 3745
939 1588 1986 2859
940 2650 3846 3869
941 2855
942 1440 1467 1894
943 4495 4509 4513
944 3877
945 1308 3022
946
947 3132 3960
948 1230 3291 4654
949
950 1078 1209 1859 3168 3333
951 1492
952 1271
953 994 1197 1657 1866
954 2555 2877
955 3984
956 2829
957 4076
958
959 2763
960
961 1728
962 3357
963 2150 3337
964 2095 3947
965 2029 2486
966 2005 2439 2496
967 3991 4356
968 2944 3422 3699
969 1991 3695
970 4093
971 4239
972 1499 2072
973
974
975 1142 3488
976 2506
977
978 1777 4058
979
980 2433 2734
981 1460
982 1479
983 4203 4417
984 1707 2413 4208 4479
985
986 2145 2544
987
988 1485 1647 1978 2523 2594 4221
989 3688
990 1777
991 3890
992 1774 2332 3999
993
994 2278
995
996 2762 3741
997 1481 3202
998 1183 1499
999 4388
1000
1001 3972
1002 1666 2421 2569 4381
1003 1369
1004 2530
1005 4600
1006
1007 1277 2531 3465
1008 4526
1009 3148 3197
1010
1011 1397 1536
1012
1013
1014
1015 2188 3033
1016
1017 1875 2482 3557
1018 3265
1019
1020
1021
1022 2548 3013 3974
1023
1024 1355 3895 4572
1025
1026 2347 2599
1027 2158
1028 1730 3439 3561 4352
1029 2512 3372 3918
1030 1498 1616 2514 4526
1031 2893 3018
1032 3977
1033 3120
1034 1732
1035 3204
1036 1050 1907 3575
1037 1100 2178 2323 2418 4543
1038 1143
1039 2734 2970
1040 1374 3040 3706
1041
1042
1043 2722
1044 1139
1045
1046 1210
1047 2079 2390 3036 3530
1048 2927
1049
1050 2515 4530
1051 3419 3849
1052 2627
1053 4342
1054 1657 2495 3586
1055 2055
1056 2531
1057 1810 1865 3464 3943
1058 4361
1059 1980 3107 4106
1060 1771
1061 2224
1062 4182
1063 2017 4131
1064 2598
1065 3281
1066 2081 2644
1067 3943
1068 1547 2482
1069 2491 3268
1070
1071 2260 3549
1072 4409 4681
1073 1463 3214
1074 2668 3400
1075 2246 2428 2499 3230 4056
1076 2982
1077 3035 3506
1078 4270
1079 2279 2827
1080 4539
1081 1637 4031
1082 1668 1792
1083 3689
1084
1085 4239
1086 1450
1087 2549
1088 2323
1089 1382 1640 4604
1090 2528
1091 2433
1092 1646 2194
1093 1296 4066
1094 2791 4442
1095
1096 4576
1097 2647 3592
1098 1126 3297
1099 1392 3198
1100 4240
1101 1545
1102 3603 3751 3826 3999
1103 1436 2133 2400 2413
1104 2385 2799 3318
1105 1794
1106 1454 3200 3944 4487
1107 4151
1108 1356 2265
1109 4235
1110 1828 2655 3184
1111 2920 3067
1112 1182
1113 4255
1114 1755 2116
1115 1841 1918 1990 2803
1116 1751 2542 3426 4089
1117 1811
1118
1119
1120
1121 2044 2575 3468 4656
1122 3131
1123 1520 2456
1124 2019
1125
1126 3234 4324
1127 1334 3692
1128 2199
1129 3994
1130
1131 3327 3983
1132
1133
1134
1135 1359
1136
1137 2247 4608
1138 1382 1511
1139 4000 4324
1140
1141 3401 4280
1142 1325 2403
1143
1144
1145 3714 3904
1146 3833
1147 1853 1901 3686
1148 4229 4458
1149 2004 4247
1150
1151 3212 3561 4404
1152 2987
1153 4674
1154
1155 2802
1156 1887 2565 4549
1157
1158 1469 1874 2372
1159 1640
1160 2044 3521 3674
1161 3920 4554
1162 2570 4121
1163 2166 3230
1164
1165 1174
1166 1470
1167 1843 3382
1168
1169 1452 2795 3530 3968
1170
1171 2996
1172
1173 2360 3076 3947
1174
1175 3478
1176 1233 2701 3816
1177 2197
1178 1607 3639 4166
1179 2464 3568
1180 4599 4607
1181 4062 4314
1182 3446
1183 4138
1184 2759 3133 3675
1185 4061
1186 3528 4527
1187 2809
1188 1205 1925 3956
1189 4303
1190 1356 1678 2355 3702
1191 2131
1192 3388
1193 1924 2738 4384
1194 4061 4505
1195
1196 1673 3275 3679
1197 2701
1198 1600 2003 3109 3767 4093
1199 1556
1200 3475 4355
1201 2756
1202
1203 2250 4244
1204 2438 2525 2795
1205 2610 4558
1206 1254 2828 3196 4357
1207 3552
1208 3197 4498
1209
1210 3165 4651
1211 4253 4482
1212 2844 3586
1213 3024 4627
1214
1215 3810 4005
1216 2420
1217 4302 4539
1218
1219
1220 2110 3025
1221 3478 3718
1222 1954
1223 2845
1224
1225 2358
1226
1227
1228 2184
1229 1628 2792 3746
1230
1231 2515
1232 1888 4006
1233 2433 4660
1234 2449 3089
1235
1236 3914 4582
1237 1450 1866 2096 4479
1238 1508
1239
1240 1358 3374
1241 4630
1242 3189 3915 4329
1243 2923 4223
1244
1245 4396
1246 1313 3079
1247 2456 4446
1248 1538
1249 1516
1250 2599
1251 3240 4153
1252
1253 1752 1980 3743 3855
1254 3423 3654 4331
1255 3490 3777
1256 2893
1257 1505 3999
1258 2946
1259 1349 1486 3346
1260 4095
1261 3068
1262 2737 4201
1263
1264 2967
1265
1266 3740
1267 2077 3971 4141
1268
1269 3458
1270 2565 2722 3836 4218
1271 2291
1272 3606 3646 3857 4250
1273 2393
1274 1830
1275 2311 2638
1276 3672
1277 4178
1278 2487
1279 2129 3322
1280 2723 2745
1281 1459 2762
1282 2409 3538
1283 1963
1284
1285 1386 3533
1286 2208
1287 1582
1288 1750 1893 2031 4346
1289 2101
1290 2062
1291 3285
1292 1768 2508
1293 2748
1294 1456 2054 3631 4310 4540
1295
1296 4497
1297 1555
1298 3584
1299 1822 2817
1300 2474
1301 3611 4303
1302
1303 3619 4413
1304 1905 1929 2038
1305
1306
1307 1778
1308
1309 2265 3029
1310
1311
1312 1517
1313 4029 4341
1314 1606
1315
1316
1317
1318 3932
1319 3684
1320 2237 2381
1321
1322 1473 1756 3196 4565
1323 1805 2960
1324 4051
1325 1620 4333
1326
1327 1742
1328
1329
1330 3827
1331 4667
1332 1451 3429
1333 1667 1735
1334 3676
1335
1336 3449
1337
1338 2239 4594
1339 2725 3889
1340 3282
1341
1342 2334 3734
1343 2642
1344 3746
1345 4607
1346 2565 2819 3149
1347 2485 3196
1348
1349 3125
1350
1351 4193
1352 1604 2036
1353 1694 3351 4665
1354 1760 3259
1355 2405 4098
1356
1357 1426 1699 1919
1358
1359 3687
1360
1361
1362 3494
1363 1465
1364
1365 2837 3434
1366 1535 1538 2635
1367 1707 4035
1368
1369 1761 2634
1370 3551 3646
1371
1372 4113
1373 1739 2233
1374 3852 4636
1375 1482 1661
1376 1809
1377 2999
1378
1379 2512 3402
1380 1688 3955
1381 4151
1382 3677 3688
1383 2250 3030 4356
1384 1493 4629
1385 1395 2755 4110
1386
1387 4662
1388
1389 4134
1390 1694 1886
1391 2047 2286
1392 2049
1393 1797 2865 3191 3408
1394 4127
1395 2509
1396 2807 2941 4300
1397 1440 3055
1398 2141
1399 1713 3158
1400 1961 3008 3066 3120
1401
1402 4402
1403 1708
1404 3471 3826 4493
1405 1887 2625
1406 3531
1407 1821
1408 2402 2533
1409 3782 4620
1410 1660
1411 1825 2432
1412 1460 4611
1413 2985
1414 2435 4480
1415
1416 3346
1417
1418 2769 3916
1419
1420 4670
1421 1614 2472
1422 2591 4529
1423 2851 4496 4624
1424 1463 4044
1425
1426 1697 4214
1427 3157
1428
1429 1545 2840 3258
1430 1941 3069
1431
1432 2325 3803
1433
1434 1553 2183
1435 1537 2001 3356 3948 4114
1436
1437 3193 3415 3449 3678 4177
1438
1439
1440 2264
1441 3283 4516
1442
1443 1837 3242
1444 2137 4450
1445 4507
1446 1689 2207 2308 3143
1447 1905
1448
1449 2161 3455 3927
1450
1451
1452
1453 3863 4517
1454 1928
1455
1456 2015 3197
1457 1617 3269 3491
1458 2467 2688 3252
1459 3502
1460 1927 2421 4527
1461 2907 3121
1462
1463 2410 4034
1464 2079 2869
1465 2197
1466 2014
1467 4130 4648
1468 3918
1469
1470 2631
1471 3799
1472 3747
1473
1474 4205
1475 2087 2494 4287
1476 3943
1477
1478 3870
1479 1714
1480
1481 3553 3614
1482 3282
1483 3296 3753
1484 2721
1485 4583
1486 3789 4352 4379
1487
1488 2207 2945
1489 2943 3714
1490 2840 3680
1491 2359 2516
1492
1493 2264 4098
1494 2480 2922
1495 1724 1753
1496 2665
1497
1498 1530 1764
1499
1500 2503 4347 4684
1501 2122 3790
1502 1692 2727
1503 1798 4392
1504 1618 1721
1505
1506
1507
1508 2938
1509 2211
1510 1738 1988 3694 4445 4466
1511 3242 3934
1512
1513 1931
1514 3755
1515 2308 3823 4028
1516
1517 2021
1518 3740
1519 2225
1520
1521
1522
1523 1852 2518 2652
1524 4343
1525 2479 3269
1526 2874 3159 4599
1527 3343
1528 1806 3815
1529 2460
1530
1531 2495
1532
1533 2367
1534 1841 2713
1535 2337 4101
1536 3862
1537 2252
1538 1695
1539
1540
1541 2987
1542 2736 3157
1543 2385 3715 3850
1544 4291
1545 2196 3594
1546 2370 3726
1547
1548 3153 4065
1549 3117 3600
1550
1551
1552
1553 3605
1554
1555
1556
1557
1558 2304 4353
1559 3409 4099
1560 2757
1561 2508 2790 3472 4445
1562 2470
1563 4326 4449
1564 2020
1565 2684 2759 3227
1566 1567
1567 4313
1568 1583 3156 3347 4635
1569 1796 2141 2391 2718
1570 1922 3056
1571 2540 4090
1572 3967 4392
1573 2199 2508 3064
1574
1575 2711
1576
1577 1781 4079
1578
1579 2766 4664
1580 1583 3382 3425 3702
1581 3797
1582 2608 3442
1583 3414
1584
1585 2111 2461 2686 4458
1586 3044 3320 4477
1587
1588
1589 1875 3161
1590
1591 3963
1592 1841 2311
1593 3090
1594
1595 1606 3233 4687
1596 4085
1597
1598
1599 2194
1600 2360
1601 2327
1602 1812
1603 2350 3387
1604
1605 1882 2350 4093
1606 3493
1607
1608 2927 3489
1609
1610 2032 3161
1611 1681 3115 3474 3596
1612 2130 4223 4593
1613 2635 2949
1614 2071 2180
1615 2716
1616 3446
1617 3020 3993
1618
1619 3889
1620 2477
1621 3186
1622 3527
1623
1624 2970 4548
1625
1626 2942
1627 2731 3015 3626
1628
1629 3697 3803
1630 1943 2623 4670
1631 4531
1632 1913 3145
1633 1981 1987 3113
1634 2250 3774
1635 2628 4268
1636 3977 4455
1637 1946 2593
1638 2616 3783
1639
1640 1973 3333 3455
1641
1642 1758
1643 1885 2825 3007 3482 3867
1644
1645 2787
1646 4083
1647 1929 4152
1648 1780 3041 3805
1649 3920
1650 2834 3501 3538
1651 2125
1652 3868
1653 1886 3500
1654 2409
1655 2149 3518 4387
1656 2376 4330 4475
1657 3031 4641
1658 3462 4216 4655
1659 3504
1660 3818
1661
1662
1663 3628
1664 4002
1665 2528 2977
1666 2459 2822
1667
1668 2433 4301 4364
1669
1670 3465
1671
1672
1673 3306
1674
1675 4248
1676
1677 2670 3184
1678 2314 2513 2635 3284
1679 2600
1680 2289
1681 3994
1682 3267
1683 2394 3250
1684 3847
1685 2762
1686 3701
1687 1950 2651 3383
1688 3059 3821
1689
1690
1691 2911
1692 3349 4679
1693
1694 3004
1695 3468
1696 2818
1697
1698 4355 4475
1699 3724
1700 2193
1701 2622 3062
1702 2215 2893 3972
1703 3512
1704 3820
1705 2228 3354 3693
1706
1707 2556 4104
1708 2673 4255
1709
1710
1711 2371 2838 4626
1712 3553
1713 2109 3511
1714 2717
1715 3783
1716 1971 2892 3904 4575
1717 4523
1718
1719
1720 3253
1721 4418
1722
1723 2490 3347 3987
1724 2417
1725 2848
1726
1727 2532
1728 2077
1729 2451 3965
1730
1731
1732 3455 3694
1733 2227
1734 2188 2305 3457
1735
1736 3528
1737 2436
1738 2536
1739 2141
1740
1741 2048 4155
1742
1743
1744 2600
1745 1858
1746
1747 3920 4428
1748 2872 3407 3717
1749 1908 4429
1750 2116 4018
1751 3208 3413 3903
1752 2459 3009
1753 1968 3042 4287
1754 2742 4031
1755 4164
1756 2113
1757 3081
1758 2354
1759 1809
1760 3017 4517
1761 3442
1762
1763
1764
1765 2940
1766
1767 3815 4582
1768 4368
1769 3061
1770 1887
1771 4597
1772
1773 2891 4011
1774 3406
1775
1776
1777 3359
1778
1779 3776
1780 1911
1781
1782
1783 3312 4016
1784
1785
1786 3112
1787 3517 3562
1788 3275 4669
1789
1790
1791
1792 2518
1793
1794 2961
1795
1796 2387
1797 2718
1798 2835 3930
1799
1800
1801 1946
1802 3896
1803 2265
1804
1805 4312
1806 2231
1807
1808
1809 2244 2976 3029
1810
1811 2606 4295
1812 2912
1813 3892
1814
1815 3728
1816 3005
1817 2426 4241
1818
1819 2112 3035
1820 3994 4061
1821
1822 1971 3062
1823
1824
1825
1826 4351
1827
1828
1829 3219 3692 4556 4594
1830 2506
1831 1849
1832
1833
1834 2408 3057 3991
1835
1836 2947
1837
1838
1839
1840
1841 3992
1842 2461 2610
1843 2189
1844 2451 2685
1845 2630 3695 4568
1846
1847 2127
1848 2961 3568 4204
1849 2289 2946 3031 3812
1850 4272
1851 2529
1852
1853 4364
1854
1855
1856
1857 2394 3020
1858
1859 3747
1860 2537
1861 2145 3376 3842 4386
1862 2791 3388
1863 2386
1864
1865 3278
1866 2553
1867 2155 3728
1868 4087
1869 3636 3975
1870 3179
1871 2424
1872
1873
1874 3423
1875
1876 3741 3900
1877 1990 2993 3049 4501
1878 2557 2787
1879 2020
1880
1881
1882
1883
1884 2764
1885 4060
1886
1887 2934 3451 3817 4150 4267
1888 3320
1889 3544
1890 2603
1891 4240
1892 4351
1893
1894 3765
1895 3463 4089
1896 3720 3754
1897 2163 4083
1898
1899
1900 4477
1901 2295 3541
1902
1903 2557
1904 3535
1905 3516
1906 2240
1907 2030 2314 2751 4441
1908 2031
1909
1910
1911 3733
1912
1913 3032
1914
1915 4470
1916 2800
1917
1918
1919
1920 2383
1921
1922
1923 3103 3836
1924 2599 2762 3607
1925
1926 2206
1927 2634
1928 3938
1929 4367
1930 4564
1931
1932 3972
1933 2896 3849 3858 4148
1934
1935 4520
1936 2230
1937
1938
1939 3077
1940 4667
1941 2708 2835 3059 4138
1942
1943 4175 4236
1944
1945 2022 4277
1946
1947
1948 3513 4271 4294 4451
1949
1950
1951 2379
1952 3645 4436
1953 3392 3996
1954
1955 3697
1956
1957
1958 3022 3102
1959 2280 4481
1960 4102
1961 3364
1962 2540 3855
1963 3098 4690
1964 3570 4112 4222
1965 3913
1966 3927
1967
1968
1969 2346 2372
1970
1971 2292 3275
1972 2331
1973 2966 4468
1974 3489
1975 2240
1976 2372 3547 3717
1977
1978 3705
1979
1980
1981 2516 4301
1982 3009
1983 3546
1984 3210 3591
1985 4492
1986 3295
1987
1988 3980 4473
1989 3632 4312
1990 4059 4222
1991 2679
1992 2979
1993 4436
1994 2830
1995 4636
1996
1997 4254
1998 3643 3743
1999
2000
2001 2504
2002
2003 4639
2004 4633
2005 3974 4603
2006 3160
2007 3929
2008 3514
2009
2010 3163
2011 2025 2269 3090 4069
2012 2223 2576 3035 3296
2013 3541
2014 4099
2015 2989 3199
2016 3522
2017 2386 4408
2018
2019 2121 2499
2020 3637
2021 3547
2022 4064
2023
2024
2025
2026 3671
2027 2534 4168
2028
2029
2030
2031
2032
2033 2588 2764
2034 2541 3294
2035 2793
2036 2776
2037
2038 4346
2039 2825 4599
2040 2265 2308 4055 4399
2041 2124 3380
2042 2466 3303 3335
2043 2796 3179 4573
2044
2045 2356
2046 4407
2047 3477
2048 4065 4164
2049 3989 4522
2050
2051 2394
2052 2202 4099
2053
2054
2055 2347
2056 3529
2057
2058 4403
2059 3464
2060 3554 3675 3874 4241
2061 3488 4370 4616
2062 3612
2063 2702 3433 3827
2064 2653 3970
2065 2542 2983 3299 4104
2066 2351 4272
2067 2351
2068 4037 4310
2069 3460
2070
2071 3355
2072 2597 3405 3913
2073
2074 2557 2840
2075
2076 3811 4363
2077
2078
2079 3577
2080 2287 2874
2081 2383 3172 3275 3400 4612 4646
2082
2083
2084 3489
2085
2086
2087 2449 2646
2088 2166 3024 4087
2089
2090 2130 2804
2091 4426 4577
2092 3946
2093 2096 2851 4483
2094 4431
2095 3984 4112
2096 2341 2760
2097 3907
2098 3397 4377
2099 2332 3083
2100
2101
2102
2103
2104 2300 2910
2105 2902 3428
2106
2107 4047
2108
2109 2406 4258 4649
2110 4248 4261
2111 3531
2112 3355 4311 4628
2113 2227 3038
2114 4514
2115 4167
2116 2292
2117 3220
2118 2445
2119
2120 3172 3524
2121
2122 2896 4533
2123
2124 2250 2917 3089 4668
2125 3885
2126
2127 2382
2128 4380
2129 2736
2130 4121
2131
2132 2280 4474
2133
2134
2135 2412 2802 3084 4448 4475 4609 4626
2136
2137 3005 3749
2138
2139 3467 3574 4005
2140 4014
2141 2331 3925 3961
2142 2372
2143
2144
2145 3929 4466
2146 2382 2586 3545 4367
2147 2512
2148
2149 3990
2150 3861
2151 3456 4147 4630
2152 3698 3929
2153 2739 2799
2154
2155 2542 3046
2156 3279
2157
2158 2489 3831
2159 2592
2160 3560 3575
2161 4615
2162 3964
2163 3657 4297
2164
2165 4267
2166
2167 3321 3411
2168 2250
2169 4659
2170 2819
2171
2172 3147
2173 2585
2174
2175 2964
2176 3707 3760
2177 3266 3717
2178 2854 4072
2179 2405 2408
2180
2181
2182 3224
2183 2209 2293 3265
2184 4563
2185 2527
2186 2563 3376
2187 2357 3032
2188 4603
2189
2190
2191 2524 4183
2192 2904
2193 2535
2194
2195 2701 2714
2196 2281 2598
2197
2198
2199 2735
2200 2848 2967 3166 3838 4597
2201 2452 2856
2202 2329 4456
2203 3388
2204 3039 4213
2205 2662
2206
2207 3821
2208 2572 3051 4480
2209
2210 3504
2211 3289 3372 3464
2212 2853
2213
2214 3101 3684 4394
2215 2679 3970 4190
2216 2409 4475
2217 2431
2218
2219 4339 4682
2220 4687
2221
2222
2223 2273 4386
2224 4261
2225 2528
2226 2529 4416
2227 2712
2228 4027
2229 4656
2230 3432 3935 4676
2231
2232 3667 3831 3857
2233
2234 4058
2235 2348
2236 3676 4530
2237
2238 2322
2239 2852 3536
2240
2241 4371
2242 3293
2243 2972 3442 4645
2244
2245 4294
2246 2899 4591
2247 2654 3065 3770
2248 2722 4399
2249 2277 3101
2250 2332 3385
2251
2252 3677 4211
2253 2780 4271
2254 2540 4051
2255 2789
2256 2349 3568
2257 2427 4240
2258
2259 2268
2260 4553
2261 4370
2262
2263
2264 3990
2265 3679 3706 4232
2266 3645 4619
2267
2268
2269 3338 4060
2270 3913
2271
2272 4098
2273
2274
2275 3008 4511
2276 4330
2277 2625
2278 4054
2279
2280 3418 3781
2281 3411
2282 4608
2283
2284 2670
2285 2926
2286 3310
2287
2288
2289 2593 4610
2290 2560 3620
2291 3267
2292 4045
2293 3148 3726
2294
2295
2296 3529
2297 2555 4625
2298 2592 3540
2299
2300 2970
2301
2302 3844
2303
2304
2305 4026
2306 4224 4662
2307 3307
2308 3375
2309
2310
2311 2737 3643
2312 3484
2313 2850
2314 3348 4262 4540
2315 2413 4507
2316 3342
2317
2318
2319 2738
2320
2321
2322
2323 3308
2324 4290
2325 2707
2326 2782
2327
2328
2329
2330
2331 3085
2332
2333
2334 3110
2335
2336 3798
2337
2338 2764
2339 2859
2340 2862 4490
2341 3810 4276
2342
2343 3784 4033
2344 2894 3741
2345
2346 2598 4619
2347
2348 2375 4071
2349 3510
2350
2351
2352 3666 3746
2353 2843
2354
2355
2356 2656 4017 4547
2357 2549 2925 4056
2358 4020
2359 2437
2360 4481
2361
2362
2363
2364 3462
2365 4686
2366
2367
2368 2800
2369 2373 4393
2370 4534
2371 4240
2372 4639
2373 3597
2374 3717
2375
2376
2377 4513
2378 3992
2379 4457
2380 2657
2381
2382
2383
2384
2385 3244 3392 4095
2386 2739 3846 4329
2387 2513
2388 3100
2389
2390 2402 3597
2391
2392 3638
2393
2394 4298
2395 4195
2396
2397
2398 2562 2633 4460
2399
2400 3729 4213
2401 2544 4357
2402 3521
2403
2404
2405 2647
2406 4224
2407 3236 3694
2408 3231
2409 2494 3242 4185
2410 4047
2411
2412 4651
2413
2414 3088
2415
2416 3497
2417
2418 3925 4607
2419 3354
2420 2716
2421 4349
2422 3547 3693
2423 2515 3944 4426
2424
2425 3706
2426 3885
2427 3113
2428
2429
2430 3677 4494
2431
2432 4006
2433
2434 2506 2561
2435 3624
2436
2437
2438 2515 2911
2439 4657
2440
2441 3117
2442 3938
2443
2444 2840 4371
2445
2446 4242
2447 3223 3960
2448 3329
2449 2503 4443
2450 3221
2451 4142
2452 4154 4313
2453
2454 3935
2455 2946
2456 4597
2457
2458
2459
2460 3813
2461
2462 3081 4615
2463
2464
2465 4146
2466
2467 3991
2468 3124
2469 2765 2967 4070
2470
2471 2628
2472 2720 3592
2473
2474
2475
2476 2477
2477
2478
2479
2480 3225 4510 4520
2481
2482 4079 4188
2483
2484 4167
2485 4630
2486 2692 3885
2487 3426
2488
2489 3382
2490 2891
2491 3362 4531
2492 3238 3427
2493 3726 3730
2494
2495 4020
2496
2497 3097
2498 2756
2499 3757
2500
2501 3546
2502 4209
2503 3499
2504
2505 4404
2506 3448
2507
2508 2866 4207
2509 2578
2510 3963 4011
2511 2969
2512
2513
2514 3500
2515
2516 3405
2517 4401
2518 2737
2519 4082
2520
2521 4460
2522 3610 4432
2523 3055 3917
2524 4113
2525
2526 3785 4168
2527
2528 2880 3351
2529 2792
2530 3369
2531 3458
2532
2533 2725
2534
2535 3199 3558
2536
2537 3694 4647
2538
2539
2540 3044 3584 3741
2541 3542
2542
2543 3044
2544 4379
2545 2885 4394
2546 2931
2547
2548 2686 2950 3018
2549 2807 3649
2550 2993
2551 3392 3518
2552 2726
2553 2641
2554
2555 3500
2556 3299
2557
2558 3274
2559 3937 4239
2560 2938 3178
2561 3251
2562 4501
2563 3289
2564
2565 2593 2681 2735
2566
2567 4225
2568
2569
2570 2697 3176 3473
2571 4416
2572 2974
2573 3190
2574 3441 4080
2575
2576 3829
2577 4538
2578
2579 3771
2580
2581 3884
2582 3745
2583 2791 2912
2584 3860 4077
2585 2631
2586 3868
2587 3912
2588 4196 4313
2589 4060
2590 4006
2591 3825
2592 3407 3647
2593
2594
2595 2638
2596 2908 4451 4618
2597
2598 3395 4629
2599 3240 3876
2600
2601 3695
2602 2854 4184
2603 2805
2604 4005 4130
2605
2606
2607 2635 3517
2608 4503
2609 4318
2610
2611 4654
2612
2613 3520 4214 4667
2614 3423 3733 3999
2615 3856
2616 2640 4035
2617 2887
2618
2619
2620 2861 3953 4048
2621
2622 3388
2623
2624 3182
2625 4658
2626 3488
2627 2876
2628 4109
2629 2922 3669
2630
2631
2632
2633
2634 3282 3518
2635 3023 3389 3460 4606
2636
2637 2836 4264
2638 3731 3809
2639 2965
2640 3333
2641
2642 3073
2643
2644 3062
2645
2646
2647
2648 2729 2864 3194
2649
2650 3600
2651 3229
2652
2653
2654 4364
2655
2656
2657 3609
2658
2659 3848 4435
2660
2661
2662
2663 4339
2664
2665 3417
2666
2667 4176
2668
2669 3673
2670 3421 4501
2671 3840
2672
2673 3592 4520
2674
2675
2676 3415
2677
2678
2679 4337
2680 3575 3671
2681
2682 3607
2683
2684
2685 2765
2686 4506
2687 4064 4661
2688 4452
2689 3632 4088
2690
2691
2692 3277 3477
2693 3305
2694
2695 4476
2696 4126 4142
2697
2698 4016
2699
2700
2701
2702
2703 2810 4004
2704 3371 3760 4309
2705
2706 3513 3821
2707 3746
2708 3480 4406
2709
2710
2711 2866 3092
2712 3335 4206
2713 4464
2714
2715 4548
2716 3282
2717 4376 4632
2718 3220
2719
2720
2721
2722
2723 2841 3598
2724
2725 2808 4250
2726
2727
2728 3386
2729 3667
2730 3005
2731 4067
2732
2733
2734
2735
2736
2737
2738
2739 3761 4391
2740 4274
2741
2742
2743
2744
2745 3409 4642
2746
2747
2748
2749 2793 3695
2750
2751
2752
2753 4493
2754 2802 3189 3292 4690
2755 3350 4062
2756 3035 3781 4681
2757 3779
2758 2859
2759
2760 3283
2761
2762 3283 3695
2763 4568
2764
2765
2766
2767
2768
2769 2918
2770 4383
2771 3400
2772 3508
2773
2774
2775 4586
2776 2969 3186 4405
2777
2778
2779 4460
2780 2911
2781 3612
2782
2783
2784
2785 2808
2786
2787 3679
2788
2789
2790 3625
2791 3022 3187 4320
2792 3122 3564 3587
2793 3214 4234
2794 3560 4146 4282
2795 4054 4307
2796 4336
2797 2900
2798
2799
2800
2801 2974
2802 3469
2803 3290
2804
2805 3895
2806
2807 3044
2808
2809 3199 4040
2810
2811 3295
2812 3632 3796 4596
2813 3628
2814 4067
2815 3000 3198
2816 3022
2817
2818 3909 3949
2819
2820
2821 3133
2822 4040
2823
2824 2849 3224 4672
2825 3353
2826 3232 3481
2827 4285
2828
2829 2877 2972
2830
2831
2832 3089 3787
2833
2834 3071
2835
2836
2837
2838 3277 4279
2839
2840
2841 3100 3508
2842
2843 3016 3062
2844 3413
2845
2846
2847
2848 3728 4485
2849
2850
2851 3043
2852 3273 4369
2853 4197
2854
2855
2856 4442
2857
2858
2859 4094
2860 3834
2861 3149
2862
2863 3086
2864
2865 3915
2866
2867 4050
2868 4652
2869 4215
2870
2871
2872 3675 4039
2873
2874 3749
2875 3090 4541
2876
2877
2878
2879
2880 3245 3299
2881 2946 3728
2882
2883
2884 3383 3931 4285
2885 3626
2886
2887 3122
2888 3470
2889 4156
2890
2891 4619
2892
2893 4140
2894 4416
2895
2896 3144
2897 3593 3728
2898
2899
2900
2901 3963 4565
2902
2903 3002
2904 4676
2905
2906 2931
2907
2908
2909
2910 3208 3761 3961
2911
2912
2913 4588
2914
2915 3242 3989
2916
2917 3200
2918
2919 3009
2920 3520
2921 3657
2922
2923
2924
2925
2926
2927 4109
2928
2929 3709 4251
2930 4027
2931
2932 3722 3771
2933
2934
2935 3506
2936
2937
2938
2939
2940
2941 3760
2942 3127 3941
2943 3584 4186
2944
2945
2946
2947 3950
2948 3324
2949 3596
2950
2951 3319 4442
2952
2953
2954
2955
2956
2957
2958 3987
2959
2960
2961 4018
2962 4190 4208
2963 3111
2964
2965
2966
2967 3472 4388
2968
2969 4486
2970 3999
2971 3666
2972
2973
2974
2975 4003
2976
2977 3162
2978
2979 3972
2980 3568 3979
2981 4587
2982
2983 3224 3622
2984
2985
2986 3144 3574
2987
2988
2989 4413
2990 4689
2991 3333
2992 4446
2993
2994 4237
2995
2996 4078
2997 3301
2998
2999 4459
3000 3840 3849
3001 4104 4672
3002
3003
3004 3086
3005 3400
3006 4298
3007 3151
3008 4141 4427 4438
3009 4440
3010 3989
3011 3165 3798
3012 3783
3013 4339
3014
3015 4043
3016 3393
3017 4048
3018
3019
3020 3986 4303
3021
3022 4124
3023 3770 4276
3024 3734
3025
3026
3027
3028
3029
3030
3031 3109 3936
3032
3033
3034
3035
3036 3783
3037
3038
3039 3638
3040 3550
3041 3977
3042
3043 4364
3044
3045
3046
3047
3048
3049 3670
3050
3051 4143
3052
3053 3536
3054 3647 4667
3055
3056
3057 3198
3058 3798 4258
3059 3553
3060 3798
3061 4464
3062
3063
3064
3065
3066
3067
3068
3069 3435 3770 4278
3070 3739
3071 3192
3072 3531 3679
3073
3074 4401
3075 3229
3076 3457
3077 3714
3078
3079
3080 3133
3081 3376 3918 3952 3986
3082
3083
3084 3332 4319
3085
3086
3087
3088 4373
3089
3090
3091
3092
3093 3570 4184 4252
3094
3095
3096 3666
3097
3098 4145
3099
3100
3101
3102 4660
3103 3402 3587
3104
3105 3255
3106 4545 4596
3107
3108
3109 3280 3882
3110 3450 3903
3111 3849 4562
3112
3113
3114 3338
3115
3116
3117
3118
3119 3835
3120 3407
3121
3122 3650
3123 3356
3124 3653
3125 3240
3126
3127 4676
3128
3129
3130
3131
3132
3133 3291 3561 3903
3134 4365
3135 4116
3136
3137 3947
3138 3516 4344
3139 3648 4414
3140
3141
3142
3143 3624
3144
3145
3146
3147
3148 3934
3149 4248 4652
3150 4360
3151
3152
3153 3191 3681 4465
3154 4356
3155
3156 3539 4272 4588
3157
3158 4465
3159 4476
3160
3161 4308
3162
3163
3164 3587
3165 4396
3166 4646
3167 4032
3168
3169 4499
3170
3171 4372
3172 3668
3173 4605
3174 3627
3175
3176
3177
3178
3179 4332
3180
3181 4193
3182 3213
3183 3527 4070
3184 4086
3185
3186 3317
3187 3871 3897
3188
3189
3190
3191 3270
3192
3193 4440
3194
3195 3465
3196
3197
3198
3199
3200 4005 4374
3201
3202
3203
3204
3205
3206
3207
3208 4468
3209
3210 3274
3211
3212
3213 3629
3214 4010
3215 3498 4069
3216
3217 4623 4681
3218
3219
3220
3221
3222 3821
3223
3224
3225
3226 3344
3227
3228
3229 4440
3230 3526
3231
3232 3895
3233
3234 3950 4374
3235 3424 4036 4631
3236
3237 4612
3238
3239
3240 4452
3241 3780
3242
3243
3244 3813
3245
3246
3247
3248 3426
3249
3250 3757
3251
3252 3744
3253
3254
3255
3256
3257 3860
3258 4579 4688
3259
3260 3370
3261
3262
3263
3264 4069
3265
3266
3267
3268 3332 4210
3269 3561
3270
3271 3375 4316
3272 4398
3273
3274
3275 3305
3276 3362
3277 4508
3278
3279 3840
3280
3281
3282
3283 4511
3284 4492 4586
3285 3685 4599 4609
3286
3287 3501 3503
3288 3487
3289 3475 3579
3290
3291
3292
3293
3294
3295 3705
3296
3297 4665
3298
3299
3300 4586
3301 3849 4609
3302 3638 3995
3303 3470 4183
3304
3305
3306 3490 4041
3307
3308
3309 4620
3310
3311
3312
3313
3314
3315
3316 4591
3317
3318 4672
3319
3320 3754
3321
3322
3323 3998
3324
3325 4543
3326
3327
3328 3360 4358
3329
3330
3331
3332 3767 3893
3333
3334
3335
3336 3667
3337 4037
3338 3558
3339 3591
3340
3341
3342
3343
3344
3345 3534
3346
3347
3348
3349 3989
3350
3351 4429
3352 4017
3353 4097 4498
3354
3355
3356
3357
3358
3359
3360 4120
3361
3362
3363
3364
3365
3366
3367 4554
3368
3369
3370
3371
3372
3373
3374
3375 4580
3376
3377 4113 4428
3378
3379 4449
3380
3381 3772
3382 3840
3383 4169
3384 3491 4242
3385 3781 4626
3386 3643
3387 4320
3388 3527 4287
3389 3961 4479
3390
3391
3392
3393
3394 3665
3395 4259
3396
3397
3398 3654
3399
3400 4288
3401 3697 3917 4094
3402
3403
3404 3647 4359 4579
3405
3406 3850 4403
3407 4337
3408
3409 4055
3410
3411
3412
3413
3414
3415
3416 4046
3417 4063
3418
3419
3420
3421
3422
3423
3424
3425
3426 3887
3427 4493
3428
3429 3809
3430
3431
3432
3433
3434
3435 4496
3436 3469
3437 3645
3438 3663
3439 4350
3440
3441 4447 4502
3442
3443
3444 3897
3445
3446
3447 3549
3448
3449
3450
3451
3452
3453 3900
3454
3455
3456
3457 4294
3458 3862
3459 3980
3460
3461 3717
3462
3463
3464
3465
3466 3734
3467
3468 3716 4648
3469
3470
3471 3571
3472
3473
3474 4328
3475 4266
3476
3477
3478 4283 4557
3479
3480
3481 3766 4599
3482
3483 3952 4013 4120
3484 4040
3485
3486 3967
3487 4052
3488
3489
3490 4248
3491
3492
3493 3824
3494 4583
3495
3496 3937
3497 4466
3498
3499
3500 3920
3501
3502 4662
3503 3516 4488
3504
3505
3506 3693 4154
3507 4044
3508
3509 4088
3510
3511
3512 4361
3513 3995
3514
3515
3516 4465
3517
3518
3519
3520
3521 4260
3522 3984
3523
3524 4006 4614
3525 4434 4620
3526
3527 3633
3528
3529
3530 4236
3531
3532
3533
3534 4031
3535 4097
3536
3537
3538 3766
3539
3540 4050 4606
3541
3542
3543
3544
3545 4643
3546 4365 4603
3547 3641
3548
3549
3550
3551
3552 3701
3553 3557
3554
3555
3556 3932
3557
3558 3805
3559
3560 4114 4568
3561 3661 4312
3562
3563
3564 3949 4074
3565
3566
3567
3568
3569 3989
3570 4026
3571
3572
3573
3574 3632 4568
3575 4023
3576
3577
3578
3579
3580
3581
3582 4159
3583 4514
3584 4626
3585
3586
3587
3588
3589
3590
3591
3592 3930
3593 4225 4571
3594
3595
3596
3597
3598
3599
3600
3601 4196
3602
3603 4446
3604
3605
3606 4339
3607 4240
3608 4503
3609
3610
3611
3612 4559
3613
3614
3615
3616
3617
3618
3619 4498
3620
3621 4260
3622
3623
3624
3625
3626
3627
3628 4211
3629
3630 3698 4444
3631
3632
3633 4412 4508
3634
3635 4238
3636
3637
3638 4368
3639 3658
3640 4021
3641
3642 4177
3643
3644 4142 4531
3645
3646
3647
3648
3649
3650
3651
3652
3653 4166
3654 4313
3655
3656 4660
3657 4404
3658 4483
3659
3660 4002 4576
3661
3662
3663
3664
3665
3666 4412 4572
3667
3668 4599
3669
3670 4131 4239
3671 4286
3672
3673 3762
3674 3780 3992
3675
3676
3677
3678 3916
3679 4012
3680
3681
3682
3683 4056 4491
3684 3936 4401
3685
3686
3687 4247
3688
3689
3690
3691
3692
3693 3810
3694
3695
3696
3697
3698
3699
3700
3701 3735
3702
3703
3704
3705 4377
3706
3707
3708 3854
3709
3710
3711 3933
3712
3713
3714
3715
3716
3717 3726
3718 3860
3719 3802 4283
3720 4146
3721
3722
3723 3933
3724
3725
3726
3727 3974
3728
3729 4406
3730 3739
3731
3732
3733 3873 4195 4480
3734 4278
3735
3736 3988 4293
3737 3918 4582
3738 4200
3739
3740
3741
3742
3743
3744
3745 3944
3746 4489
3747
3748
3749
3750
3751 4095 4160
3752
3753
3754 4059
3755
3756
3757
3758
3759
3760
3761 4211 4587
3762
3763
3764
3765
3766
3767
3768 3919
3769
3770
3771 4445
3772
3773
3774
3775 4362
3776
3777
3778
3779 4073
3780 3888
3781
3782
3783
3784
3785
3786
3787 4133
3788
3789 4260 4306
3790
3791
3792
3793 4102 4482
3794
3795
3796
3797
3798
3799
3800
3801
3802
3803
3804
3805
3806 4445
3807
3808
3809
3810
3811 4459
3812
3813
3814 4559
3815
3816 4398
3817
3818 3962 4158
3819 4029
3820 4581 4592
3821
3822
3823
3824
3825
3826
3827 4519
3828
3829
3830
3831 4202
3832
3833
3834
3835
3836
3837
3838
3839
3840
3841 4068
3842
3843 4685
3844
3845
3846
3847 4502 4518
3848
3849
3850
3851
3852
3853
3854 3878
3855
3856
3857
3858
3859 4364
3860 4047
3861
3862
3863
3864
3865
3866
3867
3868
3869
3870
3871
3872
3873
3874 4081
3875
3876
3877 4216
3878
3879 4057
3880
3881
3882
3883
3884
3885 4075
3886
3887
3888
3889 4109 4641
3890 4690
3891 4339 4532
3892 4083
3893
3894 4452
3895
3896 4431
3897 4249
3898
3899
3900 4455
3901
3902 3940 4404
3903
3904 4383
3905
3906
3907
3908
3909
3910
3911
3912
3913 4574
3914 3943
3915
3916 4470
3917
3918
3919
3920
3921
3922
3923
3924
3925
3926
3927
3928
3929
3930
3931
3932
3933
3934
3935
3936
3937
3938 4115 4315
3939 4314
3940
3941
3942
3943 4064
3944
3945
3946 4507
3947
3948
3949
3950
3951
3952
3953
3954 4671
3955
3956
3957
3958
3959 4252
3960
3961
3962 4469 4596
3963 4563
3964
3965 4051
3966
3967 4167
3968
3969
3970
3971 3980
3972 4304 4669
3973 4245
3974
3975
3976
3977
3978
3979
3980
3981 4231
3982
3983
3984
3985
3986
3987
3988
3989
3990 4380
3991 3998
3992
3993
3994
3995
3996
3997 4355
3998
3999
4000
4001
4002
4003
4004
4005 4104 4366
4006 4391
4007
4008
4009 4384
4010
4011
4012
4013
4014 4654
4015
4016 4091
4017 4308
4018
4019 4155
4020 4563
4021
4022
4023
4024
4025
4026
4027
4028 4070
4029 4544
4030
4031
4032
4033 4111
4034
4035
4036 4255
4037 4260
4038 4061
4039
4040 4383
4041
4042
4043
4044 4186
4045
4046 4378
4047
4048
4049
4050
4051
4052 4587
4053
4054
4055 4585
4056 4344
4057
4058
4059
4060
4061 4594 4690
4062
4063
4064
4065 4410 4435
4066
4067
4068
4069
4070 4490
4071 4504
4072 4184
4073
4074
4075
4076
4077 4373
4078
4079
4080
4081
4082
4083
4084
4085
4086
4087 4564 4688
4088
4089 4128
4090
4091
4092 4635
4093
4094
4095
4096
4097 4200
4098
4099
4100
4101
4102
4103 4282 4475
4104
4105
4106
4107 4453
4108
4109
4110
4111
4112
4113
4114
4115
4116
4117 4359 4590
4118
4119
4120
4121
4122
4123
4124
4125 4268 4476
4126
4127
4128
4129
4130
4131 4594
4132
4133
4134 4417 4561
4135
4136
4137
4138
4139 4291
4140
4141
4142 4525
4143 4221
4144
4145
4146
4147
4148
4149
4150
4151
4152
4153
4154
4155
4156
4157
4158
4159
4160
4161
4162
4163
4164
4165
4166
4167
4168
4169
4170
4171
4172
4173 4517
4174
4175
4176
4177
4178
4179 4252
4180 4202 4511
4181
4182 4586
4183
4184
4185
4186
4187
4188
4189
4190
4191
4192
4193
4194 4560
4195
4196
4197
4198
4199 4504
4200
4201
4202 4472
4203
4204
4205
4206
4207
4208
4209
4210 4441
4211
4212
4213
4214
4215
4216 4624
4217
4218
4219
4220
4221
4222
4223 4234 4683
4224
4225
4226
4227
4228
4229
4230
4231
4232
4233
4234
4235 4353
4236
4237
4238
4239
4240 4276
4241
4242
4243
4244
4245
4246 4339
4247
4248
4249
4250
4251
4252
4253
4254
4255
4256
4257
4258
4259
4260 4569
4261
4262
4263 4616
4264
4265
4266
4267
4268 4429 4685
4269
4270 4563
4271
4272
4273
4274 4528
4275
4276
4277
4278
4279
4280 4558
4281
4282
4283 4307
4284
4285
4286
4287
4288
4289
4290
4291
4292
4293
4294
4295
4296
4297
4298
4299
4300
4301
4302
4303
4304
4305
4306
4307
4308
4309
4310
4311
4312
4313
4314
4315 4680
4316
4317 4349
4318 4481
4319
4320
4321
4322
4323
4324
4325
4326 4359
4327
4328
4329
4330
4331
4332 4619
4333
4334
4335 4608
4336
4337
4338
4339
4340
4341 4631
4342
4343
4344
4345
4346
4347
4348
4349
4350
4351
4352
4353
4354
4355
4356
4357
4358
4359
4360
4361
4362
4363 4643
4364
4365
4366
4367
4368
4369
4370
4371
4372
4373
4374
4375
4376
4377
4378
4379
4380
4381
4382
4383
4384
4385
4386
4387
4388 4627
4389
4390
4391 4526
4392
4393
4394
4395
4396
4397
4398
4399
4400
4401
4402
4403
4404
4405
4406
4407
4408
4409 4444
4410
4411
4412
4413
4414
4415
4416
4417
4418
4419
4420
4421
4422
4423
4424
4425
4426
4427
4428
4429
4430
4431
4432
4433
4434
4435
4436
4437
4438
4439 4486
4440
4441 4572
4442
4443
4444
4445
4446
4447
4448
4449
4450
4451 4683
4452
4453
4454 4631
4455 4504
4456
4457
4458 4612
4459
4460
4461
4462
4463
4464 4545
4465
4466
4467
4468
4469 4599
4470
4471
4472
4473
4474
4475 4500
4476
4477
4478 4585
4479
4480 4574
4481
4482
4483
4484
4485
4486
4487
4488 4672
4489 4583
4490
4491
4492
4493
4494 4526
4495
4496
4497
4498
4499
4500
4501 4644
4502
4503
4504
4505
4506
4507
4508 4684
4509
4510
4511
4512
4513
4514
4515
4516
4517
4518
4519
4520
4521
4522
4523
4524
4525
4526
4527
4528
4529
4530
4531
4532
4533 4683
4534
4535
4536
4537
4538
4539
4540
4541
4542
4543
4544
4545
4546
4547
4548
4549
4550
4551
4552
4553
4554
4555
4556
4557
4558
4559
4560
4561
4562
4563
4564
4565 4669
4566
4567
4568
4569
4570
4571
4572
4573
4574
4575
4576
4577
4578
4579
4580
4581
4582
4583
4584
4585
4586
4587
4588
4589
4590
4591
4592
4593
4594
4595
4596
4597 4672
4598
4599
4600
4601
4602
4603
4604 4673
4605
4606
4607
4608
4609
4610
4611
4612
4613
4614
4615
4616
4617
4618
4619
4620
4621
4622
4623
4624
4625
4626
4627
4628
4629
4630
4631
4632
4633
4634
4635
4636
4637
4638 4659
4639
4640
4641
4642
4643
4644
4645
4646
4647
4648
4649
4650
4651
4652
4653
4654
4655
4656
4657
4658
4659
4660
4661
4662
4663
4664
4665
4666
4667
4668
4669
4670
4671
4672
4673
4674
4675
4676
4677
4678
4679
4680
4681
4682
4683
4684
4685
4686
4687
4688
4689
4690
