#/opt/homebrew/Caskroom/miniconda/base/envs/hack25/lib/python3.12/site-packages/ipykernel_launcher.py --f=/Users/jpinney/Library/Jupyter/runtime/kernel-v352576b36ed274793969b57d69d8306c9df606370.json
# GMT Sun Jul 20 12:23:30 2025
# 
0 15 115 379 453 692 827 995 1173 1451 1487 1540 1571 1934
1 360 704 728 866 1177 1513 1582 1886
2 253 469 658 1150 1224 1305 1485 1900
3 287 311 451 969 1064 1178 1288 1849 1893
4 8 258 466 793 845 1076 1138 1308 1391 1607 1620 1860
5 419 575 621 845 962 1054 1277 1604 1689 1748
6 45 327 448 831 846 1146 1527 1556 1762 1891 1930
7 219 369 946 988 1051
8 326 955 1027 1052 1192 1360 1766
9 61 249 260 465 659 910 1371 1867
10 66 260 318 524 557 616 937 1046 1343 1379 1422 1450 1609 1793
11 553 872 1018 1032 1396 1606 1744
12 460 496 565 696 758 1159 1237 1245 1290 1393
13 149 161 311 388 412 638 818 1231 1498 1516 1699 1946
14 44 155 307 349 567 876 1091 1179 1251 1494 1681 1901
15 201 341 638 643 1111 1201 1604 1681 1701 1795
16 102 104 196 246 508 513 563 636 679 893 1105 1324 1625 1665 1692 1898 1944
17 24 83 131 289 298 514 1094 1213 1239 1327 1387 1584 1627 1838 1871
18 703 843 846 901 1029 1095 1556 1740
19 20 46 54 230 266 795 832 997 1226 1403 1510 1832
20 188 373 853 855 907 992 1301 1319 1574 1628 1882
21 176 332 507 789 1396 1601 1725
22 209 295 492 572 1101 1105 1224 1480 1750 1868
23 662 1530 1622 1702 1869
24 138 152 305 801 1110 1177 1304 1773 1932
25 366 883 1067 1282 1881
26 202 584 1183 1225 1296 1919
27 282 741 903 1213 1282 1363 1573 1596
28 103 249 1199 1476 1686 1836
29 123 362 563 739 1080 1251 1553 1591 1905 1940
30 218 1043 1182 1198 1381 1651 1701 1907
31 328 355 414 425 682 785 870 1130 1198 1219 1599
32 626 927 1049 1759
33 48 317 404 492 573 821 1609 1836 1922
34 185 791 1211 1261 1308 1406
35 451 996 1012 1564 1588 1839 1900
36 41 144 196 459 988 1155
37 166 379 616 648
38 330 668 801 814 881 884 1595 1646 1672 1887
39 565 820 922 1285 1422 1740 1809 1818 1938 1939
40 69 298 488 730 987 1063 1223
41 1036 1046 1202 1519 1680
42 407 558 688 711 735 991 1557 1861 1871 1895 1918
43 64 180 292 401 457 629 693 889 1213 1659 1779 1950
44 50 52 183 527 582 1038 1126 1236 1297 1393 1418 1501 1590 1722
45 154 310 798 1393 1394 1595 1712
46 536 731 896 975 1020 1365 1413 1471 1652 1798 1934
47 64 65 880 899 981 1367 1425 1436 1539 1730 1784 1881
48 204 550 642 680 725 1260 1459 1654
49 643 646 739 994 1061 1328 1549 1699
50 410 449 451 617 773 848 1586
51 177 414 854 887 920 1340 1652 1713
52 141 247 369 662 710 966 971 1301 1360 1485 1713 1831 1839
53 316 342 372 480 577 1092 1229 1344 1572 1781
54 314 669 693 1097 1141 1381 1743 1886
55 125 240 258 485 497 1009 1085 1284 1442 1447 1524
56 240 881 1055 1466 1723
57 422 1017 1299 1529
58 265 490 535 962 1130
59 218 340 525 659 674 846 943 963
60 73 227 366 429 1085 1254 1298 1324 1621 1644 1806
61 92 578 602 673 914 1071 1514 1525 1653 1796 1817
62 800 876 1075 1217 1316 1655 1875
63 154 172 218 296 463 527 598 805 961 1141 1397
64 267 349 430 1353 1762
65 139 419 705 833 1291 1317 1352 1851
66 150 626 669 1065 1123 1602 1813 1822
67 114 948 1417 1420 1726 1767
68 232
69 197 202 433 623 776 982 1389 1802 1949
70 102 288 299 396 407 478 794 1101 1187 1555 1626 1780
71 647 819 830 1049 1395 1411 1582 1847
72 111 200 617 802 907 1146 1154 1220 1436 1701
73 501 814 854 875 1004 1474 1578 1769
74 461 468 678 996 1075 1556 1723
75 80 351 613 1029 1488 1497 1559 1579 1907
76 387 496 653 770 827 868 951 953 1486
77 449 538 595 821 873 887 1200 1473 1573 1712 1913 1915 1947
78 140 177 228 276 540 677 799
79 230 521 985 1140 1305 1372 1443 1653 1672 1802
80 146 209 253 419 523 632 1043 1290 1350 1359 1650 1869
81 222 229 1368 1649 1812
82 205 255 462 1084 1748 1854
83 96 101 170 373 444 573 598 640 1330 1438 1511 1570
84 105 183 450 455 936 1008 1172 1465 1509 1751 1919
85 103 207 942 947 1253 1255 1474 1656
86 318 502 535 704 722 901 1047 1059 1550
87 197 678 1522 1716
88 456 605 753 838 1128 1300 1367 1497 1531 1793 1920
89 579 731 828 868 996 1240 1409 1470 1555 1589
90 560 685 723 880 1202 1364 1433 1449
91 628 729 872 1060 1255 1320 1478 1632 1893
92 156 244 269 392 426 739 948 1377
93 100 158 798 823 944 1004 1143 1272 1471 1473
94 252 1113 1177 1382 1806
95 153 338 372 472 485 891 1525 1528 1539 1670 1843
96 181 490 497 636 650 781 887 1056 1511 1551 1665 1914
97 144 151 661 844 907 1397 1654
98 167 810 1833
99 178 223 457 807 825 1131 1421 1817 1905
100 566 890 1168 1275 1433 1885 1918
101 181 255 447 823 1157 1172 1198 1300 1713 1742 1770
102 351 402 469 475 571 815 1028 1217 1303 1696 1831 1903
103 254 404 550 790 819 870 961 1043 1112 1179 1180 1248 1538 1575 1650 1786
104 389 866 1039 1170 1198 1424
105 267 898 904 920 974 1575
106 722 725 980 1236 1677 1836
107 491 1011 1430 1723 1735
108 189 297 424 780 800 937 1029 1326 1569 1644 1830
109 138 254 321 672 932 1023 1124 1858
110 374 453 1124 1317 1604 1613 1693 1795 1875 1895
111 579 829 847 1332 1370 1464 1496 1577 1831 1868 1898
112 131 518 564 645 838 1661
113 147 442 1084 1228 1350 1450 1529 1600 1700
114 343 578 600 731 762 1107 1227 1361 1863 1931
115 574 728 1342
116 151 159 419 442 801 1082 1342 1613 1835 1924
117 938 1162 1203 1379 1716 1838 1870 1930
118 452 535 898 1408
119 249 896 1113 1231 1348 1506 1729 1864
120 122 152 185 223 266 424 858 1640 1698
121 308 347 662 762 1229 1292 1450 1543 1615 1685 1744 1798 1856
122 306 582 690 951 1138 1471 1533 1573 1831
123 625 935 1027 1029 1089 1765 1807
124 335 390 887 1106 1210 1230 1623 1675
125 311 371 531 557 616 785 1079 1668
126 127 156 420 539 811 813 847 876 1650 1692 1699
127 224 304 431 1159 1394
128 279 641 732 755 1035 1158 1506 1704 1740 1889
129 206 722 741 1571
130 670 731 1171 1287 1362 1474 1624
131 149 290 342 453 1211 1565 1652 1827 1829 1904
132 852 925 1440 1488 1703
133 377 500 576 790 926 1120 1121 1389 1520 1528 1531 1584 1767
134 390 453 639 755 1133 1188 1277 1297 1560 1818
135 258 882 1044 1469 1503 1531 1673 1751 1817
136 159 335 717 731 1071 1169 1209 1555 1579 1635
137 235 318 374 457 508 551 650 675 1271 1391 1556 1646 1888
138 233 738 814 1278 1453 1455 1551 1640 1827
139 226 232 583 616 663 884 1088 1377 1783 1939
140 381 383 438 457 773 822 855 912 1536 1913
141 509 527 565 1363 1692 1706 1898
142 593 685 878 1641 1654 1687 1856
143 412 781 992 1440 1491 1766
144 240 442 602 733 1298 1405 1438
145 282 307 814 943 950 1069 1506 1875
146 407 675 1758
147 236 239 630 743 1381 1458
148 168 178 307 412 502 528 1241 1262 1280 1514
149 219 607 1001 1164 1350 1366 1421 1451 1499
150 509 690 1012 1090 1250 1577 1638 1762 1778 1886
151 222 249 447 477 567 613 871 1048 1143 1378 1543 1880
152 225 234 423 449 740 810 864 1052 1111 1226 1328 1505 1868
153 494 501 732 1048 1124 1376 1412 1593 1804
154 313 369 776 928 942 1211 1704
155 185 247 422 810 982 1036 1407 1617
156 241 296 468 956 1319 1325 1625 1677 1696 1795 1837 1934
157 180 342 479 483 500 590 808 1211 1382 1407 1457 1693
158 639 774 1069 1124 1134 1204 1238 1292 1618 1895
159 496 569 577 976 1119 1276 1555 1607 1911
160 186 518 753 919 955 1222 1260 1457 1466 1542 1556 1780 1929
161 527 580 1043 1571 1746 1880
162 584 607 1553 1845
163 464 792 1182 1199 1219 1340 1396 1576 1607
164 218 228 333 350 391 414 620 730 775 1197 1221 1434 1825 1893
165 313 314 370 456 508 817 925 930 1083 1190 1251 1302 1337 1675 1735
166 375 665 831 1744 1771
167 284 505 739 948 1925
168 212 256 411 521 593 757 1352 1862 1878
169 394 840 890 1243 1413 1525
170 244 393 428 512 896 958 1008 1368 1562 1620 1635 1838 1915
171 196 514 519 598 651 704 707 729 1247 1277 1330 1453 1507 1510
172 290 638 726 902 964 1042 1217 1287 1738 1767 1928
173 184 290 522 687 753 796 800 806 946 1225 1261 1690
174 335 348 366 726 860 892 1211 1283 1482 1493 1617 1880 1930
175 271 323 507 634 967 1235 1379 1671 1692 1803
176 415 819 1084 1085 1206 1222 1264 1291 1849
177 283 787 1074 1160 1229
178 337 447 597 787 882 999
179 190 613 690 780 839 865 923 1466
180 486 640 883 1256 1305 1651 1677 1683 1794 1801
181 451 506 709 1153 1480 1556 1679 1823
182 666 816 1710
183 371 455 501 1165 1552
184 215 849 1038 1135 1182 1308 1548 1549 1656 1832 1940
185 220 332 429 954 1208 1328 1681
186 391 501 720 799 887 1217 1707 1784
187 341 471 608 889 931 1056 1263 1313 1371 1631 1844
188 520 1023 1119 1231 1298 1463 1793 1843
189 207 302 320 453 541 644 786 853 895 1118 1231 1279 1611 1621 1650
190 284 399 621 992 1054 1215 1316 1352 1373 1387 1692 1934
191 211 300 668 913 1154 1194 1303 1488 1647 1885 1925
192 864 1101 1631 1741
193 435 748 875 1009 1244 1261 1388 1428 1443
194 423 706 1179 1636 1844 1845 1868
195 342 745 1007 1043 1408 1480 1682 1858 1866 1885
196 1114 1300 1483 1538 1821
197 247 289 386 545 797 829 856 911 1181 1506 1614
198 266 767 865 972 1002 1003 1295 1500 1630 1690 1851
199 215 1450
200 251 330 823 864 988 1029 1665 1754 1841
201 547 655 862 954 987 1020 1024 1073 1119 1443 1457 1496 1497 1526
202 391 558 683 695 795 953 1154 1569 1684 1848
203 311 366 531 592 614 845 1117 1227 1545 1664 1791 1940
204 498 518 585 1089 1112 1203 1417 1448 1564 1723
205 265 475 770 1124 1161 1511 1646 1782 1835
206 554 734 867 923 1127 1286 1528 1786 1827 1905
207 291 371 798 1096 1160 1277 1332 1600
208 461 637 777 1019 1128 1189 1217 1537 1647 1913
209 250 550 572 788 1109 1385 1863
210 288 359 932 1221 1318 1377 1390 1607 1626 1693 1851 1868
211 266 415 566 731 800 818 851 921 1477
212 396 437 567 587 656 671 692 701 766 1281 1408
213 330 426 604 618 772 1466
214 473 1780
215 245 432 627 701 883 1025 1369 1813
216 326 340 574 593 1239 1340 1383 1682
217 411 874 1031 1187 1240 1313 1661
218 603 681 779 847 1054 1201 1589 1615
219 303 569 631 1863
220 240 367 566 641 749 952 1077 1552 1796
221 489 561 585 764 1320 1814 1834 1934 1937
222 394 464 477 521 601 622 910 1005 1425 1801
223 438 746 1228 1294 1420 1759 1786
224 438 711 826 831 883 1134 1205 1659 1723 1944
225 466 974 1160 1475 1523 1544
226 967 1137 1361 1389 1456 1851
227 738 823 844 1365 1812
228 1075 1157 1177 1278 1299 1356 1621 1652 1671 1708
229 304 501 915 994 1769
230 390 566 680 799 805 1628 1762
231 667 687 1102 1361 1637 1811 1851 1919
232 290 611 969 1323 1406 1475 1543 1848
233 591 1169 1307 1318 1381 1509 1619
234 881 1334 1430 1452
235 635 826 952 995 1088 1173 1293 1533 1591 1697 1931
236 300 504 536 1432 1520 1530 1846
237 478 543 545 614 1471 1753 1774 1874 1901
238 383 421 567 739 786 836 1131 1191 1568
239 445 1139 1209 1566 1724 1864
240 506 584 760 1013 1457
241 270 522 951 1472
242 1332 1571 1595 1687 1896
243 509 759 876 1358 1463 1747 1810 1916
244 396 411 442 638 793 1020 1178 1487 1498 1507 1748 1898
245 364 570 605 1005 1099 1173 1590
246 367 527 559 874 1113 1291 1549 1681 1696
247 256 623 786 1021 1134 1485 1687
248 959 966 1241 1521 1893 1896
249 271 464 477 590 796 1038 1265 1525 1566 1619
250 351 472 612 672 1418 1475 1653
251 370 642 666 701 746 771 996 1082 1354 1487 1654
252 256 565 699 896 1276 1834
253 417 635 679 1249
254 966
255 731 1064 1250 1427 1675 1739
256 619 1020 1665 1770
257 319 394 447 565 862 919 1223 1258 1311 1359 1950
258 512 723 861 920 969 1790
259 638 739 880 1095 1103 1228 1456 1788 1895
260 311 423 449 635 644 1561 1729 1766
261 397 415 511 777 851 1405 1561 1613 1683 1749 1894
262 301 306 448 572 638 888 893 1277 1326 1359 1536 1603
263 398 633 719 818 975 1027 1199 1428 1456 1655 1741 1866
264 388 594 787 845 886 934 1056 1692 1888
265 361 853 1753 1872 1922
266 386 560 780 1017 1715
267 487 751 1394 1739 1894 1950
268 348 786 1596
269 420 432 582 682 1261 1369 1943
270 696 788 997 999 1289 1303 1370 1463 1465 1519 1753 1754 1798 1814
271 853 1376 1621
272 305 310 384 479 1143 1479 1655 1668 1771 1796 1883 1912
273 276 566 768 956 966 1209 1237 1378 1666
274 289 354 383 454 768 935 971 1062 1568 1637 1748 1766
275 416 438 750 866 1175 1232
276 492 718 1710 1729 1751 1816
277 314 337 672 683 768 773 777 789 820 1407 1772 1773
278 369 512 601 660 835 938 1133 1608
279 662 686 775 1063 1126 1630
280 513 536 908 959 960 1020 1061 1362 1379 1674 1704 1849
281 326 632 692 1004 1006 1117 1211 1349 1463 1520 1861
282 669 1268
283 620 964 966 974 1255 1427 1486 1520 1621 1746 1945
284 301 458 527 825 1416 1690 1841 1931
285 556 627 911 943 984 1391 1471
286 294 449 703 757 823 1079 1312 1878
287 725 835 854 1027 1056 1428 1682 1853 1873 1943
288 310 543 640 670 803 1524 1640 1677 1678
289 395 564 999 1018 1110 1199 1208 1381 1438 1454 1803
290 321 617 629 1170 1432
291 377 500 515 794 811 894 1178 1666 1693 1722 1725
292 584 602 1325 1448 1449 1603 1792 1832 1886
293 367 861 881 904 1039 1087 1161 1358 1370 1641
294 324 421 441 471 535 634 845 877 881 1079 1176 1228
295 433 793 823 936 955 1146 1164 1722
296 303 1047 1094 1142 1560 1915
297 692 798 885 953 1066 1328 1350 1936
298 348 438 784 802 1074 1135 1436 1669
299 395 452 466 641 880 1111 1329 1375 1531 1539 1645 1709 1921
300 395 478 512 566 653 875 1170 1556 1881
301 701 892 1133 1384 1513 1528 1798 1803
302 607 800 1414 1502 1697 1923
303 318 592 935 1213 1466 1557 1667
304 719 1255 1903
305 306 491 1620 1804 1822
306 734 987 1250 1575 1754
307 460 556 620 1031 1296 1799 1911
308 404 545 573 612 967 1119 1181 1302 1352 1385
309 310 326 383 841 957 1152 1270 1356 1626 1942
310 344 490 600 949 980 1065 1114 1126 1325 1343 1775
311 704 936 1568
312 397 536 563 913 921 934 1008 1430 1449 1460
313 409 529 811 1036 1192 1299 1316 1432 1706
314 677 680 801 863 888 1105 1154 1216 1764 1772
315 431 516 764 1123 1277 1477 1536 1693
316 458 760 1337 1358 1487 1521 1607 1842
317 717 818 972 1201 1241 1604 1701 1726 1947
318 609 696 800 1292 1611 1831 1896
319 919 1013 1368 1686 1698 1934
320 332 343 584 907 1299 1367
321 497 1050 1302 1548 1798 1947
322 575 630 734 783 867 1113 1192 1376 1552 1695 1716 1781 1801 1821
323 365 524 842 1105 1208 1527 1811 1883
324 361 461 1441
325 378 427 478 663 946 1006 1109 1111 1264 1739 1925
326 932 1473 1714 1719 1725 1827
327 458 658 816 1006 1102 1338 1530 1561 1720
328 373 716 1211 1850
329 361 482 567 569 594 619 647 668 708 802 962 1114 1203 1553 1646 1773 1928
330 802 871 1070 1126 1449 1459 1700 1735 1911
331 842 906 1632 1760 1776 1845
332 765 812 1087 1188 1397 1499 1685 1894 1944
333 523 883 1224 1319 1904 1946
334 347 366 446 463 719 1158 1319 1320 1863 1906
335 498 663 1010 1219 1558
336 416 744 1051 1142 1413
337 370 403 470 528 768 1047 1223 1350 1537 1626
338 427 464 800 1156 1159 1400 1489
339 418 892 910 1074 1405 1472 1474 1508 1838
340 415 931 1050 1174 1185 1207 1380 1542 1783 1851 1926 1938
341 557 1094 1136 1948
342 595 731 874 1078 1205 1262 1544 1603
343 615 807 1091 1122 1145 1258 1275 1364 1372 1654
344 433 487 789 827 1011 1262 1412 1427 1512
345 1254 1448 1746
346 1317 1700 1850
347 902 1709 1851
348 814 839 924 1217 1494 1572 1682 1856
349 658 768 922 1676
350 943 1073 1446 1496 1543 1740 1838
351 374 519 640 645 650 743 817 1091 1495 1540 1675
352 770 786 980 1469 1869 1936
353 728 1339 1471 1531 1621 1832
354 371 448 495 640 776 848 859 1377
355 472 785 1156 1197 1221 1260 1705
356 424 467 619 999 1003 1063 1567 1649 1699
357 419 441 458 1203 1416 1945
358 421 624 671 885 1004 1151 1216 1762 1837
359 558 608 663 668 852 987 1022 1052 1069 1132 1148 1489 1528 1648 1671 1699 1886 1905
360 382 571 654 774 855 1003 1405 1616 1713 1734
361 885 1358 1539 1551 1804 1890 1911 1930
362 471 626 880 916 1048 1288 1330 1548 1705 1729 1783 1948
363 707 1381 1919
364 472 474 581 639 947 1033 1087 1324 1477 1736
365 687 763 1469 1814
366 391 591 722 873 925 1315 1574
367 472 809 1750
368 674 698 1054 1095 1197 1287 1429
369 573 813 998 1117 1235 1435 1746 1841 1848
370 578 680 711 743 1063 1229 1236 1899
371 932 1506 1527 1835 1843
372 493 501 862 1758
373 638 650 856 935 973 1038 1325 1339 1604 1657 1811
374 643 671 825 1056 1193 1352 1358 1412 1585
375 746 1350 1856
376 655 715 725 1078 1163 1274 1283
377 534 764 831 1309 1386 1580 1726 1766 1792 1911
378 454 694 699 720 758 841 1192 1252 1268 1471 1529
379 880 966 1074 1425 1541 1638 1746 1833
380 551 890 959 1125 1627 1880
381 776 1009 1030 1101 1235 1361
382 460 738 935 988 1174 1226 1247 1408 1472 1507 1641
383 389 543 591 682 823 1523
384 1375 1569
385 1247 1317
386 686 838 906 1014 1456 1643 1934 1945
387 469 976 1222 1411 1535 1810 1830 1838 1873 1910
388 472 698 706 811 881 995 1109 1121 1633
389 748 811 826 1149 1558
390 467 531 758 1214 1379 1540
391 439 780 1069 1188 1390 1645 1648 1703 1715
392 419 554 592 601 616 690 1196 1538 1637 1681 1936
393 542 928 1303 1940
394 866 1109 1302 1548 1595 1773 1829
395 401 859 989 1017 1028 1210 1388 1733
396 423 701 782 1129 1680 1726
397 630 957 1010 1147 1870
398 690 760 1057 1159 1401 1426 1535 1637
399 715 965 1354 1422 1477 1515 1642 1792
400 447 535 578 821 854 939 1022 1368 1590 1681 1829 1916
401 556 725 1111 1379 1388 1395 1397 1480 1847
402 757 829 901 1306 1421 1509 1513 1535 1826 1841 1880
403 485 655 666 690 1175 1210 1247 1355 1582
404 792 1168 1380 1492 1519 1568 1642 1903
405 802 921 1501 1910
406 524 766 782 827 832 938 947 1150 1234 1303 1387 1397 1405 1417 1689 1703 1839 1869
407 855 1009 1080 1391 1393 1916
408 501 793 941 1006 1049 1052 1083 1349 1532 1557
409 473 679 734 1013 1021 1275 1282 1466 1546 1574
410 419 626 649 687 780 1173 1556 1819
411 584 1334 1623 1647 1752
412 592 1270 1276 1318
413 492 499 948 1653 1730 1942
414
415 456 546 1096 1113 1123 1158 1428 1665 1843
416 419 714 739 776 1065 1294 1357 1510
417 625 703 804 884 938 1187 1199 1286 1334 1369 1467 1686 1736 1765 1790 1814
418 436 728 868 1572 1821 1919
419 574 805 938 1173 1413 1483 1529 1649 1742
420 424 486 810 844 855 959 970 1266 1314 1315 1388 1761 1918 1934 1948
421 447 614 859 1228 1559 1724
422 470 624 996 1161 1304 1621 1642 1649
423 479 647 794 859 1344 1692 1715
424 476 488 582 615 898 899 1295 1371 1532 1682 1909
425 445 468 891 1078 1249 1284 1528 1573 1647 1697 1815
426 689 827 957 962 1472
427 466 1062 1109 1161 1196 1225
428 507 659 677 807 1923 1927
429 890 904 1063 1204 1292 1413 1687
430 439 864 909 952 956 1210 1343 1604 1707 1781 1812 1871 1897 1905 1910
431 436 528 913 1082 1299 1352 1569 1614 1726
432 484 1403 1693 1747 1867 1905
433 494 587 684 767 1292 1524
434 505 761 973 976 1324 1429 1571
435 913 1477
436 548 753 1030 1068 1739 1851 1940
437 1076 1098 1199 1279 1648 1672 1948
438 770 931 1163 1382 1642 1830
439 462 1378 1696
440 978 1550 1674
441 626 693 1116 1500 1621 1765
442 565 1109 1113 1219 1355 1385 1388 1930
443 494 536 938 1210 1301 1337 1720 1894 1898
444 478 486 547 656 674 785 1347
445 484 520 629 657 1639 1739 1863 1868
446 473 632 646 1260 1533 1777
447 494 1133 1174 1189 1201 1359 1412 1439 1498 1527 1532 1636 1832 1913
448 468 621 839 921 923 1087 1191 1200 1308 1628 1685
449 708 793 855 1161 1417 1420
450 702 831 979 1060 1133 1319 1482 1588
451 619 622 662 747 1470 1485 1798 1834
452 481 1126
453 461 468 493 749 753 1029 1159 1800
454 736 772 871 1098 1622 1853 1921
455 531 764 945 1434 1644 1897
456 783 792 975 1566 1628 1650
457 543 583 620 1007 1077 1941
458 526 620 807 880 1299 1332 1352 1400 1825 1921
459 501 517 636 859 863 942 1093 1293 1400 1489 1533 1550 1833
460 617 894 1237 1307
461 938 1188 1421 1510 1625 1812
462 689 1115 1122 1708 1894 1896
463 897 1116 1211 1230 1341 1380 1543 1551 1661 1845
464 769 1060 1453
465 619 1354 1421 1946
466 765 796 908 1007 1023 1092 1179 1807 1853
467 687 1103 1252 1369 1396 1604
468 1025 1219 1341 1538
469 1054 1537 1568
470 723 1005 1021 1066 1255 1530
471 701 1094 1304 1330 1510 1622 1642
472 554 561 682 734 746 786 932 1052 1245 1422 1467 1531 1680
473 915 1215
474 578 983 1068 1231 1268
475 590 695 753 805 1176 1317 1400 1437 1478 1531 1533 1702 1833
476 682 902 1358 1452 1610 1711 1797
477 770 1403 1623
478 701 766 991 1495 1635 1672 1927
479 499 557 785 796 873 1305 1459 1659 1700 1931
480 642 1331 1449 1763 1892
481 762 807 882 1259 1313 1461 1474 1547 1804
482 654 700 709 722 730 1328 1524 1543 1588 1711 1914
483 695 744 886 902 1239 1269 1336 1460 1510 1645
484 727 801 883 939 1241 1324 1470 1632 1671 1757 1948
485 496 545 563 1257 1713 1729 1816 1919
486 544 619 1262 1407 1560
487 522 666 954 1014 1028 1797 1829 1865
488 908 1350 1444 1810 1829
489 541 821 1231 1298
490 540 624 1195 1266 1501 1582
491 1384 1422 1545 1546
492 655 843 900 1393 1580 1633 1673 1873 1882
493 526 553 914 1010 1107 1413 1480 1538
494 543 736 1000 1230 1246 1514
495 603 1082 1232 1691
496 989 1103 1166 1279 1446 1470 1808
497 593 631 809 866 1085 1259 1291 1563 1572 1920 1950
498 783 1004 1089 1476 1647
499 539 790 904 1266 1581 1779
500 1005 1775 1919
501 755 800 1393 1454 1585 1766
502 629 829 936 1004 1120 1339 1904 1916
503 1001 1236 1898
504 887 920 1139 1429 1497
505 687 705 1006 1234 1294 1389 1652 1708 1898
506 685 879 1120 1649
507 708 830 851 868 884 928 1173 1200 1201 1658 1818 1838
508 616 1111 1318 1414 1624 1694 1814
509 857 933 956 1010 1564
510 1000 1058 1110 1850 1923
511 684 738 838 1045 1456 1636 1693
512 541 593 769 780 867 927 1044 1155 1770 1862 1946
513 780 784 1394 1493 1556 1645 1881
514 1057 1365 1415 1534
515 583 765 789 901 1295 1438 1443 1613 1837
516 1033 1223 1265 1443 1460 1653 1672
517 676 743 1531 1921
518 563 672 1128 1229 1324
519 1014 1253 1330 1527
520 581 621 1336 1339 1366 1441 1643 1831 1882
521 599 727 1417 1621 1825
522 801 1033 1101 1262 1321 1535 1651 1749 1797 1918
523 773 816 1074 1527 1700
524 755 1084 1182 1450 1456 1641 1662
525 761 774 803 850 1393 1634 1926
526 581 828 933 1061 1082 1112 1231 1452 1554 1570 1791 1819
527 605 703 1315 1778
528 606 1067 1540 1706 1770 1893
529 963 1862
530 641 804 816 1060 1195 1370 1798
531 560 1391 1583
532 812 1047 1186 1334 1690 1765
533 1082 1746 1816 1924
534 899 1164 1568 1717
535 1129 1138 1251 1474 1609 1758
536 798 946 970 1039 1284 1436
537 572 582 769 819 1050 1263 1429 1595 1795 1906
538 942 1081 1297 1607 1715 1719 1771 1794
539 654 1037 1147 1504 1598
540 665 687 766 1020 1053 1077 1098 1346 1474 1677 1751
541 677 1047 1456
542 886 1222 1387 1555 1824
543 966 1197 1784 1859
544 545 641 752 1111 1237 1876
545 729 1175 1357 1503 1607
546 664 741 852 1088 1091 1401 1402 1460 1547 1585 1661 1696 1789
547 1060
548 838 1201 1210 1767 1816 1915
549 553 644 668 726 896 936 976 1036 1101 1327 1577 1724 1734 1799
550 568 726 756 1531
551 631 653 707 1215 1468 1481
552 579 907 1188 1199 1858
553 713 1079 1366
554 1190 1249 1468 1627 1753
555 570 644 849 1221 1296 1303 1353 1623 1724
556 832 1257 1494 1613 1837 1927
557 906 1041 1476 1501 1633 1647 1853 1877
558 707 795 808 811 944 1375 1401 1602 1620 1762
559 1057 1506 1764 1937
560 686 736 806 880 1181 1249 1333 1420 1489 1556 1713 1758 1943 1949
561 563 696 882 1196
562 596 1008 1592
563 619 756 762 907 1269 1442 1669 1830 1858
564 572 703 706 753 759 890 981 1023 1036 1051 1332 1886
565 582 610 962 1207 1233 1361 1386 1413 1462 1762
566 756 969 974 1101
567 848 1354 1500 1763
568 672 867 903 1536 1644 1661
569 675 1213 1625 1712
570 636 797 813 838 1355 1505
571 695 697 1461 1892 1894 1905
572 708 963 1352 1572 1597 1745
573 637 927 1057 1172 1241 1560 1778 1909
574 755 818 1019 1260 1282 1548 1594 1682 1708 1818
575 617 758 760 896 940 1244 1279 1346 1416 1735 1754 1815 1880
576 581 633 673 1254 1779 1936
577 580 611 788 1156 1169 1837 1915
578 750 863 1092 1136 1339 1442 1511 1912 1921
579 921 1092 1328 1415 1554
580 597 635 1054 1135 1536 1622 1722 1777 1845
581 813 835 1109 1354 1400 1629 1734 1755 1841 1891
582 626 1411 1451
583 1035 1100 1294 1468 1890
584 758 1057 1940
585 933 1027 1168 1391 1410 1548 1679 1711 1782
586 806 827 995 1031 1628 1840 1861 1870 1882 1922
587 935 1851
588 1182 1272 1846
589 763 1025 1081 1244 1396 1439 1649 1785 1833
590 839 1223 1355 1798
591 789 1113 1180 1394 1465 1891
592 605 680 740 755 1202 1476 1481 1490 1583
593 1208 1844
594 946 1014 1152 1527 1597
595 1368 1606 1678 1849
596 599 974
597 876 943 978 1086 1117 1400 1401 1460
598 629 1002 1076 1401 1579 1601 1763 1770 1860 1863
599 841 915 1000 1197 1375 1780 1797 1900
600 950 1237 1333 1375 1903 1944
601 822 894 1195 1355
602 743 895 905 1131 1149 1236 1367 1787 1881
603 1043 1428 1520 1739
604 755 1156 1300 1559 1619 1669 1711 1931
605 871 987 1027 1145 1161 1379 1508
606 788 925 1340 1423 1561 1584
607 756 1076 1146 1210 1236 1516 1705
608 721 896 1241 1326 1378 1434 1535 1609
609 742 895 935 974 1173 1270 1639 1666 1718 1747 1763 1822 1950
610 831 967 997 1263 1398
611 706 763 821 849 1124 1495 1554 1573 1868
612 620 796 1305 1359 1534 1853
613 1011 1028 1050 1074 1523 1902 1944
614 692 793 1029 1117 1181 1349 1462 1562 1644 1840
615 834 982 1006 1225 1756
616 667 774 930 979 983 1169 1226 1234 1313 1511
617 715 722 1517
618 723 1054 1144 1248 1280 1438 1582 1678
619 689 1057 1414 1524 1543
620 746 1536 1626 1652 1928
621 817 836 975 993 1008 1243 1247 1708 1882 1949
622 1064 1072 1211 1353 1403
623 799 906 994 1189 1356 1432 1751
624 944 1101 1654
625 743 1143 1417 1922 1927
626 861 937 1065 1177 1599 1628 1704 1732
627 1056 1073 1139 1188 1729
628 1041 1141 1391 1441 1723 1788 1818 1918
629 672 680 1209 1803 1914
630 722 998 1206 1333 1691 1777 1904
631 654 971 1004 1106 1501 1808
632 882 1104 1180 1258 1897
633 658 753 810 1483 1715
634 913 1033 1158 1274 1761
635 1172 1575
636 694 719 971 1037 1079 1433 1464 1595 1739 1870
637 812 1172 1258
638 840 855 1129 1356 1660 1702 1883
639 706 750 929 1083 1365 1442 1571 1781 1851
640 1175 1211 1267 1612
641 764 869 955 1377 1546 1788
642 987 1060 1104 1187 1309 1482 1579 1761 1942
643 722 1103 1211 1266 1514 1638 1904
644 1091
645 1189 1275 1466 1533 1571 1593 1604
646 658 714 1242 1327 1614 1927
647 721 974 1383 1504 1899
648 678 911 1039 1292 1464 1510 1760
649 669 883 1238 1417 1513 1522 1715 1725 1942
650 853 989 1168 1653 1710 1780
651 671 877 1198 1470 1821 1855
652 877 1245 1283 1355 1875
653 928 1008 1055 1120 1153 1362 1484 1626
654 716 757 1407 1411 1587 1635
655 664 925 1020 1253 1394 1572
656 782 1077 1313 1443 1496
657 750 756 779 780 788 822 1333 1607
658 830 1061 1256 1861
659 703 729 1213
660 702 711 1555 1760 1772
661 828 1220 1272 1437 1823
662 917 1063 1120 1205 1469 1514
663 896 1414 1471 1478 1523 1650 1675 1683 1865
664 764 923 1026 1094 1439 1770
665 704 1001 1195 1677 1752 1803 1832 1867
666 925 1444 1665 1675 1713
667 1142 1168 1225 1407 1445 1560 1676 1889 1917
668 956 1067 1137 1377 1725 1737 1863
669 800 949 980 1114 1392
670 1170 1441 1735 1846 1885
671 1250 1274 1381 1394 1588 1779 1796 1839
672 708 733 862 1206 1238 1692 1784
673 802 820 876 1016 1210 1246 1398 1542 1745 1814
674 792 1072 1702
675 944 1109 1111 1257 1298 1525 1546 1679 1924
676 980 1006 1130 1197 1226
677 719 833 899 1154 1499 1638 1906
678 1072 1250 1648 1937
679 1001 1093 1359 1706
680 714 796 886 932 969 1127 1351 1396 1637 1754
681 692 708 1011 1144 1233 1880
682 903 1012 1130 1312 1947
683 739 859 878 1230 1232 1546
684 925 1429 1736 1753
685 827 1379 1403 1466 1718 1876
686 691 714 735 957 993 1056 1156 1301 1344 1367 1539 1846
687 697 816 949 1238 1328 1352 1691
688 1167 1215 1358 1486 1823
689 719 1152 1255 1463 1485 1792 1808 1903 1924
690 848 981 1281
691 1020 1104 1503 1504 1525 1616 1868
692 851 1239 1299 1428 1503 1773 1942
693 951 957 993 1063 1083 1112 1162 1282 1737
694 1387 1411 1510 1664 1696 1750 1812 1883
695 1202 1558 1711
696 699 979 1023 1098 1406 1447 1697
697 915 990 1124 1143 1842
698 926 995 1051 1115 1390 1829
699 795 875 921 1325 1366 1454 1553 1603
700 1600 1934
701 748 1004 1126 1234 1377 1780
702 1367 1539 1855
703 722 791 1066 1171 1352 1705 1923
704 732 765 790 818 1066 1524
705 946 986 1508 1565 1948
706 789 946 1291 1543 1950
707 952 1101 1183 1296 1552
708 776 916 1002 1011 1657
709 1277 1364 1813 1892
710 727 1180 1587 1750 1785 1851
711 845 885 1039 1164 1574 1615 1622
712 989 1285 1674
713 762 947 994 1015 1609 1850
714 783 872 917 1052 1089 1454 1715 1750 1869
715 1033 1230 1281 1337 1538
716 825 1013 1066 1827
717 844 929 1068 1221 1222 1780 1781 1949
718 1194 1372 1760 1869
719 738 775 1457 1524 1875
720 1536 1672 1891
721 797 982 1163 1527 1640 1695 1779 1860
722 936 1016 1068 1155 1236 1556 1576 1598 1749 1915
723 748 1204 1833 1854
724 869 1464 1783 1870 1917
725 792 947 962 969 1470 1569 1690 1718
726 727 1540 1644 1660 1833 1904
727 786 789 824 870 912 921 1005 1178 1276 1301 1316 1585 1594 1758
728 762 793 924 944 1119 1456 1665
729 795 887 964 1484 1572
730 783 1024 1232 1824 1913
731 991 1011 1299 1357 1517
732 905 1120 1380 1599 1912
733 995 1533 1707 1779 1928
734 1021 1074 1244 1499 1706 1833
735 805 1555 1686 1714
736 904 926 927 1118 1353 1458 1476 1497
737 965 1160 1352 1559 1701 1714
738 907 1071 1087 1323 1327 1392 1418 1900
739 956 978 1195 1435 1576 1763 1817
740 761 949 985 1004 1611 1630 1700
741 1065 1127 1414 1476 1542 1660 1827
742 1743 1917 1933
743 823 912 962 1132 1164
744 866 980 1268 1301 1415 1678 1905
745 963 967 973 1314 1482 1648 1683
746 817 834 978 1143 1189 1261 1593 1620 1776
747 978 987 1046 1120 1126 1357 1398 1503 1543 1588 1634 1687 1751 1849
748 829 943 994 1840 1877
749 1156 1229 1390 1588 1634 1863 1886
750 894 997 1233 1338 1440 1491
751 1144 1157 1220 1569 1651 1669 1705 1769
752 804 918 1250
753 871 905 1564 1610 1818 1918
754 883 1080 1403 1539 1606 1876
755 1429
756 1042 1185
757 1600 1901
758 888 1173 1217 1524 1741 1820
759 870 920 1130 1142 1229 1312 1353 1592 1883 1926
760 1136 1169 1249 1576 1791
761 975 1506 1663 1864
762 960 995 1074 1138 1153 1373 1396 1397 1743 1770 1828 1897
763 1346 1469 1615 1742 1814 1862
764 1159 1232 1385 1425 1703 1826 1865
765 1045 1163 1241 1294
766 1013 1459 1578 1765
767 1163 1294 1797
768 943 1588 1912
769 806 959 1398 1507 1787 1862
770 1312 1524 1699
771 1115 1119 1141 1202 1560 1917
772 799 815 920 1238 1326 1662 1734 1906 1916
773 803 812 1069 1150 1317 1432 1649
774 820 965 1110 1289 1386 1845
775 845 891 1177 1307 1382 1477 1859 1897 1930
776 1140 1252 1356 1662 1775 1906 1923
777 998 1156 1280 1555 1736 1821
778 912 1156 1502
779 1811
780 1148 1593 1941
781 1325 1523 1927
782 811 891 916 1007 1402 1418 1753 1862
783 840 846 898 962 1001 1111 1129 1190 1227 1535 1610 1676 1756
784 1229 1458 1541 1696 1854 1882
785 838 928 1131 1179 1441 1636 1904
786 919 970 1139 1199 1705 1804 1848
787 796 1166 1528 1564 1580 1755 1762 1809
788 1252 1291 1354 1366 1557
789 854 876 1245 1602
790 947 1686 1943
791 1072 1312 1319 1428 1606
792 923 978 1342 1470 1765 1844 1848
793 912 914 1003 1291 1322 1432 1576 1686
794 804 813 974 1079 1114 1191 1310 1494 1505 1579 1747 1789
795 1837
796 1372 1396 1509 1718
797 1270 1612 1722 1931
798 877 1040 1182 1236 1386 1714 1737
799 962 1107 1274 1947
800 872 966 1673 1891 1916
801 832 902 1140 1155 1530 1634 1668
802 928 1202 1931
803 857 868 1515 1542 1615 1788
804 863 866 915 1224 1271 1365
805 860 1794
806 1310 1629 1707
807 951 1020 1426 1740
808 954 968 1180
809 827 1069 1141 1413 1428 1696
810 947 1155 1205 1224 1259 1265
811 1170 1375 1455 1684
812 905 1416 1546 1559 1776
813 862 1225 1541 1669
814 964 1153 1343 1381 1531 1551 1581 1845 1898 1909
815 934 962 1033 1332 1418 1603 1727 1801
816 822 823 1100 1132 1248 1807
817 995 1060 1588 1932 1934
818 1003
819 1254 1325 1403 1465 1787
820 1294 1693 1809 1890
821 1213 1244 1404 1432 1470 1575
822 874 970 1381 1843
823 893 921 1171 1293 1714
824 1035 1144 1239 1395 1434 1791 1901 1949
825 1123 1153 1157 1372 1459 1520 1804 1869
826 1271
827 1010 1203 1868
828 947 1318
829 1045 1124 1128 1267 1875
830 1053 1163 1288 1592 1644 1800
831 832 909 1097 1270 1400 1563 1800 1818 1862
832 1122 1392 1498 1867
833 837 1123 1234 1496 1571 1762 1796 1873
834 1211 1315 1404 1428 1444 1682 1826 1926
835 1117 1326 1458
836 1007 1030 1575 1731 1743
837 1235 1728 1757 1828
838 1030 1161 1181 1252 1519 1852 1884
839 932 933 1310 1589
840 1130 1304 1653 1739
841 887 1254 1577 1769
842 948 978 1034 1069 1110 1144 1171 1387 1412 1446 1858
843 1098 1590 1885 1897 1930
844 1002 1087 1271 1357 1525 1612 1855
845 973 1481 1841
846 1217 1387 1655 1675
847 902 1055 1076 1230 1313 1460 1591 1685
848 851 928 989 1190 1726 1754
849 1281 1411 1732
850 1118 1221 1327 1706 1765
851 1209 1436 1837
852 1094 1103 1498
853 1285 1393 1821 1891
854 861 956 994 1560 1568 1863 1946
855 1225 1930
856 1180 1309 1417 1560 1673 1714 1920
857 970 1168 1316 1383 1649 1689
858 1132 1459 1657 1744
859 956 975 1078 1205 1373
860 1098 1337 1503 1616 1691 1856
861 959 978 1034 1325 1419
862 874 1088 1285 1381 1390 1573 1809 1870
863 1051 1062 1185 1256 1536 1599 1707 1858 1873
864 1045 1135 1265 1324 1772
865 926 1018 1194 1253 1466
866 1055 1093 1104
867 1013 1088 1530 1769
868 893 962 1070 1644 1698 1889
869 967 1064 1898
870 1559 1618 1661 1826
871 1297 1402 1445 1534
872 883 1318 1328 1535 1592 1823
873 963 1051 1143 1225 1336 1715 1765 1940
874 1163 1340 1400 1492 1819 1833
875 922 976 977 1301 1399 1401 1630 1684 1916 1938
876 877 1293 1551
877 929 1088 1125 1464 1582 1659 1785
878 919 1158 1232 1272 1485 1579 1693 1756 1821
879 885 986 1090 1311 1387 1417 1610 1929
880 941 980 1104 1259 1675 1938
881 1153 1283 1671 1717 1759
882 1076 1536 1703 1805 1915
883 1001 1346 1352 1497 1725 1773
884 1303 1472 1847
885
886 1596 1717
887 929 948 951 966 1399 1516 1551 1671 1797
888 893 918 948 1036 1066 1327 1495
889 906 1067 1352 1455 1539 1575
890 1053 1198 1230 1483 1933
891 1184 1200 1216 1348 1529
892 1101 1490 1704
893 1417 1439
894 1226 1339 1521 1720
895 1089 1175 1192 1413 1873
896 981 1511 1852
897 967 1048 1158 1167 1239 1391
898 1581 1620 1935
899 1149 1178 1185 1288 1540 1548 1673 1755 1783 1812
900 1356 1435 1663
901 967 1040 1147 1287 1464 1615 1875 1932
902 1385 1532
903 939 1138 1376 1799 1845
904 910 1029 1284 1524 1615 1648
905 1007 1571
906 1164 1747 1881
907 1305 1414 1737 1899 1939
908 1042 1112 1205 1388 1634 1781 1817 1897 1901
909 971 1009 1056 1156 1217 1285 1353 1604
910 1232 1340 1386 1431 1616 1720 1826
911 1236 1260 1380 1506 1507 1509 1709 1820 1837
912 1429 1495 1504 1631
913 1228 1443 1453 1602 1806 1915
914 1134 1316 1428 1701 1758
915 959 1132 1388 1459 1619 1655 1763 1846
916 1004 1066 1289 1420 1498 1535 1675 1743
917 1015 1082 1174 1532 1895
918 999 1351 1388 1507 1596 1618 1663 1748
919 1066 1094 1228 1924
920 1637
921 991 1151 1346 1468 1521 1583 1707
922 1151 1241 1363 1427 1579 1590 1695 1878 1897
923 1120 1223 1334 1369 1426 1644
924 955 1059 1409 1418 1540 1610 1908 1934
925 1117 1915
926 1048 1064 1407
927 1253 1372 1890 1909
928 965 1295 1714
929 977 1251 1288 1444 1484 1687
930 942 1361 1391 1753
931 1043 1289 1514 1554
932 975 1009 1047 1104 1151 1646 1677 1791
933 1179 1941
934 950 1278 1476 1610 1688 1830
935 1200 1435 1591 1671 1857
936 1047 1229 1379 1437 1569 1723 1834
937 949 1156 1166 1238 1259 1617
938 970 984 1042 1109 1500 1560
939 966 1027 1275 1523 1635 1651 1706 1949
940 951 1174 1222 1429 1532 1825 1905
941 963 1140 1227 1286 1911
942 1213 1317 1505 1511 1710 1810 1831
943 1029 1056 1428 1507 1509
944 1260 1332 1354 1511 1571 1647 1717 1820 1860 1882 1937
945 1399
946 1152 1328 1550 1664 1675
947 988 1159 1227 1241 1499 1762 1831 1853
948 949
949 1122 1203 1238 1449 1636 1775 1917
950 973 1706 1924
951 1082 1462 1517 1564
952 1151 1402 1455 1570
953 962 1088 1219 1372 1666 1816 1899
954 1085 1181 1299 1367 1374 1408 1438 1748 1927
955 1184 1220 1259 1387 1765 1880
956 974 1140 1154 1385 1627
957 1421 1908
958 1546 1712 1770 1781 1806 1882
959 1092 1100 1189 1752 1754
960 1122 1484 1553 1720 1782 1792 1889
961 965 1289
962 1060 1392 1681 1740
963 1017 1089 1108 1404 1443 1599
964 1332 1367 1627 1672 1695 1774
965 1126 1333 1760 1789 1858
966 1005 1072 1126 1306 1337 1365 1405
967 1085 1147 1266 1669 1913
968 1073 1269 1612 1809
969 1187 1641 1859 1887
970 1934
971 1305 1580 1727 1921
972 1320 1361
973 1027 1228 1428 1549
974 1038 1209 1435 1531
975 1118 1315 1564
976 1036 1127 1170 1238 1292 1602 1837
977 1079 1469
978 1023 1042 1145 1703
979 984 1017 1421 1475 1605 1860
980 1075 1160 1471 1490 1807 1945
981 1208 1392 1598
982 1398 1544 1562 1611 1899
983 1390 1530 1561 1588 1611
984 1166 1213
985 1426 1613 1846 1889
986 989 1256 1301 1623 1816 1923
987 1090 1148 1424 1580 1750
988 1199 1334 1347 1429 1560 1578 1726 1784 1863 1873
989 1260 1373 1483 1611
990 1019 1099 1180 1880 1905 1920
991 1135 1721 1842
992 1197 1610 1611 1939
993 1373 1542 1841 1900
994 1190 1254 1714 1792
995 1030 1101 1190 1238 1736 1873 1927
996 1556 1707 1789
997 1024 1257 1279 1307 1417
998 1491 1616 1714
999 1123 1261 1327 1413 1919
1000 1108 1139 1427 1451 1808
1001 1079 1305 1564 1722 1886
1002 1267 1347 1565 1744 1941
1003 1195 1545 1719
1004 1053 1723 1733 1848 1863
1005
1006 1210 1335 1381 1405 1785
1007 1060 1114 1250
1008 1432
1009 1495 1503 1856
1010 1379 1689 1831 1874 1913
1011 1601
1012 1045 1211 1359 1520
1013 1038 1105 1396 1948
1014 1179 1435 1832
1015 1176 1344 1535 1643 1804
1016 1084 1230 1299 1321 1373 1408 1669 1800 1944
1017 1176 1190 1318 1444 1465 1488 1648 1651
1018 1345 1609
1019 1092 1397 1500 1502 1548 1569 1597 1625 1914
1020 1440 1592 1601 1814 1850 1923
1021 1692 1806 1939
1022 1072 1278 1324 1703 1731 1884 1923
1023 1193 1447 1573
1024 1147 1350 1537 1906
1025 1146 1195 1402 1529 1618 1687
1026 1400 1549
1027 1351 1771
1028 1338 1407 1580 1661 1683 1733
1029 1455 1729 1757 1898
1030 1091 1572
1031 1573 1665 1948
1032 1295 1749 1788
1033 1283 1296 1555 1887
1034 1062 1097 1199 1212 1261 1449 1671
1035 1055 1203 1765
1036 1299 1833 1857 1927 1928
1037 1316 1855 1863
1038 1305 1767 1806 1933
1039 1171 1761
1040 1170 1238 1259 1357 1403 1462 1734
1041 1043 1129 1192 1204 1466 1469 1625 1688 1773 1882 1907 1933
1042 1154 1165
1043 1063 1207 1494
1044 1167 1763
1045 1121 1425 1670 1876 1905
1046 1165 1264 1315 1651
1047 1319 1340 1716 1790 1835 1847 1858
1048 1267 1604 1605
1049 1172 1261 1766 1808
1050 1065 1257 1454 1531 1788
1051 1221 1492 1538 1756 1824 1892
1052 1480 1504 1553 1579 1612
1053 1154 1208 1289 1476 1735 1908
1054 1144 1433 1463 1618 1679
1055 1269 1349 1677 1702 1843
1056 1236 1923 1948
1057 1228 1281 1556 1864
1058 1371 1470 1546 1579 1819
1059 1125 1222 1272 1385 1456 1496 1593 1772 1900
1060 1142 1190 1232 1357 1631 1698
1061 1102 1382 1729
1062 1066 1259 1510 1550 1690
1063 1533 1716
1064 1092 1181 1269 1462 1622 1656
1065 1397 1445 1496 1895
1066 1074 1208 1587 1658 1744
1067
1068 1212 1479 1568 1829 1841 1856 1857
1069 1486 1871 1875
1070 1100 1366 1666 1702 1746 1858
1071 1193 1346 1551 1733 1853 1884
1072 1160 1446 1544 1561 1732 1821
1073 1425 1665
1074 1205 1295 1613 1664
1075 1217 1737
1076 1163 1330 1361 1408 1591 1885 1929
1077 1316 1541 1750
1078 1107
1079 1166 1237 1385 1555 1562 1652
1080 1122 1562 1917
1081 1097 1145 1193 1351 1901
1082 1084 1143 1323 1483 1494 1659 1695 1938
1083 1189 1301 1303 1700 1734
1084 1470 1476 1632 1646 1883
1085 1480 1499 1585 1839 1918 1947
1086 1901
1087 1361 1483 1489
1088 1532 1671
1089 1453 1875
1090 1655 1830
1091 1092 1306 1399 1892
1092 1467 1707
1093 1323 1398 1419 1611 1819 1894
1094 1493
1095 1388 1740
1096 1140 1196 1214 1243 1282 1386 1648 1674
1097 1172 1548 1842
1098 1258 1578
1099 1520
1100 1171 1249 1320 1607 1608
1101 1480 1524 1530 1806 1855
1102 1344 1618 1781 1887
1103 1191 1771
1104 1119 1126 1128 1259 1472 1533 1676 1699 1770 1876 1887
1105 1106 1684
1106 1380 1756 1757 1872
1107 1216 1237 1572 1682 1813
1108 1142 1356 1559
1109 1124 1137 1482
1110 1300 1347 1351 1445 1864
1111 1369 1458
1112 1345
1113 1287 1519 1780 1941
1114 1338 1403 1754 1917
1115 1710 1718
1116 1581 1832
1117 1219 1438 1463 1518 1536
1118 1233 1245 1330 1929
1119 1252 1484
1120 1206 1612 1758
1121 1171 1679 1828 1864
1122 1757 1797 1836 1906
1123 1242 1319 1587 1670 1732
1124 1314 1465 1793 1908 1911
1125 1174 1191 1250 1356 1512 1546
1126 1176 1259
1127 1288 1447 1501 1865 1928
1128 1156 1376
1129 1199 1350 1583 1906 1919 1940
1130 1803 1864
1131 1281 1449 1502 1673 1903 1939
1132 1500 1605 1762 1810 1931
1133 1346 1558 1603 1748
1134 1166 1322
1135 1337 1614 1706 1720 1751 1807
1136 1222 1369 1884
1137 1488 1531 1874 1936
1138 1931
1139 1650 1712 1733
1140 1298 1306 1619
1141 1172 1398 1427 1541 1683 1920
1142 1327 1512 1677 1885
1143 1286 1318 1424 1512
1144 1182 1295 1300 1311 1521
1145 1207 1471
1146 1189 1296 1834
1147 1244 1880 1886
1148 1159 1255 1598
1149 1404 1530 1740 1927
1150 1209 1419 1579 1607 1888 1911
1151 1363 1520 1918
1152 1175 1224 1320
1153 1424 1723
1154 1522 1560 1831 1905
1155 1322 1419 1503 1642 1888
1156 1315 1463 1573 1626 1856 1922
1157 1252 1305 1674
1158 1474 1645 1683 1795
1159 1762 1849 1870
1160 1388
1161 1258 1667 1712 1713 1761 1782
1162 1195 1229 1403 1423 1445 1497 1543 1624 1873
1163 1241 1560 1659 1806
1164 1264 1339 1397 1660
1165 1323 1834
1166 1278 1665 1894
1167 1195 1320 1376 1402 1802 1811
1168 1312 1409 1720 1731
1169 1383 1572 1884
1170 1341 1362 1661 1786 1893
1171 1356 1410 1658 1771
1172 1383 1446 1621 1646 1713 1758
1173 1387 1685
1174 1301 1324 1388 1452 1459 1504 1624 1764 1781 1802
1175 1330 1525 1698
1176 1230 1666 1812 1938
1177 1206 1247 1480 1571
1178 1245 1479
1179 1221 1505 1597 1742
1180 1452 1613
1181 1538 1592 1791 1824
1182 1356 1463 1465 1467 1626 1699 1858 1862 1891 1904
1183 1602
1184 1280 1381 1405 1900
1185 1638 1667 1888
1186 1331 1823 1870
1187 1193 1547 1735 1865
1188 1280 1655 1700 1850
1189 1273 1281 1339 1710 1808
1190 1438 1551 1850
1191 1266
1192 1328 1352 1848 1873 1896
1193 1244 1263 1492 1699
1194 1593 1824 1911
1195 1241 1438 1727 1885
1196 1360 1361 1434 1449 1660 1723 1825
1197 1201 1329 1564 1607 1845
1198 1253 1360
1199 1267 1314 1941
1200 1465 1480 1899
1201 1215 1290 1774 1790 1842
1202 1528 1573 1851 1928
1203 1399
1204 1633 1650 1827
1205 1245 1575 1699 1898
1206 1360 1528 1549 1853
1207 1584 1593 1642
1208 1252 1274 1375
1209 1230 1373
1210 1259 1550
1211 1292 1452
1212 1295
1213 1418 1621
1214 1922
1215 1310 1571 1582 1793
1216 1411 1494 1502 1604
1217 1536 1650 1868
1218 1905
1219 1229 1389 1556
1220 1443 1791 1811
1221 1460 1551 1763
1222 1268 1423 1494 1946
1223 1571 1948
1224 1624 1687 1749
1225 1335
1226 1395 1441
1227
1228 1321 1790
1229 1414 1433 1639 1687 1868 1925
1230 1231 1614 1839 1913
1231 1360 1448 1523 1791 1806
1232 1727 1864
1233 1375 1434 1458 1619 1650 1667 1745
1234 1934
1235 1396 1427 1496 1514 1872
1236 1349 1683
1237 1367 1550 1927
1238 1338 1711 1738
1239 1267 1829
1240 1271
1241 1433 1583 1776
1242 1302 1367 1491 1509 1553 1659 1902
1243 1256 1310 1474 1503 1566 1716 1851
1244 1748 1823
1245 1553 1902
1246 1325 1819
1247 1323 1332 1548 1846
1248 1478 1808
1249 1368 1557 1583 1670 1743 1769
1250 1715 1899
1251 1283 1658 1769
1252 1273 1580 1867 1912
1253 1259 1265 1704
1254 1297 1351
1255 1484 1851
1256 1384 1689
1257 1327 1390 1759 1867
1258 1362 1638
1259 1335 1416 1526
1260 1417 1729
1261 1937
1262 1659
1263 1277 1295 1303 1359 1943
1264 1406 1652 1802 1881
1265 1371 1639 1712 1845 1949
1266 1307 1464 1785
1267 1664 1720 1780 1876
1268 1315 1316 1530 1647 1665 1668 1693 1798
1269 1388 1564 1707 1881
1270 1402 1444 1585 1688 1722 1819 1830
1271 1373 1409 1871
1272 1446 1795
1273 1592 1618 1660 1671 1817
1274 1303 1390 1403 1603 1639 1795 1877 1945
1275 1746 1894 1928
1276 1418 1643 1863 1885
1277 1599 1648 1816
1278 1326 1547 1947
1279 1627 1686 1894 1922
1280 1422 1424
1281
1282 1425 1744 1820
1283 1681 1766 1869
1284 1652 1654 1682 1828 1854 1856
1285 1841
1286 1338 1641 1683 1718
1287 1463 1468
1288 1307 1403 1600 1683
1289 1594 1669 1718 1754 1757 1790 1846 1944
1290 1343 1364 1467 1489
1291 1471 1634 1813 1949
1292 1348 1553 1710
1293 1701
1294 1338 1430 1499 1722 1736
1295 1550
1296 1346 1656 1825
1297 1769 1784
1298 1322 1850 1916 1936
1299 1451 1803 1857
1300 1301 1828
1301 1319 1467 1572 1662 1706 1735 1835 1931
1302 1666 1837
1303
1304 1440 1480 1511 1622 1645 1844
1305 1443 1702 1723 1809 1945
1306 1383
1307 1323 1699 1823
1308 1327 1337 1405 1510 1874
1309 1752
1310 1344 1482 1538 1596 1775
1311 1939
1312 1329 1601 1652 1836 1882 1889
1313 1757 1782
1314 1363 1392 1443 1516 1869
1315 1330 1526 1678 1697 1828 1882
1316 1562 1747 1800 1830
1317 1554 1800 1833
1318
1319 1377 1391 1510 1818 1930
1320 1395 1597
1321 1591 1592 1764
1322 1325 1461 1772
1323 1410 1638 1710
1324 1398 1399
1325 1461 1672 1751
1326 1407 1763
1327 1418 1791
1328 1409 1737 1756 1777 1876 1935
1329 1356 1384 1484 1593 1708 1753 1924
1330 1421
1331 1394 1516 1551 1849
1332 1466 1508 1872 1878
1333 1727 1910
1334 1597
1335 1437 1689 1893
1336 1545 1926
1337 1359 1682 1823 1845
1338 1463 1542 1570 1742
1339 1919
1340 1878
1341 1357 1709 1778
1342 1818
1343 1411 1552 1780
1344 1596
1345 1373 1414 1567 1571 1839
1346
1347 1373 1674 1713 1718
1348 1551 1850
1349
1350 1433 1643 1670 1719 1923
1351 1560 1632 1735 1887
1352 1617 1708 1717 1945
1353
1354
1355 1378 1428 1565 1687 1689 1910
1356 1486
1357 1724 1894
1358 1799
1359 1624
1360 1382 1503 1590 1715 1780 1874
1361 1490 1552 1607
1362 1750 1932
1363
1364 1378 1532 1601 1834
1365 1499
1366 1403
1367 1442 1464 1765
1368 1635 1742 1863
1369 1503 1635 1875
1370 1663 1883
1371 1658 1756 1806 1891
1372 1687 1700 1708 1722
1373 1576 1682 1754 1903
1374 1660 1825
1375 1863
1376 1507 1649
1377 1449 1509 1641 1899
1378 1767 1843
1379
1380 1412 1471 1740 1838
1381 1482 1606 1690 1722
1382 1665 1693 1728 1782 1827 1842
1383 1384 1437 1689 1779
1384
1385
1386 1414 1423 1566 1605 1615 1902
1387 1452 1498 1769 1827 1936
1388 1441 1446 1562 1731 1789
1389 1537 1655
1390 1508 1619
1391 1497 1833
1392 1469 1691
1393 1484 1689
1394 1543 1545 1609 1659
1395 1788
1396 1442 1610 1693
1397 1416 1560
1398 1511 1526 1760 1814
1399 1478 1877
1400 1589 1663 1673 1760 1771
1401 1614 1902
1402 1754 1805
1403 1439 1497 1629 1679 1690 1770
1404 1842
1405 1746
1406 1462 1608
1407 1571 1615
1408 1775 1790
1409 1621 1788
1410 1519 1535 1765 1786 1906
1411 1490
1412 1487 1808
1413 1417 1710
1414 1455 1602
1415 1465 1607
1416 1711
1417 1454 1779 1914
1418 1662
1419 1495 1538 1798 1923
1420 1788 1936
1421 1427 1512
1422 1436
1423 1665 1873 1908
1424 1724
1425 1539 1723
1426 1531 1688 1713
1427 1474
1428 1571 1884
1429 1903
1430 1444 1884
1431 1670 1756
1432 1522 1622
1433 1491 1578 1925
1434 1528 1760 1814
1435 1695 1930
1436 1622 1683 1765 1910 1917
1437 1634 1687 1839 1866
1438 1749 1946
1439 1950
1440
1441 1472 1611 1665
1442 1727 1931
1443 1737 1904
1444 1607
1445 1497
1446
1447
1448 1700 1736 1763
1449 1579
1450 1922
1451
1452 1490 1545 1837
1453 1471
1454
1455 1597
1456
1457 1895 1912
1458 1517 1570 1656 1949
1459 1791 1887 1901
1460 1949
1461 1640 1903
1462 1472 1531 1726
1463 1491 1740 1840
1464 1502 1559 1692 1725 1903 1942
1465 1887 1942
1466 1475 1593 1789
1467 1620 1905
1468 1488 1504 1613 1631 1718
1469 1633 1686 1783
1470 1598 1723 1726 1782
1471 1637 1638 1696
1472 1473
1473 1928
1474 1482 1880
1475 1706
1476 1761
1477 1559 1759 1940
1478 1735 1857
1479 1932
1480 1920
1481 1546 1762
1482 1790
1483 1863
1484 1913
1485 1555 1672 1680 1696 1753 1846
1486
1487 1564 1723 1883
1488 1522 1558 1648 1868 1949
1489 1787 1849 1930
1490 1569 1763 1790
1491 1597 1730
1492 1681 1749 1770 1875
1493 1699 1834 1926
1494 1592 1875
1495
1496 1628 1849 1893 1900
1497 1713 1930
1498 1646
1499 1517 1619 1738 1841
1500 1743
1501 1669 1711 1913
1502 1834
1503 1527 1621 1737 1761 1792 1870
1504 1569 1582 1609 1899
1505 1519 1553 1592 1834 1848
1506 1673 1791 1893
1507 1723
1508 1762 1767 1777
1509 1574 1711
1510 1660 1689 1879
1511 1556
1512 1880
1513 1568
1514 1847 1947
1515 1737 1913
1516
1517 1815 1890
1518 1551 1880 1921
1519
1520 1615 1644
1521 1875
1522 1644 1705 1825 1841
1523 1591 1636 1689 1817
1524 1558 1565 1724 1779
1525 1836 1915
1526 1547 1562 1622 1637 1714 1827 1837
1527 1603
1528 1622 1895
1529 1710
1530 1561 1645 1789
1531 1846
1532
1533 1544 1837
1534 1577
1535 1544
1536 1945
1537 1694 1736 1868
1538 1701 1931
1539 1892
1540
1541 1573 1819 1891 1900
1542 1703 1798 1800
1543 1682 1885
1544 1810
1545 1566 1870
1546 1650 1715 1843
1547 1678 1757
1548 1796 1815
1549 1596 1946
1550 1687 1757
1551
1552 1825 1883 1915
1553 1644 1715 1717 1886
1554 1795 1852 1860
1555 1604 1757 1928
1556 1568 1624 1801 1823
1557 1591 1821 1881 1902
1558 1711 1762
1559 1634 1698 1735 1837 1930
1560 1688
1561 1865
1562 1699 1858 1942
1563 1876
1564 1814
1565 1691
1566 1590
1567 1648
1568 1630 1712
1569 1701
1570 1634 1851
1571 1645
1572 1922
1573 1626
1574 1630 1897 1901 1940
1575 1755
1576 1631 1634 1746 1853
1577 1614 1931
1578 1636
1579 1874 1895
1580 1642
1581 1628 1734 1749
1582
1583 1708
1584 1681 1842
1585
1586 1591
1587 1855 1861 1898 1930
1588 1816
1589 1602
1590 1783 1785
1591 1700 1757
1592
1593
1594 1760 1783
1595 1658 1697 1819 1835
1596 1607 1615
1597 1944
1598 1679 1867 1945
1599 1835
1600 1764 1846
1601 1700
1602 1746
1603 1737 1911
1604 1721 1759 1813
1605 1729
1606 1615 1715 1739
1607 1624 1815
1608 1609 1758
1609 1729 1812 1828 1925
1610 1619 1709 1762
1611 1676 1738
1612 1872
1613
1614 1718 1871
1615 1737
1616 1780
1617 1651
1618 1766 1845 1889 1908
1619
1620 1718
1621 1655 1688 1931
1622
1623
1624 1686 1707 1925
1625 1758 1824 1924
1626 1715
1627 1652 1660 1755
1628 1728 1832 1841
1629 1669 1858 1926
1630 1869
1631 1776 1889 1924
1632 1671
1633 1805 1934
1634 1672 1740 1741 1883 1910
1635 1938
1636
1637 1761
1638 1726
1639 1652 1930
1640 1894
1641 1688 1717 1919 1921
1642 1661
1643 1769 1942
1644 1773
1645
1646 1807
1647
1648 1936
1649
1650 1673 1803
1651
1652
1653 1727
1654 1667
1655 1676
1656
1657
1658
1659
1660 1727 1788 1805 1915
1661
1662 1882 1934
1663
1664 1824
1665 1698 1752 1757
1666 1681 1870
1667 1866 1944
1668 1747 1928
1669 1837
1670 1730
1671 1728 1782
1672
1673
1674
1675
1676 1696 1822
1677 1912
1678 1682
1679
1680
1681
1682
1683 1796
1684 1829 1870 1915
1685 1728
1686 1825
1687
1688
1689 1821
1690 1777
1691
1692
1693 1880
1694 1804
1695 1803
1696 1855
1697
1698 1935
1699 1930
1700
1701
1702
1703 1831
1704 1778 1876
1705 1721 1729 1879
1706
1707 1904
1708
1709
1710 1799 1808
1711 1750 1892
1712 1773
1713
1714 1851 1857
1715 1729 1834
1716
1717 1926
1718
1719 1832 1888
1720 1792 1831
1721 1813 1933
1722
1723
1724 1736 1855
1725 1764 1864
1726 1769 1787
1727
1728 1739
1729 1824
1730 1899 1916
1731 1763 1801 1816
1732 1748 1815
1733 1841 1935
1734
1735
1736 1899
1737
1738
1739 1751 1800 1860
1740
1741
1742
1743 1777
1744
1745
1746
1747 1876
1748
1749 1884
1750
1751
1752 1767 1772
1753 1903
1754
1755
1756
1757 1872
1758 1855 1938
1759 1824
1760 1823
1761
1762 1815
1763
1764
1765
1766 1892
1767 1926 1946
1768 1838
1769
1770 1908 1918
1771 1875
1772
1773
1774
1775
1776 1793
1777 1880
1778 1883
1779
1780 1781 1793 1794
1781
1782
1783 1830 1857
1784 1831 1933 1947
1785 1910
1786 1950
1787 1847 1915
1788 1807
1789
1790 1876 1894
1791
1792
1793 1916
1794
1795 1809
1796 1903
1797 1875 1923
1798
1799 1931
1800
1801
1802
1803
1804
1805
1806 1931
1807
1808 1850 1928
1809
1810 1850
1811 1814 1822 1853
1812
1813 1860 1908
1814
1815 1879 1910 1925
1816
1817 1928
1818 1882 1944
1819
1820
1821
1822
1823
1824
1825 1861 1950
1826 1838 1873 1935
1827
1828 1830 1846 1912
1829 1950
1830
1831 1899
1832 1866
1833 1847 1921
1834
1835
1836
1837 1846 1904
1838
1839
1840
1841
1842
1843 1859
1844
1845 1923
1846
1847 1891
1848
1849 1946
1850
1851
1852 1859 1945
1853 1924
1854
1855
1856 1859
1857
1858 1925
1859
1860 1861
1861
1862 1898 1942
1863
1864 1913
1865
1866 1901
1867
1868
1869
1870
1871 1874
1872
1873
1874
1875
1876
1877 1893
1878 1881 1902
1879
1880 1882
1881
1882
1883
1884
1885
1886
1887
1888
1889
1890
1891
1892
1893
1894 1898
1895 1923
1896 1923
1897
1898
1899
1900
1901
1902
1903
1904
1905
1906
1907 1941
1908
1909 1932
1910
1911
1912
1913
1914
1915
1916
1917
1918
1919
1920
1921
1922
1923
1924
1925 1945
1926
1927
1928
1929
1930
1931
1932
1933
1934
1935
1936
1937
1938
1939
1940
1941
1942
1943
1944
1945
1946
1947
1948
1949
1950
