#/opt/homebrew/Caskroom/miniconda/base/envs/hack25/lib/python3.12/site-packages/ipykernel_launcher.py --f=/Users/jpinney/Library/Jupyter/runtime/kernel-v352576b36ed274793969b57d69d8306c9df606370.json
# GMT Sun Jul 20 12:23:30 2025
# 
0 95 112 419
1 131 133 295 346 371
2 266 384 408 422
3 78 278
4 281
5 57 191 262
6 99 107 115 284
7 30
8 137 243 296
9 261
10 203 252 267
11 134 286
12 71 74 87
13 172 213
14 59 292 407
15 172 175
16 204 359
17 49 197 263
18 42
19 161
20 230 350
21
22 74 404 413
23 61 82 259 282
24 143 183
25
26 222 313
27 72 215 367
28 100 149 211 333 349 355 371 386
29 68 136 325 328
30 58 100 176 242 253 355 366
31 370
32 110 234
33
34 408
35 58 215 285 398
36 225 245 378
37 68 184 216 251 307
38 102 226 249 271
39 66
40 136 209
41 96 200 364
42
43 298
44 287
45 134 141 296
46 182 220 238 271 412
47 71 271
48 51 81 174 186 258 268
49 82 94
50 188 352
51 141 305 328
52 239 336
53 78
54 91 334 363
55 101 157 176
56 126 228 333
57 220 410
58 73 153 265
59 169 262
60 190 193 292 367
61 119
62 97 389
63 421
64 128 239
65 249 300
66 125
67 322
68 79 259 400
69 98 401
70 116 276 279 380
71 254 279
72 213 317
73 135 243
74 416
75 274
76 86 230 246 288
77 140 250 318
78 183
79 179 189 282
80 96 112 145 388 412
81 115 179 267 286
82 100
83 355 386
84 389
85
86 150 309 384 396 420
87 106
88 215 290
89
90 318
91 98 373
92 379
93 143 332
94 185 229 316
95 99 126
96 130
97 185
98 112 265
99 202 233 300
100
101 256 259 262
102 193
103 137 138 372
104 170 198
105 162 270
106 147 341
107 238 272
108 346
109 124 132 224
110
111 362
112 175 298 368 378
113 365
114 173 199 392
115 181 401
116
117 244 307
118
119 301
120 125 220 364
121 154 331
122 130
123 359 399
124 177 374 397
125 166 302
126 329 365
127 210 239 319 327 336
128 262
129 254 262 311
130
131
132 295 324
133
134 242 372
135 215 385
136 160
137 162 229
138 155 200 261 329
139
140 342 390
141 148
142 220 313
143 177 238 260
144 265
145 209 313
146 201
147 206 271
148 218 315 344
149
150 213 413
151 317 337 413 424
152 312
153 231
154 358 385 412
155 159 307
156 230
157 379
158 361 392
159 181 209 250 280
160 370 416
161 224 312 377
162 186 197 243
163 179
164 215 286 363
165 348 353 392
166 337 373
167
168 391
169 241
170 200 289 309
171
172
173 225 381
174 305
175 222 229 278 300 383
176 192 390
177
178 218
179 269 349
180
181
182 188 331
183 272 394 408 410
184 322
185
186 218 238
187
188
189 201 319 418
190 200
191
192
193
194 287 415
195 343 423
196 400
197 322 355
198
199 221 262 332
200 423
201 250 298 305 334
202 381
203
204 265 286
205 277 403
206 265 417
207
208 257 311
209 328 377
210 356 384
211 290 424
212 224 269 317
213 305
214
215 262 389 423
216 240 408
217 301
218 280 339 405 413
219 344
220 409
221 260
222
223 253
224 394
225 364
226 230
227 342
228
229 272 358 391 412
230 401
231 299 421
232 385 412
233 366 374
234 242
235 367
236 384
237 252
238 293 375
239 245 261
240 271 415
241 279 350 378 380
242 333 368
243
244 325
245 275 322 350
246 261 314 332 382 417
247 327 360
248
249 383
250 423
251
252 423
253 332 342 424
254 380
255 298 332
256
257
258 274 371
259 402
260
261 349
262 295 356
263 265
264 322
265
266
267
268 363
269 396
270 393
271
272 422
273 353
274 366
275
276 418
277 286 421
278 294
279 342
280 377
281 336
282
283 334 420
284 351
285 371
286 370
287 340 373
288 343
289 344 374
290 301 348
291 315
292 385
293 308 315 328
294
295 357 411
296 391
297 322
298
299 400
300 386
301 379
302 332
303
304
305
306
307
308
309
310
311
312 369 393 403
313
314
315 346
316 382
317
318 377
319 341
320 424
321
322
323 368 402
324
325 382
326 408
327
328
329
330
331
332 415
333
334
335 358
336 363
337
338
339
340 343
341
342
343 406
344
345 411
346
347
348 352
349
350 399
351
352 367 379
353
354
355
356 374
357
358 393
359 368
360 362 394
361 424
362 367 385
363
364
365 394
366
367
368 374
369
370
371 372
372
373
374
375 422
376
377
378
379 393
380
381
382
383
384 401 421
385
386
387
388
389
390
391
392
393
394
395
396
397
398
399
400
401
402
403
404
405
406
407
408
409
410
411
412
413
414 416
415
416 422
417
418
419
420
421
422
423
424
