#/opt/homebrew/Caskroom/miniconda/base/envs/hack25/lib/python3.12/site-packages/ipykernel_launcher.py --f=/Users/jpinney/Library/Jupyter/runtime/kernel-v352576b36ed274793969b57d69d8306c9df606370.json
# GMT Sun Jul 20 12:23:29 2025
# 
0 222 225 264 339 395 1110 1192 1416 1706
1 21 154 360 823 967 1163 1287 1326 1454 1458
2 136 298 573 761 835 933 1048 1312 1436 1482 1511
3 86 259 518 657 801 849 1171 1283 1404 1477 1703 1834
4 207 309 330 392 544 551 647 733 907 1018 1028 1249 1439 1637 1770
5 150 397 694 1013 1021 1633 1780
6 644 819 826 1634 1719
7 294 451 541 633 694 796 1296 1481 1647 1672 1703
8 154 622 910 1065 1296 1758 1771 1816
9 25 140 255 376 489 807 889 1008 1310 1522 1536 1647 1750
10 89 378 636 1385 1415 1705 1755
11 397 718 942 1056 1074 1397 1745
12 226 514 633 690 1317 1410
13 19 384 470 489 640 819 996 1106 1193 1626 1694 1834
14 45 82 484 659 691 832 848 1057 1083 1561 1663 1683
15 215 341 513 543 1110 1292 1375 1675 1714
16 194 245 340 348 705 756 1144 1213 1356 1671 1693 1729
17 58 159 233 347 632 704 711 797 863 945
18 374 453 712 829 1326 1343 1462 1467 1499 1752 1753
19 208 409 511 722 861 882 1032 1244 1438 1699
20 21 22 424 601 686 1054 1106 1414
21 295 668 896 1124 1174 1234 1359
22 206 226 465 708 992 1133 1315 1565 1580 1750 1795 1824
23 258 292 460 810 1043 1295 1418 1570
24 132 249 517 578 796 1116 1185 1246 1430 1466 1484 1615 1666 1724
25 153 227 353 472 541 973 1007 1058 1143 1537 1624 1809
26 75 109 134 259 832 932 972 1024 1095 1368 1385 1433 1526
27 62 125 308 415 593 1246 1320 1664 1804
28 945 983 1122 1200 1308 1397 1427 1826
29 40 422 482 572 792 819 862 909 966 971 990 1146 1196 1323 1372
30 99 390 629 653 668 1102 1130 1255 1265 1318 1497 1557
31 318 522 915 1047 1239 1339 1514 1626
32 404 417 939 959 1195 1417 1488 1565
33 46 130 337 441 528 584 664 761 856 944 1055 1198 1335 1348 1388 1501 1799
34 128 249 253 279 305 394 437 648 804 865 885 1212 1290 1297 1388 1708
35 179 360 560 699 847 1433 1728
36 106 279 438 735 1201 1237 1353 1373 1421 1783
37 76 229 538 617 860 1632 1633 1634
38 45 376 459 530 663 762 1057 1134 1238 1252 1288 1312 1497 1540 1619 1642
39 74 93 278 1243 1374 1466 1513 1729
40 201 438 666 879 931 965 1024 1137 1321 1470
41 229 891 1284 1704 1794 1838
42 44 45 370 521 614 1097 1124 1205 1223 1236 1710 1714
43 85 179 392 826 1066 1128 1177 1208 1334 1500 1828
44 78 353 475 703 793 1038 1086 1159 1330 1479 1600 1726
45 100 171 931 1489 1659
46 123 223 489 635 641 833 1048 1076 1128 1175 1383 1536 1806
47 231 681 687 1176 1457 1543
48 198 204 270 620 711 800 860 875 1052 1274 1526 1546 1712 1773
49 74 179 261 345 735 876 1093 1206 1586 1612 1720
50 153 505 552 739 755 909 914 996 1177 1199 1435 1601
51 552 719 747 1001 1069 1416
52 512 885 945 1090 1256 1313 1558 1655
53 75 618 727 932 937 1026 1028 1320 1767
54 188 231 262 372 440 570 572 634 929 1206 1211 1261 1344 1474 1670
55 123 389 457 800 837 1204 1209 1576 1589
56 176 507 626 713 741 883 898 926 1290 1516 1725
57 194 206 277 572 734 765 1245 1513 1657 1743 1814
58 132 361 474 700 852 939 1367 1386 1660 1670 1831
59 101 167 254 374 413 649 675 800 882 926 1069 1074 1575 1589 1804
60 274 294 302 612 615 1024 1310 1430 1583 1833
61 293 726 1115
62 74 185 202 375 423 522 730 804 933 943 1114 1546 1594
63 438 826 1300 1465 1738 1773
64 78 295 316 521 565 744 1052 1230 1420 1623 1649 1699 1767
65 75 79 119 290 292 375 376 684 1395 1451 1548 1643 1781 1805 1814
66 113 330 415 438 613 617 693 805 1033 1344 1381 1706
67 201 369 1109 1313 1394 1673 1698
68 89 370 1339 1370 1403 1649
69 117 194 403 499 999 1136 1256 1495 1511 1543 1625 1705 1831
70 164 637 638 677 775 951 1048 1283 1417 1476 1537 1753 1778
71 155 287 421 916 953 1482 1604
72 82 142 202 487 502 900 906
73 118 722 738 1011 1211 1254 1440 1482 1810
74 436 468 691 843 1037 1092 1161 1325 1355 1374 1404 1459
75 153 357 520 701 749 776 1085 1341 1354 1363 1436 1454 1642
76 78 124 269 422 450 608 1189 1567 1590
77 258 392 487 537 562 573 1188 1790
78 175 302 375 524 545 623 820 1274 1422 1454 1578 1620 1749
79 110 423 571 874 1010 1043 1341 1485 1492 1667 1724
80 407 455 566 683 726 933 1002 1112 1428 1447 1635
81 190 588 717 944 964 977 1109 1393 1469 1723
82 165 293 337 416 760 780 807 847 990 1098 1196 1676 1698 1712 1735 1760
83 225 299 487 510 951 1167 1316 1368 1826
84 112 144 210 262 297 366 487 721 1098 1301 1483 1736 1818
85 301 1033 1447 1590 1622 1754
86 181 334 518 1167 1557 1593 1745
87 412 635 856 951 959 1102 1105 1296 1344 1563 1732 1834
88 150 458 747 779 1099 1173 1238 1239 1245 1467 1615 1702 1765
89 190 361 570 582 628 631 708 853 920 993 1020 1188 1262 1377 1421 1472 1655 1692 1758
90 117 306 368 587 942 1115 1131 1177 1225 1335 1354
91 301 688 934 1028 1127 1227 1405 1450 1767
92 538 934 1077 1305 1334 1352
93 251 292 346 531 612 850 1290 1430 1600
94 446 528 584 652 902 910 1140 1437 1522
95 177 336 477 821 994 1018 1302 1347 1444 1448
96 136 137 276 466 611 631 745 861 1027 1031 1044 1352 1397 1722 1781
97 791 968 1028 1072 1354 1474 1596 1757 1784 1790
98 368 385 631 639 832 1155 1275 1474 1634
99 409 652 671 881 1283 1475 1808
100 279 571 595 1218 1256 1266 1420 1422 1608
101 104 173 191 227 1276 1332 1536 1600 1601 1720
102 191 307 324 739 755 855 1229 1274 1411 1439 1535 1540 1563 1597 1705 1815
103 300 535 586 724 881 1049 1146 1379 1738
104 371 1198 1438 1457 1529 1618 1654
105 498 516 555 978 1287 1435 1441 1715 1764
106 268 396 574 623 711 904 1030 1137 1266 1365 1715
107 127 193 194 389 433 451 738 804 864 1128 1139 1185 1251
108 168 191 247 283 343 506 668 711 1113 1259 1347 1348 1690
109 118 143 227 319 469 625 647 657 828 1170 1190 1609 1795
110 124 319 425 487 855 983 989 1022 1034 1068 1578 1587 1794
111 682 792 940 945 1099 1140 1278 1282 1285 1365 1369 1647 1718 1752
112 164 315 580 613 669 703 739 919 1141 1270 1411 1652
113 273 309 684 1025 1169 1225 1289 1386 1404 1543 1650 1798
114 177 475 479 641 718 771 1233
115 462 470 530 915 1081 1105 1412 1613 1729
116 178 242 380 514 712 1797
117 147 300 522 738 980 995 1017 1242 1446 1576
118 379 588 655 1266 1490 1574 1591 1618
119 197 477 548 970 1449 1593 1772
120 130 232 287 458 537 805 1055 1105 1205 1567 1616 1685
121 227 391 392 414 976 1041 1292 1333 1569
122 270 357 430 576 714 855 1106 1366 1520 1690 1707 1774
123 185 194 421 823 889 905 991 1039 1236 1350 1389
124 139 512 1541 1612 1729 1808
125 147 313 351 759 951 1136 1190 1256
126 136 682 915 975 1100 1107 1525 1536 1772 1810
127 176 186 293 1146 1542 1563 1681
128 192 468 522 1007 1009 1156
129 171 266 388 518 681 710 786 928 1165 1199 1215 1263 1618
130 137 203 290 553 602 678 713 934 997 1171 1821 1824
131 180 272 304 434 616 882 1034 1125
132 404 531 629 695 860 923 1285 1336 1494 1532 1623 1785
133 303 473 505 641 1010 1165 1272 1521 1612
134 171 437 480 512 754 964 1132 1214 1246 1330 1357 1483 1507 1551 1596 1635 1832
135 304 325 335 543 567 655 661 685 877 886 915 975 1105 1144 1194 1492 1567 1638 1659
136 315 478 612 619 807 859 938 1089 1418 1601
137 372 438 1112 1201 1216 1273 1546 1551
138 508 771 970 1243 1251 1532 1557 1767
139 649 691 754 987 1659
140 850 1134 1173 1187 1667 1694
141 149 283 363 735 857 1177 1320 1485
142 150 402 415 878 942 1200 1704 1742 1765
143 281 299 318 380 451 551 587 597 717 813 833 886 1023 1114 1404 1501
144 240 318 521 918 1154 1396 1462 1619 1830
145 859 1005 1012 1153 1185 1195 1556 1769
146 222 330 636 762 941 1000 1017 1196 1198 1199 1287 1361 1376 1433 1495 1705 1792
147 286 327 434 571 618 678 736 763 1062 1368 1423
148 382 469 569 586 979 1147 1366 1642 1667 1700
149 413 502 686 800 1023 1814
150 157 253 894 915 924 1134 1382 1496 1535
151 287 646 676 677 955 1743
152 214 906 951 1059 1607 1805
153 387 910 1040 1319 1416 1465 1747
154 221 223 628 652 777 1269 1273 1379 1395 1450 1626 1660 1664 1708 1743 1818
155 309 336 341 533 731 745 824 1523 1638
156 300 472 483 502 526 528 845 916 973 1310 1323 1602 1610 1657 1772
157 204 1399 1405 1635 1808
158 258 866 1091 1174 1318 1493
159 311 384 480 1014 1201 1352 1370 1744 1785
160 313 495 667 786 828 932 1043 1068 1093 1182 1376 1383 1726
161 187 409 690 1084 1152 1154 1164 1218 1600
162 220 311 337 450 659 1299 1331 1464 1644 1744
163 304 444 593 626 900 1068 1180 1555 1677 1702
164 192 283 723 1034 1093 1196 1220 1295 1303 1322 1358 1375 1430 1454 1503
165 357 609 1009 1119 1286 1586 1632
166 203 272 320 524 853 859 1114 1253 1440 1656 1743
167 540 748 1078 1527 1683
168 256 908 968 1226 1372 1780
169 312 417 459 527 765 832 920 1083 1439 1559 1582 1663 1697
170 502 526 797 952 1052 1521 1670
171 287 372 1082 1239 1309 1368 1412 1740
172 247 340 589 628 692 891 984 986 1066 1163 1202 1227 1453
173 218 239 304 556 756 890 1058 1285 1364 1672
174 211 226 247 321 323 425 740 790 956 1373 1548
175 495 574 594 674 895 1178 1182 1411 1738 1825
176 455 476 837 1306 1308 1455 1478 1610
177 366 387 429 700 844 961 1104 1169 1198 1235 1267 1285 1422 1600 1800
178 713 804 811 1311 1405 1486 1510 1556 1560 1570
179 453 614 1102 1173 1350 1358 1592 1707 1815
180 597 666 704 809 1037 1185 1208 1257 1383 1631 1750 1816
181 714 1083 1158 1416 1467
182 278 412 505 578 704 772 823 986 1035 1160 1330 1450 1695
183 329 621 661 732 901 1576 1702 1765 1804
184 243 330 336 345 513 646 1100 1344 1795
185 189 344 388 718 772 980 1173 1329 1556
186 452 456 850 1106 1483 1554 1567 1759 1773
187 280 304 584 734 1421 1473 1509 1767
188 253 642 900 1081 1185 1256 1359 1499 1589 1772
189 499 542 1203 1790
190 258 385 548 567 641 798 854 1624 1675 1682
191 224 368 409 445 744 1280 1697 1762 1821
192 254 362 524 587 636 934 1018 1300 1352 1470 1518 1582 1590 1633 1636 1718 1731 1736
193 269 821 848 875 976 984 1046 1072 1131 1355 1687 1745
194 201 824 931 1249 1293 1307 1393 1611 1716
195 304 463 613 774 1344 1523
196 353 670 1267 1363 1680
197 367 606 1298 1402
198 462 465 669 1355 1593
199 522 569 583 1050 1088 1130 1257 1308 1586 1645 1778 1824
200 521 600 1279 1421 1480 1536 1606 1739
201 416 461 488 492 561 593 623 1092 1536 1739 1776
202 309 662 867 1220 1228 1334 1533 1545 1622 1711
203 335 410 679 1082 1104 1142 1270 1731
204 240 420 659 820 827 892 1013 1088 1121 1236 1481 1648 1754 1823
205 377 393 601 630 665 854 918 986 1241 1370
206 561 825 1054 1395 1407 1578
207 359 393 443 472 630 810 831 856 1157 1160 1302 1380 1700 1785
208 238 480 838 993 1278 1319 1444 1595 1611
209 277 393 408 456 888 931
210 303 640 785 793 1557 1593 1627 1748
211 789 1087 1471 1499 1511 1760
212 232 238 255 846 1079 1528 1542 1582 1623
213 274 490 632 835 1148 1196 1320 1386 1413 1777
214 992 1096 1106 1355 1411 1591 1676
215 510 798 884 974 1292 1333 1446 1473 1510
216 235 351 722 1544 1556 1666 1835
217 248 752 884 1015 1199 1447 1511 1513 1563
218 274 414 648 683 795 895 1177 1239 1364 1546 1610 1724 1776
219 220 300 483 508 612 724 752 868 871 948 1018 1483 1499 1580 1801
220 259 291 377 381 625 683 724 1025 1155 1178 1262 1307 1466 1648 1750
221 283 287 321 553 593 1179 1307 1419 1474 1477 1521 1813 1833
222 404 1643 1687 1765 1826
223 407 930 989 1039 1151 1177 1248 1267 1471 1541 1702
224 472 521 584 827 1072 1154 1792
225 254 441 576 833 916 1257 1543 1588
226 305 398 476 805 1010 1132 1215 1239 1313 1336 1364 1496
227 342 417 645 862 1088 1236 1300 1494 1684 1692 1742 1777 1793
228 389 404 886 1057 1176 1489 1565 1605 1642
229 322 336 939 949 989 1184 1409 1719
230 421 556 590 627 683 851 989 1367 1369 1475 1511 1675 1717 1772
231 262 645 924 1110 1357 1662 1771
232 599 690 769 808 876 1411 1687 1791 1822
233 405 694 764 1210 1265 1420 1617 1647 1698 1769
234 290 330 492 579 619 1203 1205 1373 1741
235 269 377 577 1134 1336 1349 1361 1373 1475 1531
236 734 1264
237 393 716 787 1380 1430 1448 1835
238 314 317 892 946 1050 1115 1188 1223 1234 1332
239 664 734 807 1174 1345 1392 1629
240 1090 1280 1411 1714
241 247 411 724 853 947 1066 1254 1333 1348 1403 1484 1594 1680 1742
242 294 302 312 543 718 727 870 939 1006 1128 1215 1241 1297 1649 1808
243 270 276 353 497 536 675 964 1068 1262 1290 1829
244 409 681 746 928 945 1038 1154 1176 1364 1402
245 395 407 493 675 861 1160 1401 1434 1494 1816 1833
246 572 762 820 1011 1695
247 670 867 878 1199
248 382 486 683 706 731 762 1109 1127 1237 1273 1275
249 645 675 726 853 926 1355 1584 1721
250 1520 1628 1660 1769 1785
251 500 763 1064 1147 1350 1412 1545
252 416 540 780 800 987 1158 1168 1192 1829
253 298 321 393 463 663 798 933 1005 1140 1195 1363 1366 1718 1832 1837
254 454 1291 1478 1801
255 416 467 594 895 901 1062 1378 1482 1483 1568 1719
256 466 812 884 1098 1195 1289 1345 1499 1652 1688
257 321 325 363 461 556 717 832 1019 1089 1151 1173 1174 1292 1309 1347 1435 1611
258 310 400 478 651 672 801 932 1357 1409 1477 1570 1579 1730
259 503 1041 1121 1457 1596 1673 1676 1753
260 456 500 803 835 1024 1221 1358 1423 1606 1623 1726
261 422 431 441 493 530 680 738 880 1033 1080 1567 1602 1703
262 623 676 708 776 1034 1040 1084 1254 1296 1363 1593
263 285 342 346 406 817 915 1223 1241 1328 1351 1820
264 318 352 387 658 796 989 1145 1243 1406 1478 1775
265 321 367 456 653 727 777 808 810 811 1067 1215 1227 1275 1682
266 322 399 738 869 888 1158 1587
267 284 496 632 682 735 926 1024
268 286 351 688 1136 1653 1759
269 298 634 696 884 967 1004 1084 1332 1368 1502 1758 1784
270 392 637 691 711 718 1033 1389 1406 1415 1552
271 390 547 1205 1474 1729
272 334 359 386 655 659 799 954 1533 1673 1791
273 329 444 610 649 718 738 1357 1408 1411 1552 1597
274 281 376 678 725 732 1173 1179 1377 1405 1545 1837
275 503 611 667 896 1345 1378 1475 1561 1738
276 393 721 796 992 1037 1229 1247 1291 1660 1730
277 322 495 496 524 830 1280 1569
278 906 993 1122 1125 1573 1672
279 330 371 435 531 663 680 682 846 946 951 1060 1099 1217
280 591 836 889 1044 1347 1636 1714 1734 1803
281 500 514 534 684 1015 1474 1631 1834
282 527 805 903 985 1100 1165 1241 1266 1313 1333 1805
283 347 363 372 440 518 1113 1167 1313 1464 1557 1731
284 314 640 654 861 1144 1376 1543 1695
285 314 509 577 904 1017 1065 1172 1298 1460
286 513 576 708 1461 1677 1793 1799
287 504 654 684 858 998 1007 1313 1316 1347 1370 1797
288 316 471 517 617 643 1091 1531 1621 1643
289 419 634 652 782 954 1055 1254 1288 1395 1565 1779
290 322 442 470 704 992 1272 1294 1621 1690 1742
291 579 756 762 816 936 1147 1339 1703 1742 1792 1835
292 358 505 530 756
293 423 689 937 1337 1580 1653 1687
294 483 506 560 633 726 1029 1106 1312 1360 1380 1497 1541
295 478 535 719 791 841 986 1106 1311 1582 1818
296 329 624 876 1092 1472 1696
297 780 1209 1435 1599 1803
298 499 643 1020 1592 1621 1700 1770
299 328 876 1346 1489 1571
300 327 549 579 678 828 884 893 1040 1042 1615 1833
301 694 752 891 944 1224 1262 1289 1320 1484 1625 1681 1700 1817
302 535 703 714 1147 1152 1382
303 473 605 719 769 774 832 1194 1251 1268 1462
304 319 331 634 673 745 864 1044 1091 1508 1534 1727 1756
305 550 666 811 1088 1177 1542 1631 1655
306 329 575 629 746 751 1506 1709
307 728 828 858 859 948 1033 1076 1227 1299 1437 1601 1826
308 406 605 683 1006 1257 1683
309 482 545 601 891 981 1160 1588 1642
310 652 1129 1135 1248 1301 1721 1766 1801 1825
311 357 360 588 989 1046 1542 1644 1816
312 792 1255 1559 1607
313 680 767 1300 1354 1371 1706 1717
314 1178 1188 1265 1332 1463 1524 1536 1606 1639 1802
315 550 757 809 927 1003 1215 1370 1433 1797
316 389 596 639 1013 1224 1279 1362 1627 1656 1692
317 330 832 929 1037 1589 1619 1665 1807
318 538 593 1111 1291 1775
319 398 753 896 1062 1094 1124 1253 1388 1440 1817
320 334 525 660 1249 1709 1759
321 412 907 1376 1487 1495 1535 1589 1617
322 651 948 965 1005 1032 1368 1617 1754 1788 1802
323 324 434 629 717 942 1231 1312 1328 1454
324 422 1032 1240 1348
325 381 506 528 647 721 1363 1460 1544 1553 1564
326 743 1267 1426 1526 1613 1774
327 403 467 475 659 717 993 1107 1126 1354 1360 1375 1497 1800
328 670 1127 1251 1461 1526
329 494 510 676 867 948 968 1059 1174 1481 1563 1766
330 435 443 746 757 837 902 1023 1155 1366 1473
331 353 422 488 568 760 875 1259 1322 1432 1508 1592 1742
332 406 950 972 1266
333 381 465 586 599 606 708 729 795 848 1247 1414 1474 1593 1655 1660
334 352 603 622 721 753 884 889 1320 1370 1641 1693 1761 1764
335 561 718 809 1073 1173 1207 1289 1586 1609 1755
336 342 443 619 637 970 1043 1495
337 348 543 632 654 980 1425 1459 1601 1721 1779 1794
338 505 942 1075 1159 1281 1370 1400 1475 1515 1795
339 534 563 831 1474 1504 1621 1658
340 415 667 1058 1440 1578 1705 1737 1784
341 391 446 1427 1521 1695
342 345 850 1045 1539 1593 1664 1699
343 388 680 815 877 962 1493 1711 1722
344 440 453 630 764 935 1283 1369 1400 1420 1515 1634 1743 1809
345 618 648 836 872 1091 1128 1285 1410 1540 1765 1819
346 665 740 885 1187 1257 1350 1369 1382 1398 1402 1538 1543 1623 1647 1748
347 609 667 947 1155 1304 1334 1512 1562 1805
348 434 461 582 763 837 937 1039 1278 1316 1733
349 491 751 787 901 1019 1080 1355 1422 1544 1640
350 537 698 1046 1091 1106 1120 1174 1339 1437 1445 1484 1616 1835
351 543 648 936 1483 1778
352 565 664 666 752 926 1177 1306
353 637 731 760 939 969 1263 1325 1486 1582
354 494 780 1143 1150 1257 1307 1308 1325 1459 1572 1579 1815
355 416 676 905 951 1426 1627 1677 1731 1818
356 835 1003 1139 1405 1434 1438
357 359 494 541 1074 1196 1268 1755
358 741 1182 1349 1420 1439 1442 1458 1704 1746
359 393 673 798 969 1729 1737 1744
360 379 668 852 870 1469 1550
361 421 632 681 736 761 799 883 928 1373 1429 1503 1616 1687 1729
362 415 422 557 927 1147 1155 1379 1521 1774 1831
363 369 508 556 866 968 1327 1354 1698 1795
364 794 876 961 1025 1151 1292 1519
365 386 542 752 907 994 1020 1059
366 599 861 866 1111 1286 1748
367 395 409 710 712 742 765 802 1125 1371 1572 1712
368 395 517 650 784 823 1035 1208 1291 1453 1462 1779
369 622 765 796 850 1029 1088 1776
370 572 656 941 983 1148 1191 1253 1320 1503 1551
371 686 774 868 946 1021 1156 1319 1320 1366 1630 1725 1729 1797
372 731 878 939 1405 1504 1564 1667 1707
373 919 1011 1317 1436 1560 1641
374 403 404 544 692 719 943 1092 1188 1382 1445 1446 1549 1828
375 609 626 811 1020 1364 1502 1573 1588 1633 1658 1677 1765
376 588 1018 1062 1245 1356 1492 1613
377 418 498 651 757 984 1031 1099 1584
378 517 564 639 749 1166 1424 1430 1785
379 466 576 640 664 1295 1472 1530 1623 1712
380 650 655 695 942 1057 1084 1088 1161 1214 1553 1555
381 441 473 622 926 1511 1620 1644 1675 1724
382 629 777 872 1072 1274 1416 1466 1552 1801
383 520 565 683 1189 1248 1273 1326 1775
384 426 467 545 604 706 816 837 860 1669
385 434 680 688 749 801 1013 1280 1383 1425
386 388 414 458 534 934 1356 1570 1783
387 409 422 751 811 866 1278 1354 1530 1724 1761 1772
388 986 1664
389 440 472 481 824 929 1243 1381 1512 1544 1619 1838
390 454 648 792 825 826 989 1082 1511 1523 1613 1645
391 1009 1027 1046 1192 1360 1532 1670
392 405 440 872 879 1054 1077 1085 1167 1306 1470
393 495 591 831 874 1169 1288 1405 1613 1699
394 418 584 616 963 1104 1241 1588 1603 1664
395 576 605 710 964 1029 1057 1070 1193 1397 1675 1812
396 1291 1355 1554 1670 1819
397 794 817 1643 1671 1712
398 473 977 1043 1049 1080 1341 1494 1588 1731
399 435 571 619 716 789 880 932 1047 1086 1333 1366 1451 1538 1597 1718 1736
400 770 955 1025 1083 1176 1422 1495 1522 1702
401 905 966 1160 1719
402 585 1332 1340 1411 1647 1664
403 499 705 737 753 796 944 1120 1132 1432 1507 1778
404 786 826 977 1175 1263 1662
405 414 498 611 844 964 1140 1361 1716 1727
406 481 498 499 674 781 827
407 540 774 834 925 1080 1122 1233 1564 1659
408 751 1021
409 420 594 670 1322 1546 1830
410 503 552 834 882 911 912 915 1063 1295 1479 1508 1512 1791
411 422 466 684 1339 1381 1718 1777 1808
412 570 869 1023 1083 1262 1359 1600 1732 1836
413 582 1559 1788
414 576 638 1103 1133 1218 1491 1643
415 552 620 773 1343 1519
416 435 449 1405 1794
417 869 941 1116 1732
418 533 712 1019 1126 1203 1238 1304 1320 1324 1506
419 574 622 973 1402 1640 1727 1784
420 978 1023 1031 1673 1699 1786
421 503 814 867 1180 1229 1404 1555
422 891 1121 1150 1164 1221 1304 1307 1582 1832
423 691 879 993 1329 1453 1564 1648 1716
424 514 972 1727
425 431 575 666 738 903 956 1050 1062 1316 1371 1684 1715 1811
426 511 780 828 1119 1147 1284 1322 1367 1463
427 575 773 1230 1444 1556 1791
428 787 797 829 831 1117 1227 1241 1305 1539 1614 1782
429 528 705 808 856 1010 1018 1467 1745
430 992 1488 1560 1608 1617 1647 1789
431 493 494 508 529 585 1028 1154 1403 1474
432 584 660 752 842 861 1200 1374 1404 1606 1735
433 1384 1439 1529
434 762 988 993 1062 1086 1172 1336 1473 1774
435 660 662 677 769 1077 1262 1724
436 509 683 813 1524 1528 1564 1750
437 564 1070 1524 1658 1673 1683 1796
438 588 593 777 778 1098
439 444 866 876 991 1206 1215 1547 1702 1724
440 457 723 1077 1080 1346 1349 1411 1631 1680 1764
441 835 837 915 981 1082 1107 1270 1527 1555 1756 1803
442 446 447 502 672 733 748 806 957 1232 1509 1518 1766 1825 1826 1836
443 612 961 1540 1597 1827
444 490 775 796 896 1089 1181 1701 1702
445 637 675 729 765 1157 1279 1707
446 508 599 757 838 886 1039 1602 1802
447 552 714 752 880 1020 1081 1320 1370 1487 1497 1565 1686
448 545 557 633 941 1153 1170 1173 1347 1806 1819
449 568 571 704 1089 1118 1267 1530 1643 1763 1818
450 502 624 946 1205 1228 1271 1573 1585
451 471 716 1113 1168 1727
452 510 833 1237 1295 1346 1395
453 582 591 695 912 1044 1057 1180 1294 1409 1514 1563 1580 1606
454 470 540 665 699 757 1435 1567 1763 1801
455 550 812 997 1016 1122 1276 1311 1347 1649
456 614 839 881 1104 1746 1756
457 645 747 748 776 1041 1116 1582
458 602 617 769 946 963 993 1032 1703 1827
459 624 1447 1710
460 597 649 835 938 1074 1699
461 580 643 1050 1507 1795
462 604 981 1200 1379
463 907 1038 1231
464 524 657 912 1203 1409
465 468 1121 1157 1525
466 697 797 896 897 940 1228
467 542 583 636 813 1195 1354 1361 1658 1832
468 840 955 988 1159 1382 1441 1509 1528 1539 1555 1679 1687
469 582 996 1094 1133 1439 1496 1521 1809
470 622 630 927 944 1258 1398
471 681 825 835 1073 1081 1588
472 473 818 853 995 1217 1461 1597 1715 1757
473 515 674 1061 1252 1255 1511
474 612 684 965 1113 1735
475 638 798 864 921 1133 1150 1235 1385 1403 1618 1722
476 487 594 856 1251 1278 1374 1585 1680 1799
477 702 749 787 925 1305 1642 1734 1800
478 744 1023 1393
479 635 676 816 818 1186 1221 1243 1521 1614 1636 1697 1765
480 787 899 922 942 1102 1358 1364 1538 1749 1836
481 777 814 882 1280 1770 1807
482 704 761 781 869 900 1061 1306 1311 1632
483 530 589 664 903 955 987 1084 1231 1771 1778 1807
484 535 922 1006 1044 1047 1050 1486 1693 1761 1791
485 895 1169 1207 1317 1402 1779 1819
486 557 579 598 651 948 982 1186
487 598 728 1363
488 490 549 552 775 830 959 1071 1100 1189 1259 1483 1729 1792 1803
489 780 1112 1184 1246 1252 1364 1368 1540 1620 1691
490 493 560 594 738 821 837 1148 1208 1398 1463 1539
491 514 818 1021 1376 1468 1611 1638 1675
492 603 774 844 955 1014 1048 1123 1296 1316 1568 1828
493 608 631 785 948 1255 1367 1371 1484 1682
494 690 912 968 1003 1125 1405 1444 1525 1569 1751 1816 1837
495 527 561 783 1053 1070 1150 1466 1565 1724 1779
496 521 861 1298 1300 1304 1334 1443 1501 1643 1678 1740 1825
497 870 878 881 977 1030 1072 1101 1172 1226 1520 1736 1749
498 578 628 640 825 1051 1103 1272 1389 1816
499 1082 1145 1150 1245 1526 1539 1614 1701
500 534 773 1075 1225 1269 1698
501 629 721 817 1085 1134 1202 1272 1400 1435 1823
502 714 790 1094 1580
503 542 670 875 1009 1038 1094 1201 1427 1604 1685
504 516 522 666 871 966 1168 1257 1402 1446 1645
505 621 788 966 1217 1292 1443 1500 1681 1735
506 798 815 1219 1406 1560 1673 1737
507 515 549 846 1006 1012 1285 1509
508 524 557 601 837 1040 1493 1506 1561 1677 1720
509 558 578 1466 1567 1584
510 552 679 766 826 954 1266 1320 1348 1394 1539 1627
511 593 625 903 1409 1498 1538 1542 1709 1769
512 613 979 1133 1279 1342 1455 1459 1569 1600 1701 1789
513 672 722 1014 1114 1348 1400 1541 1633 1751
514 573 613 712 896 933 1230 1293 1338 1412 1542 1574 1583 1598 1616 1617
515 989 1332 1496 1585 1665
516 803 810 1003 1034 1134 1152 1203 1383 1581 1610 1639 1713
517 733 941 1191 1271 1711 1753
518 677 778 802 890 940 1084 1322 1355
519 596 648 958 1830
520 603 696 967 976 1022 1388
521 1051 1072 1357 1400 1608 1765
522 728 763 1552
523 610 806 1039 1172 1449 1609 1803
524 609 996 1217 1548
525 719 1188 1223 1366 1368 1542 1666
526 581 892 982 1025 1050 1649 1674 1706 1743 1744 1766
527 931 1004 1375 1424 1611
528 760 880 1299 1414 1431
529 584 598 853 1005 1011 1110 1208 1317 1511 1687
530 1139 1835
531 606 610 1101 1157 1178 1180 1328 1598 1638 1783
532 959 1206 1330 1565 1725
533 717
534 571 595 996 1237 1289 1586
535 599 828 832 897 986 1368 1396 1576
536 621 803 888 928 1147 1755
537 678 679 875 995 1197 1276 1287 1459 1620 1826
538 655 660 851 1073 1230 1439 1489 1752 1757
539 582 664 936 1122 1148 1321
540 602 799 810 1153 1296 1446 1458 1581 1667 1823
541 591 655 775 1158 1257 1269 1786
542 600 728 1053 1067 1183 1333 1591 1600 1714 1717
543 551 554 706 802 1231 1501
544 759 763 963 996 1059 1129 1295 1519 1726 1743 1784
545 597 690 781 882 900 1073 1173 1226 1295 1571 1621 1734 1767
546 573 905 909 1018 1257 1462 1524 1827
547 682 761 1077 1086 1232 1426
548 962 1040 1161 1185 1333 1486 1786
549 630 668 1021 1095 1163 1300 1358 1364 1419 1635 1639 1641 1756
550 552 858 912 947 1162 1390 1596 1799
551 560 836 884 922 1621
552 961 1056 1226 1266 1634 1758
553 905 1018 1151 1179 1226 1404 1660 1692
554 1065 1271 1362 1369 1449 1636
555 1159 1194 1310
556 784 866 878 1477 1497 1499 1663 1833
557 638 988 1211 1258 1363 1384 1522 1523 1708 1799
558 978 1018 1206 1326 1462
559 899 904 964 1052 1114 1308 1330 1386 1398 1408 1518 1645
560 621 723 775 878 983 1151 1512 1566
561 740 1228 1238 1496 1595 1675
562 730 888 974 985 1073 1226 1344 1451 1553 1577 1769
563 760 830 852 864 907 1056 1115 1310 1529 1635 1698 1779
564 783 990 1322 1374 1465 1501 1542 1609
565 609 706 1270 1457 1742
566 649 925 1027 1036 1280 1342 1344 1435 1771
567 989 1025 1332 1474 1500 1578 1637
568 579 596 1209 1354 1396
569 653 913 1154 1617 1780
570 606 743 1110 1201 1220 1383 1413 1428 1447 1720 1829
571 862 1092 1194 1479 1746
572 834 885 897 1181 1279 1456 1778
573 638 646 679 765 1132 1465 1683
574 807 878 914 954 1145 1201 1296 1452 1607 1712
575 615 870 1255 1435 1439 1769
576 972 993 1036 1087 1089 1157 1173 1206 1296 1721 1801
577 638 754 842 880 1105 1227 1413 1458 1560 1704
578 668 1034 1293 1371 1518 1671
579 687 1652
580 687 772 817 863 996 1052 1056 1093 1420 1533 1644 1696 1742
581 741 789 890 1836
582 731 748 749 854 1210 1393 1639
583 848 942 1020 1281 1642 1731
584 642 645 765 1006 1043 1085 1179 1357 1379 1431 1495 1543 1801
585 637 832
586 624 943 1337 1408 1466 1530 1694
587 705 819 866 1144 1495 1704 1714 1817 1833
588 1014 1107 1237 1338 1340 1669
589 593 714 1068 1304 1327 1769
590 719 1124 1309 1504 1538 1641
591 642 713 903 1127 1236 1362 1410 1513 1525 1728 1802 1805
592 1156 1210 1384 1419 1644 1653
593 904 1023 1152 1380 1560 1610 1648
594 1014 1180 1227 1489 1696 1727
595 972 1007 1028 1829
596 725 864 980 1143 1616
597 1036 1174 1476 1529 1729
598 860 1083 1219 1507 1662 1812
599 800 859 959 1009 1233 1470 1593 1767
600 703 875 988 1035 1162 1569 1741
601 610 647 738 770 1195 1437 1471 1568 1653 1791
602 702 748 752 816 928 1171 1241 1277
603 640 682 807 908 931 984 1610 1796 1821 1837
604 796 851 872 888 1123 1131 1195 1236 1361 1768
605 655 1032 1626
606 652 838 997 1121 1209 1339 1342 1443 1444 1728
607 634 670 831 853 1354 1490 1653
608 705 871 1122 1555
609 619 1097 1204 1379 1438 1689
610 720 800 836 1066 1343 1423
611 675 883 917 1377 1451 1494 1513 1776 1805
612 635 1362
613 690 756 802 893 940 1013 1202 1590 1824
614 625 654 856 1041 1428 1658 1674 1799
615 621 977 1128 1259 1340 1446 1466 1768
616 714 821 1065 1119 1143 1191 1383 1437 1541 1646 1733
617 626 639 672 722 1167 1173 1467 1503 1552 1656 1699 1723
618 678 872 1037 1136 1535 1788 1832
619 733 938 998 1144 1647 1720
620 809 1062 1258 1349 1410 1461 1614 1688
621 1069 1080 1358 1426
622 646 822 838 888 907 1268 1393 1647 1692 1720
623 795 1069 1143 1584 1623
624 662 706 779 920 1081 1221 1399 1472 1816
625 633 792 805 902 964 1192 1486 1560 1606 1800
626 641 855 1056 1140 1351 1355 1609 1742 1765
627 840 1006 1159 1445 1488 1507 1563
628 1016 1120 1608 1722 1800
629 631 729 772 974 1088 1137 1184 1219 1345 1820
630 1109 1298 1352 1577 1597 1738 1791
631 1288 1651 1669 1750
632 645 1204 1216 1575 1594
633 690 1495 1607 1700 1808 1832
634 636 856 999 1478 1550 1712
635 1159 1461 1730 1748 1830
636 664 715 778 1171 1190 1643 1753
637 677 1078 1080 1321 1497 1506 1733 1795
638 933 1264 1505 1686 1779
639 881 1172 1286 1365 1555
640 647 800 849 903 1035
641 1713 1784
642 696 1007 1416 1809
643 711 1318 1493 1705 1789
644 683 699 714 824 939 1007 1089 1110 1537 1798
645 689 751 775 929 974 1085 1180 1353 1574 1607 1711 1717 1812
646 795 814 823 841 869 1114 1295 1445 1566 1589 1810
647 872 937 1037 1223 1375 1444 1568 1830
648 863 995 1265 1273
649 842 905 1308 1375 1411 1797
650 909 1225 1343 1637 1710 1771 1803
651 766 872 1044 1244 1601
652 660 1322 1343 1571 1675 1686 1829
653 1049 1142 1253 1434 1490 1701 1827
654 675 945 1168 1196 1481
655 670 671 821
656 1108 1542 1739
657 906 987 1011 1056 1157 1177 1179 1338 1424 1571 1581 1684
658 691 731 795 1304 1382 1478 1796
659 891 934 1163 1467 1726
660 768 876 1000 1393 1463 1701
661 667 1256 1624
662 902 1036 1482 1648 1772
663 1622 1687 1713
664 850 1301 1417 1473 1590 1641 1809
665 881 1283 1653 1739
666 695 856 991 1062 1402 1407 1589 1766 1815
667 1102 1127 1158 1505 1678 1734 1782 1826
668 995 1034 1147 1164 1324 1342 1617 1630 1688 1794
669 810 1115 1524 1635 1694 1770
670 690 734 775 878 1037 1466 1793 1819
671 859 947 973 981 1282 1325 1336 1342 1383 1472 1568 1716 1825
672 1006 1511 1631
673 688 897 1041 1107 1712
674 700 755 887 995 1104 1291 1394 1609 1681 1818
675 1361 1394 1714 1829
676 822 959 967 1244 1513 1615 1626 1756 1792
677 855 893 969
678 696 724 772 996 1020 1072 1098 1120 1149 1185 1363 1770
679 756 1456
680 814 1036 1079 1289 1496 1812
681 882 1141 1347 1611
682 753 846 968 1023 1133 1544 1597 1796
683 926 965 1039 1361 1582 1658 1824
684 900 1108 1133 1221 1514 1600
685 966 1353 1548 1555 1698
686 1058 1150 1571 1690
687 842 1195 1387 1574 1699
688 908 1066 1166 1344 1356 1773
689 704 733 1366 1448 1534 1720
690 692 767 781 890 1147 1352 1468 1500
691 1290 1298 1439 1456
692 731 1199 1221 1289 1299 1357 1504 1594 1822
693 719 724 978 1132 1352 1429 1570 1699 1779 1797 1812
694 998 1007 1090 1475 1674
695 748 787 864 895 945 990 1361 1370 1527 1560 1626 1688 1826
696 812 1649 1808
697 774 797 844 1028 1378 1540 1558 1585 1622 1664 1804
698 1105 1403 1662 1736 1805
699 860 1149 1155 1310 1334 1430 1444 1478 1692 1836
700 757 785 807 913 1187 1309 1334
701 788 822 848 972 1264 1357 1620 1678 1695 1809
702 892 896 910 942 1205 1232 1412 1651 1674 1770
703 755 758 1377 1689
704 1386 1618 1619 1768
705 785 1044 1513
706 741 757 764 885 904 1208 1281
707 908 1034 1154 1311
708 713 949 1133 1172 1210 1532 1619 1837
709 791 852 1288 1409 1471 1694
710 759 765 801 955 1052 1307 1426 1493 1570 1694
711 715 1310 1384 1482 1810
712 814 933 1015 1287 1311 1378 1458 1509 1612 1614 1749 1804
713 796 862 1060 1093 1177 1227 1288 1307 1338 1350 1479 1500 1583 1584 1592 1695
714 768 861 933 948 1217 1310 1633 1648 1801
715 1086 1276
716 734 1072 1088 1222 1420 1557 1813
717 780 962 1257 1295 1361 1523 1526 1548 1557 1720
718 765 848 936 1026 1087 1188 1437 1480 1544 1624 1741
719 845 943 1019 1130 1231 1322 1352 1540
720 900 1112 1121 1483 1503
721 774 845 852 1660 1711
722 956 1014 1176 1316 1463 1560
723 771 836 938 980 1123 1810
724 832 1371 1548 1568 1654 1698
725 791 872 967 1048 1302 1755
726 911 1151 1189 1575
727 759 835 1214 1537 1618 1627 1630
728 904 1207 1780
729 774 1130 1524 1570 1581
730 740 785 1139 1552 1741 1813
731 745 770 830 836 975 1064 1125 1224 1667
732 857 874 958 1024 1693 1768
733 940 962 1009 1233 1444 1449
734 742 1043 1125 1164 1357 1562
735 828 1081 1123 1700
736 763 1056 1265 1337 1355 1465 1523 1539 1545 1578 1621
737 1073 1321 1336 1562 1685 1798 1833
738 976 1028 1115 1254 1303 1485 1596 1640
739 874 907 935 947 955 1153 1613
740 1350 1381 1544 1648 1777
741 835 1004 1164 1289 1522 1582 1785
742 926 1177 1312 1473
743 1078 1124 1137 1150 1174 1229 1278 1584 1625 1669 1671 1741
744 749 871 1170 1215 1570 1778 1799
745 1041 1299 1328 1480 1578 1675 1699
746 760 1016 1072 1129 1726 1796
747 815 875 904 920 944 953 977 987 1400 1642 1681 1780 1794
748 1118 1469 1559 1618 1751 1826
749 843 909 967 1132 1259 1425 1539
750 869 911 912 1282 1286 1384 1523 1537 1547 1749 1832
751 1282 1531 1567 1736 1738 1834
752 864 1374 1555 1799 1835
753 939 1052 1083 1186 1214 1415
754 766 802 880 904 1081 1192 1238 1250 1259
755 1288 1371 1384 1528 1563 1610 1833
756 806 1117 1159 1249 1726
757 762 881 1699
758 774 864 868 1196 1455 1675
759 1115 1151 1304 1680
760 773 800 914 1254 1400 1403 1455 1526
761 1147 1746
762 953 955 1009 1182 1183 1216 1459 1509 1719 1826
763 1065 1711
764 938 1019 1039 1152 1231 1511
765 952 1002 1007 1134 1166 1299 1552
766 785 1086 1179 1204 1404 1406 1598 1700
767 874 898 915 971 1291 1314 1349 1566 1570 1575 1641 1722 1826
768 1399 1767
769 790 818 850 915 1341 1804 1836
770 998 1669
771 987 998 1571 1592 1626 1707 1726 1814
772 818 861 916 956 977 1128 1183 1462 1468
773 1047 1125 1163 1491 1553 1824
774 802 937 1229 1332 1469 1630
775 999 1422 1835
776 947 1028 1113 1330 1783
777 988 1030 1236 1480 1641 1714 1764 1766
778 1014 1028 1320
779 827 1301 1704 1711
780 806 1112 1122 1146 1149 1306 1359 1567 1634 1778
781 926 1364 1626 1676 1708
782 918 1296 1435 1456 1506 1571 1769 1823
783 960 1152 1175 1310 1835
784 807 906 908 922 993 1052 1238 1320 1452 1649
785 816 864 907 1130 1473 1562 1563 1612 1786
786 854 944 1097 1377 1469 1556 1692
787 878 1019 1068 1133 1202 1338 1627
788 1030 1080 1267 1269 1279 1319 1327 1420 1489 1695
789 1017 1111
790 834 891 1189 1390 1397
791 1214 1405 1750 1831
792
793 908 918 1072 1400 1485 1560 1624 1703 1744
794 909 1057 1205 1554 1609 1802 1823
795 851 1253 1514
796 1021 1050 1128 1141 1192 1222 1267 1442 1578 1605 1610 1703
797 854 905 1118 1121 1332 1370 1575 1591 1798
798 890 1081 1210 1306 1579 1688
799 803 848 849 1002 1442 1459 1695
800 827 1229 1245 1354 1567 1715
801 815 835 877 975 1335 1593
802 872 879 1058 1168 1245 1570 1674 1675
803 1015 1026 1067 1270 1629 1646 1807
804 817 833 959 1080 1262 1399 1542 1681 1749
805 853 1037 1043 1199 1358 1459 1489 1632
806 843 931 1564 1645 1728 1791 1829
807 908 1220 1272 1372 1640 1734
808 1218 1225 1475 1590 1596 1729 1810
809 874 1215 1276 1356 1439 1589 1685 1752
810 811 875 911 1410 1576
811 836 929 973 1157 1212 1276 1349 1361 1416 1717 1785
812 1094 1095 1247 1470 1610
813 883 885 1003 1100 1232 1416 1742 1751
814 1090 1446 1493 1504 1690
815 990 999 1376 1475 1592 1633 1712
816 1186 1325 1351 1410 1791
817 964 974 1056 1078 1190 1249 1550 1616 1676
818 1000 1016 1202 1314 1523 1686 1814
819 981 987 1001 1052 1138 1141 1246 1270 1291
820 1005 1297 1463 1578 1756
821 1064 1082 1086 1119 1275 1301 1350 1491 1618 1756
822 846 870 1040 1088 1183 1832
823 914 1279 1541
824 1707 1763 1823 1828
825 840 909 942 1228 1657
826 1119 1507 1524 1567 1700 1774 1779
827 1074 1501 1578 1751
828 1070 1100 1226 1359 1501 1831
829 904 911 1260 1268 1725
830 1438 1754 1836
831 1299 1425
832 848 914 929 944 948 1082 1723 1827
833 839 1261 1283 1416 1506 1591 1649 1767
834 1482 1487 1632 1794 1797
835 1161 1172 1215 1256 1670 1688 1707
836 999 1375 1458 1498 1716 1745 1768
837 879 1495 1620 1803
838 905 1017 1021 1345 1581 1628 1837
839 1005 1050 1280 1290
840 1372 1431
841 939 1147 1271 1272
842 1358 1670 1696 1752 1824 1834
843 980 1039 1377 1557 1573 1773
844 971 1002 1086 1099 1116 1224 1493
845 869 1004 1537 1548 1736 1743 1760
846 930 1056 1169 1403 1423 1463 1538 1590 1774
847 861 940 1200 1299 1305 1309 1352 1389 1406 1473 1601
848 1029 1091 1281 1411 1560 1730
849 1026 1289 1390 1509
850
851 935 959 1437
852 881 995 1177 1200 1292 1338 1370 1817
853 869 891 1023 1106 1173 1419 1512 1568 1673
854 1025 1132 1431 1540 1628 1709 1767 1776
855 875 1349 1383 1579 1648 1757
856 1034 1050 1452 1578 1662 1670 1709 1827
857 1235 1260 1354 1453 1585
858 900 957 1095 1206 1423 1489 1585 1705
859 997 1330 1362 1467
860 900 1014 1235 1321 1339
861 899 1082 1341 1435 1658 1679
862 1034 1078 1270 1392 1659 1726 1796
863 1060 1143 1279 1306 1517 1764
864 931 959 1031 1619 1652 1739 1835
865 1360 1478 1698 1735 1816
866 877 1104 1118 1126 1146 1178 1374 1406 1465 1566
867 962 1228 1428 1757
868 999 1019 1022 1223 1533 1743
869 1032 1051 1070 1435 1466
870 1000 1305 1503 1783
871 1434 1476 1555 1626
872 1107 1130 1244 1745
873 1048 1188 1401 1617
874 965 1052 1178 1262 1352 1410
875 1012
876 1078 1104 1553 1577 1775 1785
877 976 1212 1270 1329
878 1036 1049 1144 1160 1360 1392 1410
879 1016 1035 1084 1115 1152 1320 1408 1427 1553
880 889 901 1127 1181 1313 1501 1525 1529 1539
881 1275 1707 1715
882 1159 1501 1699 1827
883 886 992 1066 1083 1278 1763 1786
884 1442 1664 1723
885 975 1036 1082 1342 1377 1765
886 928 1094 1178 1235 1620 1657 1754 1793
887 953 975 1201 1435 1497 1707 1740 1768
888 1264 1294 1308 1515 1618
889 1061 1226 1255 1275 1337 1343 1532 1622 1661 1676 1838
890 997 1000 1429 1682 1760
891 964 1094 1342 1539 1633 1673 1724
892 1062 1821 1825
893 1019 1052 1242 1464 1516 1777
894 1322 1614
895 1407 1636 1699
896 952 977 1232 1516
897 958 1196 1237 1296 1675
898 926 943 1015 1272 1356 1363 1472 1756
899 1038 1163 1493 1744
900 997 1008 1332 1354 1697 1762
901 1026 1120 1625 1628
902 1273 1429 1554 1559 1604 1671
903 935 1471 1492 1600 1803
904 948 1082 1246 1509 1511 1647
905 945 1007 1023 1035 1160 1546 1630 1722 1740
906 984 993 1125 1150 1189 1513 1526 1747 1821
907 1069 1156 1167 1279 1565 1581 1648 1655 1742
908 998 1068 1244 1275 1584 1743 1809
909 1017 1044 1101 1440 1563 1612 1640 1709 1740
910 1080 1136 1148 1376
911 1114 1175 1178 1487
912 1273 1395 1476 1494 1563 1566
913 941 963 1413 1770
914 931 1156 1392 1638 1642 1711 1810
915 956 958 978 1334 1409 1615 1624 1631 1660
916 1079 1081 1789
917 976 1294 1391 1424 1492 1622 1774 1788
918 1340 1369 1387 1523 1744 1787
919 1139 1357
920 1073 1273 1340 1382 1517 1545 1798
921 994 1014 1076 1178 1373 1492 1616
922 935 984 1199 1347 1545 1831
923 1475 1514 1731 1760 1815
924 956 979 1052 1532 1649 1795 1828 1831
925 1180 1188 1372 1374 1392 1400 1417 1438 1472 1600
926 1183 1452 1808
927 1531 1581 1632 1642
928 1001 1113 1529
929 959 1046 1112 1507 1512 1593 1710
930 975 1117 1123 1231 1398 1515 1656 1823
931 933 1140 1150 1372 1406 1557 1755
932 957 1220 1297 1307 1471 1536 1764
933 1521 1805
934 981 1116 1431 1498
935 970 1140 1641
936 1107 1337 1355
937 1112 1115 1307 1313 1435 1640 1752
938 1055 1122
939 1069 1170 1522 1637 1642 1661 1753
940 1030 1254 1261 1285 1359 1602 1614 1746 1770
941 1048 1366 1684
942 1326 1525
943 1305 1416 1559 1651 1676 1819 1832
944 1118 1476
945 1092 1207 1444 1601 1606 1777 1788 1838
946 1190 1243 1389 1424 1532 1564 1576 1821
947 1352 1402 1551 1588 1638 1786
948 1090 1139 1307 1506 1514
949 1003 1179 1190 1259 1357 1361 1423 1474 1536 1640
950 1159 1367 1437 1813
951 1211 1313 1318 1426 1573 1688 1777
952 984 1189 1234 1299 1379 1445 1762 1765 1777 1795 1812
953 975 1131 1187 1376 1425 1510 1684
954 986 1014 1039 1225 1347 1623 1646
955 1109 1164 1405 1530 1732
956 1283 1427 1464 1707 1732 1745 1755
957 1071 1096 1223 1243 1334 1781
958 994 1264 1547 1574 1777
959 1046 1088 1248 1278 1603
960 1092 1181 1275 1381 1698
961 1039 1108 1354 1635 1828
962 1187 1265 1319 1324 1545 1668 1698
963 1142 1614 1655
964 1139 1192 1193 1218 1574 1621 1642 1794
965 1105 1288 1393 1662 1826
966 977 1380 1541 1587 1831
967 1049 1218 1319 1395 1603 1690
968 983 1093 1335 1408 1532 1669
969 1213 1561 1745 1774 1797
970 1078 1114 1288 1371 1379 1572 1598 1729
971 1100 1209 1504 1806
972 1141 1321 1413 1440 1504
973 1032 1155 1168 1243 1506 1705
974 1047 1094 1256 1352 1453 1502 1606 1640
975 1188 1192 1201 1324 1411 1685 1728 1769 1800
976 1242 1248 1430 1543
977 1019 1589 1649 1656
978 1471 1573
979 1364 1462 1593 1649
980 987 1185 1263 1340 1570 1632 1752 1810
981 1148 1193 1270 1332 1552 1618 1628 1793
982 1014 1087 1142 1251 1446 1632 1725 1803
983 1014
984 988 1044 1074 1116 1238 1389 1428 1471 1479 1629
985 1049 1326 1619 1765
986 1012 1014 1136 1161 1270 1293 1518 1817
987 989 1026 1404 1483 1767
988 990 1225 1329 1448 1525 1608 1645 1651
989 1036 1097 1133 1294 1524 1590
990 1021 1588
991 1045 1098 1196 1275 1552 1772 1815
992 1746
993 1174 1263 1340 1416 1516
994 1203 1280 1597 1739
995 1035 1236 1346 1427 1434 1457 1540 1688
996 1041 1288 1471 1662 1709
997 1115 1422 1537 1811
998 1033 1339
999 1209 1213 1253 1307 1644 1660 1720 1748
1000 1169 1274 1436 1474 1597
1001 1021 1162 1337 1349 1404 1491 1602 1756 1806
1002 1060 1211 1518 1522 1639 1721 1799
1003 1176 1222 1412 1615
1004 1006 1415 1798
1005 1008 1043 1129 1177 1207 1212 1279 1387 1422 1665 1738 1755 1795
1006 1139 1651 1739
1007 1159 1306 1371 1458 1464 1628 1741 1742 1836
1008 1222 1465 1569 1679 1708 1758
1009
1010 1131 1435 1436
1011 1107 1117 1404 1490 1702 1815
1012 1060 1609 1752
1013 1159 1201 1613
1014 1196 1510
1015 1171 1231 1246 1299 1465 1636 1795
1016 1189 1299 1446 1587 1644
1017 1043 1535 1615
1018 1091 1153 1181 1244 1486 1639
1019
1020 1596
1021 1047 1349 1539 1564 1595 1596 1801
1022 1186 1193 1332 1521 1581
1023 1168 1311 1723 1741 1825
1024
1025 1217 1259 1389 1830
1026 1136 1399 1793 1817
1027 1093 1239 1282
1028 1135 1317 1337 1414 1464 1674 1736 1817
1029 1426 1695 1752 1785
1030 1312 1348 1388 1696
1031 1078 1155 1289 1343 1556 1804 1830
1032 1103 1543 1794
1033 1137 1487 1515 1681
1034 1190 1203 1246 1417 1594 1617 1782
1035 1296 1343 1409 1417 1486 1725
1036 1076 1169 1315 1330 1412 1480 1495 1765 1810
1037 1247 1356 1415 1755 1771
1038 1172 1331 1515 1627
1039 1061 1186 1779
1040 1213 1755
1041 1195 1207 1293 1643
1042 1056 1087 1197 1262 1385 1475 1562
1043 1202 1655
1044 1543
1045 1389
1046 1078 1360 1505 1539 1577
1047 1119 1407 1673 1714
1048 1170 1228 1266 1824
1049 1087 1107 1241 1317 1446 1460 1462 1486 1618 1652 1664 1739
1050 1301 1322
1051 1302
1052 1060 1090 1098 1159 1174 1618
1053 1127 1133 1167 1390 1743
1054 1221 1294 1446 1813
1055 1116 1152 1297 1539 1709 1830
1056 1142 1228 1319 1363 1422 1460 1611 1808
1057 1189 1303 1338 1406 1602 1656 1684
1058 1098 1588
1059 1133 1268 1336 1711 1834
1060 1156 1539
1061 1114 1284 1377 1524 1584
1062 1247 1449 1493
1063 1196 1264 1275 1337 1602
1064 1756 1777 1825
1065 1386 1629 1636 1670
1066 1346 1440 1565 1620 1675
1067 1198 1430 1548
1068 1589 1610 1625 1692
1069 1076 1409 1413 1471 1480 1627 1794
1070 1774
1071 1183 1197 1208 1677 1699 1799
1072 1138 1146 1297 1423 1568
1073 1213 1310 1530 1685 1688 1740
1074 1377 1545
1075 1171 1752 1818
1076 1198 1453 1672
1077 1137 1152 1255 1417 1461 1590 1727 1760
1078 1127 1399
1079 1502 1576 1716
1080 1326 1362 1430 1624
1081 1386 1398 1625 1726
1082 1210 1296 1371 1419 1742
1083 1203 1225 1285 1332 1638 1812 1836
1084 1464 1516 1642 1671 1684 1778
1085 1130 1372 1505 1524 1664 1747
1086 1106 1409 1447 1458 1653 1658 1720
1087 1262 1507 1537 1731 1757 1775
1088 1210 1235 1369 1635 1805
1089 1138 1174 1402
1090 1147 1176 1405 1533 1622
1091 1461 1541 1618
1092 1117 1128 1538
1093 1248 1263 1489
1094 1102 1137 1164 1826
1095 1235 1287 1437 1752
1096 1107 1237 1282 1294 1539 1833
1097 1126 1403 1597
1098 1235 1535 1687
1099 1124 1344 1371 1379 1518 1576 1768
1100 1143 1275 1363 1366 1410 1769 1820
1101 1296 1555 1618
1102 1155 1175 1539 1564 1643 1767
1103 1284 1692
1104 1290 1451 1480 1562 1648 1678
1105 1547 1606 1631 1791
1106 1120 1380 1578 1799
1107 1376 1414 1463 1567
1108 1215 1425 1427 1539
1109
1110 1293 1439 1613 1813
1111 1331 1340 1616 1624 1648
1112 1193 1273 1329 1384 1419 1529
1113 1351 1429 1560 1727 1775 1808
1114 1119 1767 1792
1115 1123 1226 1300 1415 1686 1783
1116 1241 1272 1734
1117 1130 1315 1514 1664
1118 1199 1340 1451 1471 1517
1119 1149 1270 1480 1524 1638 1766
1120 1786 1832
1121
1122 1163 1523 1565 1597 1622 1655 1723
1123 1146 1284 1325 1422 1661 1702 1765 1825
1124 1204 1655 1838
1125 1406 1418 1462
1126 1168 1366 1553 1693 1806
1127 1539
1128 1254 1689 1805
1129 1608 1622 1634 1684
1130 1162 1327 1467 1583 1590 1716
1131 1323 1558 1735 1761
1132 1321
1133 1511 1660
1134 1313 1507
1135 1269 1317
1136 1150 1325 1410 1446 1495 1554 1584 1827
1137 1225 1396
1138 1294 1753 1755 1819 1826
1139 1353 1463 1577 1646
1140 1413 1455 1655 1733 1748 1763 1784
1141 1420 1506 1824
1142 1156 1263 1469 1700
1143 1299 1533 1760 1794
1144 1157
1145 1177 1263 1466
1146 1305 1410 1483
1147 1284 1560 1573 1644 1703 1762
1148 1397 1827
1149 1565 1689
1150 1175 1227 1557
1151 1199 1267 1689 1787
1152 1178 1362 1528 1677 1800
1153 1222 1651
1154 1755
1155 1666 1670 1816
1156 1162 1473 1621 1743
1157 1320 1383 1385
1158 1253 1420 1460 1586 1610 1742
1159 1308 1309 1663
1160 1162 1231 1274 1302 1549
1161 1203 1263 1338 1663 1667
1162 1243 1417 1464 1493
1163 1636 1804
1164 1225 1316 1480 1486
1165 1271 1362 1379 1461 1558 1714 1730
1166 1216 1263 1321 1608 1803
1167 1348 1638 1713 1790
1168 1399 1402 1576 1602 1713
1169 1229 1532 1788
1170 1232 1301 1470 1532 1653 1728
1171 1655 1785
1172 1174 1471 1546 1710 1743
1173 1410 1801
1174 1382 1435 1470 1502 1518 1559 1626
1175 1250 1319 1487 1715
1176 1220 1238 1664 1713
1177 1254 1447 1542 1648 1679
1178 1281 1331 1575 1828
1179 1249 1541 1837
1180 1204 1719 1825
1181 1203 1735 1745 1798
1182 1366 1567 1632 1741
1183 1603 1607
1184 1219 1336 1621 1747
1185 1759
1186 1546 1640 1797
1187 1429 1602 1738
1188 1685
1189 1465 1736 1740
1190 1333 1429 1701
1191 1689
1192 1641
1193 1346 1578 1763 1822
1194 1362 1397 1696 1832
1195 1271 1519
1196 1385 1797 1820
1197 1442 1549
1198 1392 1646 1751 1818
1199 1581
1200 1223 1520 1585 1638 1728 1801
1201 1227 1357 1513
1202
1203 1228 1352 1547 1644 1741 1803
1204 1425 1450 1451 1518 1794
1205 1507 1572 1608 1780 1804
1206 1301 1385 1685
1207 1393 1465 1549 1583
1208 1820
1209 1228 1371 1598
1210 1587 1614 1780
1211 1421 1460 1785 1790 1793
1212 1414 1457
1213 1351 1407 1471
1214 1235 1367 1456 1811 1817 1830
1215 1649
1216 1464 1545 1639 1684
1217 1273 1322 1345 1580 1658
1218 1229 1563 1820
1219 1327 1363 1420 1561 1674
1220
1221 1509 1600
1222 1513 1569 1627 1686
1223 1622
1224 1772
1225 1425 1643 1717
1226 1377
1227 1276 1418 1434 1491 1506 1813
1228 1310 1505 1509 1559 1679 1790
1229 1242 1306 1655 1661 1805
1230 1281 1333 1364 1486 1491 1500 1520 1821 1825
1231 1310 1385 1724
1232 1301 1435 1459 1478 1632 1636 1677
1233 1276 1329 1447 1514 1521 1550 1591 1689 1812
1234
1235 1291 1444 1550
1236 1277 1463 1530 1690 1735 1773 1798 1823
1237 1268 1318 1359 1443 1544 1593 1750 1763 1768
1238 1279 1343 1436
1239 1291 1348 1376 1600 1638 1700
1240 1429 1529
1241 1285 1395 1504 1831
1242 1608
1243 1404 1621
1244 1472 1483
1245 1352 1432 1717 1819
1246 1259 1291 1554 1696
1247 1748
1248 1431 1438 1505
1249 1406
1250 1772
1251 1790
1252 1261 1423 1537 1824
1253 1300 1613 1614 1624
1254 1259 1376 1786
1255 1318 1430 1501 1528 1540 1811
1256 1538 1629 1781
1257 1385 1487 1780 1818
1258 1539 1670
1259 1416
1260
1261 1303 1313 1427 1605
1262 1748 1788
1263 1403 1442 1566 1653 1749
1264 1273 1426
1265 1505 1712 1747
1266 1617
1267 1326 1337 1398 1425 1702 1814
1268 1441 1519 1537 1767
1269 1799
1270 1463
1271 1445 1772
1272 1324 1464 1522 1689 1695 1736 1824
1273 1311 1371 1686
1274 1454 1539 1689 1745
1275 1401 1425 1689
1276 1332 1376 1406
1277 1550 1662 1691
1278 1291 1298 1337 1353 1409 1792
1279 1521 1752 1757
1280 1501 1585 1682 1723 1819
1281
1282 1316 1494 1800 1831
1283 1592 1780
1284 1332 1645 1679
1285 1518 1599
1286 1658 1754
1287 1311 1370 1387 1420 1493 1571 1781
1288 1744 1757
1289 1369 1397 1730 1813
1290 1429 1648
1291 1416
1292
1293 1432
1294 1295 1339 1768
1295 1481 1824
1296 1685
1297 1677 1700
1298 1340 1452
1299 1341 1467 1628
1300 1510 1632 1805
1301 1393 1556 1576 1625 1808
1302 1500 1560 1574 1699
1303 1464 1493 1572
1304 1412
1305 1595 1626 1683 1790 1794
1306 1514 1669 1830
1307 1381 1419 1527 1817
1308 1649
1309 1315 1475 1612 1642
1310 1495 1622 1690 1795
1311 1579 1592 1756
1312 1462 1723 1776 1827
1313 1446 1527
1314
1315 1431 1442 1818
1316 1376
1317 1447 1551 1663 1743 1789
1318 1366 1432 1598 1829
1319 1408 1583 1595 1706
1320 1489 1638 1684 1766
1321 1439 1466 1812
1322 1461 1463 1492
1323
1324 1737
1325 1354 1378 1540 1750
1326 1364 1539 1655 1708
1327 1478 1516 1626 1672
1328 1503 1528 1745 1775
1329 1536 1724 1815
1330 1363 1615 1680 1826
1331
1332 1353 1501 1831
1333 1593 1677 1691
1334 1512 1697 1755
1335 1518 1666 1707
1336 1533 1641 1827
1337 1443 1534 1586 1604 1688 1796
1338 1688 1771 1798
1339 1365 1805
1340 1353 1412 1449 1466 1535 1603 1730
1341 1395 1684
1342 1593 1667 1672 1710
1343 1397 1453
1344 1562 1694 1709 1738 1758
1345 1764
1346 1832
1347 1532 1558 1684 1697
1348 1355 1551
1349
1350 1427 1756 1815
1351 1696 1727
1352 1800
1353 1609 1639 1803
1354 1515 1540 1739
1355 1370 1553 1568 1609
1356 1656 1690
1357
1358 1587 1833
1359
1360 1645 1728
1361 1629 1769
1362 1420 1837
1363 1473 1520
1364 1392 1423 1496 1591 1793 1810
1365 1376 1661 1735
1366 1395 1593 1819
1367 1439 1660 1673
1368 1713
1369 1534 1603
1370 1450 1559 1813
1371 1391 1412
1372 1575 1798
1373 1517 1794
1374 1385 1423
1375 1605 1746
1376 1432 1515 1656 1809
1377
1378
1379 1486 1673 1818
1380 1496 1802
1381 1384 1461 1511
1382 1467 1536 1709 1766
1383 1520 1643 1683 1692 1778
1384
1385 1410 1512 1525 1761
1386 1594 1658 1719 1729
1387 1568 1593 1647
1388
1389 1455 1793
1390 1445 1604
1391 1587 1639 1750 1778
1392 1478 1806
1393 1400 1469 1660 1795
1394 1420 1462 1633 1718
1395
1396 1587 1709 1774
1397 1423 1516 1802
1398 1805
1399 1504 1674 1818
1400
1401
1402 1639 1658 1737
1403 1543 1597 1690 1821
1404 1613 1620 1819
1405
1406 1458 1609 1768 1811
1407 1635 1718
1408 1455 1638
1409 1610
1410 1429 1515 1689
1411 1615 1791 1822
1412 1584
1413 1676 1758
1414 1463 1613 1631 1788
1415 1583 1794 1799
1416
1417 1527 1675 1728 1777
1418 1431 1694 1789
1419 1445 1573 1619 1738
1420 1440 1539 1635 1765 1802 1804
1421 1702 1736
1422 1446 1452 1671 1788
1423 1484 1681 1724 1747
1424 1607 1760
1425 1520 1798
1426 1449 1769
1427 1521 1574 1582 1708 1794
1428 1473
1429 1468 1519 1553 1649
1430 1550 1558 1728 1790
1431 1541 1671 1808
1432 1577 1776 1821
1433 1472
1434 1597
1435 1701
1436 1451 1647
1437
1438 1486 1710 1802
1439 1484 1654 1655
1440 1607
1441 1637
1442 1521
1443 1643 1826
1444 1664 1668
1445
1446 1527 1673
1447 1605 1767
1448 1738
1449 1552
1450 1596 1703 1704
1451
1452 1800
1453 1476 1796
1454 1643 1789 1811
1455 1569 1570 1823
1456 1466 1794 1806
1457 1550 1576 1646
1458 1677 1805
1459 1490 1527 1677 1682 1832
1460 1647
1461 1831
1462
1463 1465 1682 1724
1464 1494 1829
1465 1505 1523
1466 1666
1467 1621 1694 1795 1831
1468 1587 1644 1767
1469 1474 1520 1531 1536
1470
1471 1642 1666
1472 1732
1473 1510 1736 1833
1474 1554 1773
1475 1555 1707 1761 1831
1476 1576 1758 1791 1816
1477 1544 1643
1478 1812
1479 1490
1480 1524 1546 1574 1667
1481 1640 1702 1767 1816
1482 1584 1691
1483 1488 1533 1583 1726 1773
1484 1739
1485 1577 1787
1486 1555 1658 1726 1818
1487 1512 1612
1488 1506 1515 1716 1768 1825
1489 1587
1490 1603 1770 1802
1491 1723 1779
1492 1545 1692 1720 1722 1790
1493 1512 1532
1494 1660 1769 1785 1789
1495 1705 1825
1496 1677
1497 1541
1498 1692 1714 1808
1499 1687
1500 1710 1805 1811 1836
1501 1530 1558 1741 1779 1807
1502 1648 1652
1503 1734
1504
1505 1821
1506
1507 1607 1712 1726 1792
1508 1731
1509 1595 1788 1796
1510
1511 1666 1825
1512 1589 1591 1593 1728 1784
1513 1517 1590
1514 1522 1641
1515
1516 1533 1822
1517
1518 1623 1747
1519
1520 1548 1562 1820
1521 1547 1552 1558 1760
1522 1578 1603 1688 1810
1523 1602
1524
1525
1526 1557 1566 1750
1527
1528 1545 1552
1529 1790
1530 1760
1531 1580 1589 1783
1532 1591 1702
1533 1572 1577
1534 1770
1535 1721 1762 1766
1536 1585 1747 1790
1537 1634 1643
1538 1623
1539 1815
1540
1541 1627 1633 1829
1542
1543 1553
1544 1677 1768 1783
1545 1702
1546
1547
1548
1549 1655 1682
1550 1606
1551 1673 1801
1552 1704 1725
1553 1794 1803
1554
1555 1598 1610 1738 1804
1556 1721
1557 1560 1580 1693
1558
1559 1661 1694
1560 1665 1823
1561
1562 1609
1563
1564 1644 1728
1565 1730
1566 1777
1567 1731
1568 1651 1696 1751
1569
1570 1632 1792
1571 1576
1572 1639 1686
1573 1590 1622
1574
1575
1576
1577
1578 1799 1800 1816
1579 1613 1710 1743
1580 1612
1581 1602 1687 1779
1582 1641 1786
1583 1819
1584 1809
1585 1619 1624 1696 1745 1810
1586 1817
1587
1588 1600 1614 1689 1768
1589
1590
1591 1714 1789
1592 1647
1593 1622 1769
1594
1595 1750
1596 1810
1597 1624 1776
1598
1599 1751
1600 1625 1827
1601
1602 1751
1603
1604 1784 1813 1817
1605 1640
1606 1740 1825
1607
1608
1609 1725 1774
1610 1717
1611 1689
1612 1734 1779 1791
1613 1805
1614 1684 1793
1615 1783
1616 1645 1651 1725
1617 1789
1618
1619
1620 1627
1621
1622
1623 1640 1661 1683
1624 1628 1662 1704 1790 1831
1625 1838
1626
1627 1639
1628 1687
1629
1630 1766
1631 1648 1779
1632 1720
1633 1643
1634 1643 1782 1804
1635
1636
1637 1706
1638
1639 1744
1640 1748 1753
1641 1729 1768
1642
1643 1765
1644 1746
1645 1649
1646
1647
1648 1690 1708 1803
1649 1837
1650 1660 1788
1651
1652 1785
1653
1654 1811
1655 1692
1656 1666
1657 1752
1658 1680 1837
1659 1838
1660 1661
1661 1688 1725
1662 1758 1815 1833
1663 1728
1664
1665
1666
1667 1683 1760 1764
1668 1802
1669 1789
1670 1805
1671
1672 1747
1673 1731 1744 1753
1674 1717 1742
1675 1818
1676 1745
1677
1678
1679
1680 1754
1681 1837
1682
1683
1684
1685
1686 1721
1687 1727
1688 1702 1822
1689 1725
1690 1802
1691 1720
1692 1794
1693 1836
1694
1695 1712
1696 1822
1697
1698
1699 1744 1765 1809 1817 1829
1700 1725
1701 1819
1702 1714
1703 1725 1807
1704
1705 1829
1706
1707
1708
1709
1710
1711 1756 1789 1792 1793
1712
1713
1714
1715
1716 1758 1815
1717 1766
1718
1719 1772 1829
1720 1725 1764
1721
1722 1732 1770 1826
1723 1799 1838
1724
1725 1754 1834
1726
1727 1785
1728 1827
1729
1730
1731 1808
1732
1733
1734
1735
1736
1737 1777
1738
1739
1740
1741
1742 1749
1743
1744
1745 1798 1808
1746
1747
1748
1749 1760
1750
1751
1752 1759
1753
1754 1815 1822
1755
1756
1757
1758
1759
1760
1761 1818
1762
1763 1821
1764
1765
1766
1767 1829
1768 1831
1769
1770
1771
1772
1773
1774 1808
1775 1817
1776
1777
1778
1779
1780
1781
1782 1792 1809
1783 1789 1827
1784
1785 1821
1786
1787
1788 1832
1789
1790 1826
1791 1817
1792
1793
1794 1818 1820
1795
1796
1797 1837
1798
1799
1800
1801 1834
1802
1803
1804
1805
1806 1835
1807
1808
1809
1810
1811 1826
1812
1813
1814 1838
1815
1816
1817
1818
1819
1820
1821
1822
1823
1824
1825
1826
1827
1828
1829
1830
1831
1832
1833
1834
1835
1836
1837
1838
