#/opt/homebrew/Caskroom/miniconda/base/envs/hack25/lib/python3.12/site-packages/ipykernel_launcher.py --f=/Users/jpinney/Library/Jupyter/runtime/kernel-v352576b36ed274793969b57d69d8306c9df606370.json
# GMT Sun Jul 20 12:23:42 2025
# 
0 15 28 77 81 83 226 250 266 285 306 326 327 343 388 424 425 443 462 473 504 514 523 545 567 606 627 662 681 698 701 715 793 808 854 907 1034 1060 1062 1069 1087 1136
1 126 145 203 345 357 408 508 537 555 651 685 726 730 752 765 873 925 1064 1115 1132 1212 1229
2 19 108 109 123 189 197 229 246 420 510 515 621 631 744 761 777 833 871 900 908 1019 1171 1230
3 17 57 97 273 333 393 457 459 484 489 495 553 565 767 862 889 916 944 977 1011 1013 1065
4 125 159 252 305 317 342 389 400 452 500 528 579 584 589 601 658 672 674 693 734 743 771 782 826 828 843 912 928 934 969 993 1084 1121
5 14 44 119 120 134 147 151 183 238 255 296 303 372 554 634 654 663 682 818 825 858 949 976 1037 1075 1151 1175 1200 1208 1215
6 30 125 186 252 283 383 400 417 452 465 468 497 500 601 640 672 693 759 771 786 795 816 827 934 939 1084 1154 1183
7 221 248 347 435 504 599 659 660 770 878 1113 1186
8 32 62 64 132 218 264 291 323 354 392 394 470 493 541 563 571 572 597 613 632 669 683 773 865 1000 1022 1035 1057 1059 1102 1174 1211
9 41 75 112 161 190 215 231 284 332 338 456 694 709 714 719 792 847 885 902 923 975 1044 1076 1098 1160 1201 1217
10 12 33 55 79 115 143 171 293 319 637 667 868 892 921 943 1024 1118 1126 1206 1234 1247
11 72 80 87 96 130 205 280 375 517 518 556 583 702 703 745 769 787 831 835 844 845 861 883 910 968 1033 1056 1103 1148 1169 1202 1238
12 33 79 171 293 667 855 918 921 943 1118 1126 1188
13 72 100 518 556 566 745 787 844 883 950 1056 1169
14 24 49 119 151 153 183 198 213 238 245 255 303 316 353 561 663 682 692 713 818 852 858 949 1037 1043 1086 1104 1119 1166 1200 1208 1215
15 81 83 106 110 146 266 285 326 327 377 388 421 424 437 443 473 496 514 585 608 675 677 681 701 708 742 808 860 875 903 994 998 1047 1087 1135 1137 1144 1155 1226
16 44 117 147 166 204 228 267 282 296 297 453 520 620 634 699 825 830 893 897 945 947 976 978 986 1002 1003 1005 1088 1097 1151
17 91 97 273 333 393 457 459 484 489 495 553 565 657 767 862 889 916 944 977 1013 1065 1182 1191
18 94 98 156 158 164 212 227 251 360 363 399 542 550 576 602 707 731 757 812 842 859 913 966 999 1004 1055 1078 1162
19 109 123 223 232 299 355 365 391 396 439 506 510 515 621 704 717 749 805 806 876 900 1019 1038 1096 1168 1171 1185
20 50 67 93 107 136 148 175 409 412 445 487 522 552 590 594 732 768 783 838 898 1046 1080 1100 1109 1112 1138
21 62 298 330 413 534 541 564 609 689 738 788 800 915 1021 1093 1251 1252
22 36 82 88 131 194 199 201 216 224 256 257 380 402 418 434 448 502 519 530 540 543 573 574 615 670 680 762 764 802 813 856 954 1041 1167
23 105 179 310 328 364 415 474 503 721 753 973 992 1007
24 38 49 151 175 213 315 316 409 460 487 494 594 654 713 768 818 858 887 1037 1075 1085 1086 1138 1166 1195 1215
25 114 118 122 138 277 281 313 349 369 411 477 512 546 593 696 720 832 874 880 924 1032 1125 1131 1189 1196 1198 1224
26 37 80 87 172 375 422 705 835 850 1023 1152 1209 1250
27 28 33 55 86 115 143 162 200 319 368 397 578 629 653 817 849 879 892 895 907 982 1130 1206 1214 1234
28 54 77 86 285 306 327 368 388 397 421 424 425 462 473 514 545 578 608 629 701 808 817 840 849 879 895 901 907 938 982 994 1034 1062 1069 1087 1130 1176 1214
29 117 214 234 261 286 300 304 366 483 520 521 600 604 620 673 697 866 897 933 953 985 1005 1088 1097 1110 1143 1237
30 105 125 252 383 417 427 452 465 468 497 500 568 601 616 625 640 693 759 771 786 795 816 827 843 934 939 1183
31 85 98 132 153 198 245 258 339 353 378 386 466 542 561 576 623 650 683 692 700 812 815 852 899 926 962 1000 1016 1022 1035 1043 1053 1057 1104 1119 1192 1193 1211
32 62 64 132 218 264 271 291 323 354 392 394 470 493 541 563 571 572 597 613 632 669 683 773 865 915 1009 1035 1057 1059 1102 1174 1211 1251
33 55 79 115 143 171 200 293 319 637 667 868 892 921 943 1024 1118 1126 1206 1234
34 56 57 484 495 565 679 733 804 940 944 1011 1036 1050
35 51 74 122 186 252 283 305 351 400 452 497 509 527 528 536 579 672 674 693 782 821 928 939 1006 1029 1031 1084 1125 1131 1153
36 82 88 104 131 194 201 224 256 257 329 380 402 418 434 448 519 540 543 573 574 577 615 670 680 762 802 813 856 864 954 1041 1167
37 168 172 292 331 422 511 581 591 603 705 740 850 874 882 929 1023 1152 1156 1209 1250
38 49 68 141 175 222 315 316 409 440 460 487 494 590 713 768 818 887 946 1068 1085 1117 1138 1141 1166 1213
39 53 90 104 154 202 329 387 446 548 655 668 686 710 722 756 846 958 1048 1071 1128 1163 1172 1222 1236
40 159 173 174 191 317 340 342 389 401 416 446 507 539 584 684 686 734 743 756 774 826 828 912 936 969 988 993 995 1071 1077 1165
41 112 152 157 181 268 275 284 294 338 357 406 456 605 664 694 714 847 885 902 919 923 975 1044 1076 1098 1129 1160
42 56 57 178 278 302 314 330 484 565 657 679 689 690 733 738 788 800 804 911 940 944 970 1092 1093 1146 1191 1227 1233
43 51 73 95 242 348 351 464 491 509 532 536 760 803 869 991 996 1031 1089 1090 1091 1133 1187
44 120 134 139 147 166 183 204 238 267 282 296 297 554 634 654 825 830 893 947 949 976 978 1003 1075 1151 1175 1215
45 115 143 248 431 482 559 567 627 637 837 849 854 868 878 1024 1062 1136 1234 1247
46 70 71 128 129 144 167 184 195 220 239 370 379 407 419 467 526 560 587 619 736 754 758 801 814 823 867 914 935 937 1061 1063 1124 1158 1180 1235
47 84 112 152 161 177 275 284 456 485 694 719 794 847 885 902 975 1027 1044 1098 1129
48 116 180 206 276 290 341 358 438 533 551 656 778 780 789 796 904 906 920 960 979 990 1008 1040 1051 1099 1177 1181 1210 1220 1232 1244 1249
49 78 151 198 213 315 316 353 409 460 494 713 818 858 887 1037 1075 1085 1086 1104 1117 1166 1215
50 52 67 93 107 136 142 148 237 276 371 412 445 522 552 594 641 732 751 783 838 898 920 1040 1046 1080 1100 1109 1138 1220 1246
51 69 73 122 351 376 509 527 536 760 821 822 927 991 1006 1031 1091 1131 1153
52 136 142 237 325 352 358 371 412 419 451 467 469 552 557 617 641 644 646 712 751 789 838 863 898 984 1039 1040 1181 1232 1245 1246
53 88 90 104 154 202 329 387 577 615 655 668 710 722 846 864 958 974 1048 1128 1163 1172 1222 1236
54 86 279 285 306 327 334 368 373 410 421 437 473 480 514 608 629 653 742 798 808 817 840 860 901 907 938 982 994 998 1074 1087 1127 1130 1135 1176 1214
55 79 115 143 162 171 200 293 319 531 578 879 892 921 1118 1126 1188 1206 1234
56 57 278 314 484 495 565 679 733 804 940 944 1036
57 278 302 314 393 457 484 495 565 679 733 804 940 944 970 1011 1013 1036 1092 1233
58 111 207 214 308 361 433 447 458 472 486 488 628 633 673 716 905 941 948 953 959 1111 1143 1190 1218
59 103 229 505 729 841 853 981 1026 1073 1082 1083 1241
60 92 133 230 289 341 535 595 624 639 656 780 790 796 805 811 829 967 979 1052 1099 1159 1178 1199 1244
61 108 113 162 170 200 217 449 531 538 570 647 744 761 777 824 833 871 931 952 1030 1197 1216
62 64 218 298 323 330 392 394 413 534 541 564 609 613 632 689 773 800 911 915 1009 1021 1059 1102 1146 1227 1251 1252
63 249 270 320 332 338 414 481 582 636 716 772 872 955 964 980 1123 1201 1207 1221 1239
64 132 218 264 271 291 323 354 392 394 493 541 563 571 572 597 613 632 665 669 683 773 865 915 1009 1022 1035 1057 1059 1102 1174 1211 1251
65 144 167 169 194 199 235 307 344 350 370 382 407 490 502 530 544 569 642 741 764 798 856 1042 1066 1142 1170
66 67 68 107 141 175 185 208 219 262 269 460 487 590 666 725 747 799 881 894 997 1012 1068 1109 1141 1161 1194 1213
67 93 107 136 142 148 175 208 219 237 269 352 371 412 487 522 552 590 646 768 783 838 997 1046 1080 1100 1109 1138 1141 1246
68 107 141 175 208 210 222 262 269 315 440 460 487 590 666 725 747 768 799 881 894 997 1012 1068 1085 1109 1141 1194 1213
69 73 114 122 185 313 376 509 666 720 725 747 760 799 822 881 924 927 1006 1012 1032 1091 1131 1161 1194 1198
70 71 144 167 169 235 370 379 407 426 430 526 619 736 754 758 814 823 867 914 1180 1235
71 144 167 169 370 379 426 430 526 622 736 754 758 814 823 914 1042 1180
72 96 100 130 517 518 556 566 583 612 702 703 745 787 831 844 861 883 910 1033 1056 1150 1169 1202 1238
73 95 122 185 351 376 464 491 509 760 799 821 822 881 927 991 996 1006 1031 1090 1091 1131 1133 1153 1198
74 95 99 159 176 182 243 295 305 336 351 389 400 401 528 532 536 562 579 672 674 774 782 857 912 928 969 1029 1031 1084 1153 1225
75 76 112 155 161 190 215 231 284 332 338 636 709 792 847 923 987 1044 1076 1160 1201 1217
76 155 190 215 231 332 709 739 792 917 987 1217
77 83 226 250 266 285 306 343 388 424 425 435 443 462 473 504 523 545 567 606 627 662 698 701 715 793 808 854 895 907 1034 1060 1062 1069 1087 1136
78 198 205 213 222 258 280 316 324 335 353 386 440 466 494 746 809 946 1016 1085 1086 1104 1117 1134 1145 1166 1179 1219
79 171 200 225 293 319 531 647 855 892 918 921 943 1105 1118 1126 1188 1206
80 87 137 138 168 172 367 375 390 422 492 583 702 703 705 787 831 835 844 845 850 880 968 1023 1028 1103 1152 1202 1209 1250
81 83 106 110 146 226 250 263 266 326 327 377 388 424 443 473 496 514 585 675 677 681 701 708 742 793 808 875 903 998 1047 1087 1137 1144 1155 1226
82 88 104 131 201 224 247 256 257 329 380 402 434 448 519 540 543 573 574 577 615 661 670 762 802 813 864 954 974 1041 1167
83 106 110 146 226 250 263 266 285 326 327 377 388 424 443 473 514 523 545 585 662 677 681 701 708 742 793 808 903 1034 1047 1069 1087 1137 1144 1155
84 161 177 456 485 719 794 1027
85 94 98 132 153 212 245 287 291 339 360 378 542 576 623 650 683 692 700 757 812 815 899 913 926 962 1000 1004 1016 1022 1035 1043 1053 1057 1192 1193 1211
86 162 200 285 306 368 397 425 578 608 629 653 817 840 849 879 892 895 901 907 938 982 1130 1176 1214
87 137 375 422 518 583 702 703 705 787 831 835 844 850 1023 1152 1169 1202
88 90 104 154 201 224 257 329 402 434 448 543 573 577 615 661 670 710 722 813 864 954 974 1041 1163 1222
89 187 244 320 582 633 643 727 772 779 791 810 836 955 1123 1207 1221 1239
90 104 154 202 329 387 543 577 615 655 668 670 710 722 846 864 958 974 1048 1163 1172 1222 1236
91 121 149 178 260 267 395 457 459 478 489 499 657 690 755 862 889 909 916 970 983 1010 1092 1182 1191
92 133 223 289 535 595 624 630 639 704 780 790 805 806 811 829 952 967 1030 1052 1159 1168 1178 1185 1199
93 136 148 276 412 445 522 552 594 641 732 768 783 838 898 920 1008 1046 1080 1100 1112 1138 1195 1246
94 98 132 156 164 212 265 287 339 360 378 542 550 576 623 683 700 731 757 812 815 859 899 913 962 999 1004 1055 1078 1122 1162 1193 1211
95 243 305 336 348 351 532 536 562 579 711 760 928 991 996 1029 1031 1089 1090 1133 1139 1187 1225
96 100 130 160 240 265 466 517 550 556 612 703 731 745 812 831 842 859 861 883 899 910 1033 1055 1056 1078 1122 1150 1179 1219 1238
97 273 333 393 457 495 537 553 555 558 638 752 766 767 851 1011 1013 1036 1050 1065 1212 1231
98 132 164 212 265 287 339 360 378 542 550 576 623 650 683 700 731 757 812 815 859 899 913 926 962 999 1004 1016 1055 1078 1122 1192 1193 1211
99 159 176 182 243 295 305 336 385 389 401 454 528 532 536 548 562 579 674 686 743 774 782 857 912 928 936 969 1029 1031 1071 1165 1225
100 156 211 476 517 518 550 556 612 687 731 745 797 842 859 883 950 971 1056 1078 1150 1204 1248
101 173 328 342 364 415 539 584 589 658 684 721 728 734 753 826 839 843 973 992 993 995 1018 1121
102 113 162 170 217 334 368 449 538 547 570 622 629 653 750 817 819 824 840 890 931 1074 1079 1130 1176 1184 1197 1214 1216
103 123 189 197 229 420 428 461 505 506 515 631 853 900 908 981 1019 1026 1067 1070 1073 1082 1116 1241
104 154 202 247 257 329 402 434 543 577 615 661 670 710 722 784 813 864 954 958 974 1163 1222
105 125 179 310 364 427 465 468 474 475 503 568 616 625 640 652 658 721 759 771 843 934 973 1121
106 110 146 226 250 263 266 326 377 443 473 501 585 675 677 681 701 708 808 875 903 1047 1087 1137 1144 1155 1226
107 136 141 142 148 175 185 208 219 237 269 352 371 412 487 522 552 590 646 725 747 768 781 997 1012 1046 1109 1141 1161 1213
108 170 171 197 225 246 420 531 570 631 647 744 777 833 871 908 931 942 1105 1188 1230
109 123 189 197 223 229 232 246 355 365 396 420 506 510 515 621 631 704 717 744 749 806 833 876 900 1019 1067 1096 1171
110 146 263 266 326 377 443 501 585 675 677 681 708 875 903 1047 1137 1144 1155 1226
111 214 233 261 286 300 384 395 405 486 905 916 941 961 977 1110 1111 1143 1182 1237
112 161 190 231 275 284 332 338 456 485 694 709 714 719 792 794 847 885 902 923 975 1044 1076 1098 1160 1217
113 170 217 334 449 538 547 570 595 630 639 750 761 819 824 871 890 931 952 1030 1079 1159 1178 1197 1216
114 124 138 210 313 369 376 512 546 666 696 720 748 775 799 880 924 1032 1194 1196 1198
115 143 319 397 482 559 578 627 637 667 837 849 854 868 879 892 895 982 1024 1062 1118 1126 1136 1234 1247
116 180 195 209 230 290 341 358 438 469 549 551 587 617 678 789 796 937 960 979 990 1040 1099 1181 1210 1220 1232 1244
117 204 234 282 309 366 483 520 588 600 604 620 697 699 893 897 933 945 963 978 985 986 1005 1088 1097 1106 1203 1237
118 163 277 281 292 331 349 403 411 423 444 477 497 511 527 581 593 596 671 696 740 832 874 924 930 972 1058 1125 1154 1183 1189 1196 1224
119 120 134 151 153 183 198 238 255 303 346 372 554 561 580 634 663 682 692 713 818 852 858 949 976 1037 1043 1053 1119 1151 1175 1200 1208 1215
120 134 139 147 149 183 238 255 267 296 297 346 372 478 554 580 634 663 755 820 830 909 949 976 983 1003 1010 1151 1200 1208
121 139 147 149 228 233 260 261 267 286 297 300 384 395 453 459 478 489 499 620 755 830 862 897 909 916 961 1002 1003 1097 1110 1182 1237
122 186 283 376 411 509 527 671 760 821 822 924 927 1006 1032 1091 1125 1131 1153 1196 1198 1224
123 189 197 229 232 246 355 365 396 420 428 439 461 505 506 510 515 621 631 717 876 900 1019 1067 1073 1096 1171
124 137 138 168 196 205 210 313 367 369 390 432 492 512 546 720 748 769 775 845 880 894 968 1028 1103 1134 1145 1148
125 317 364 415 452 465 468 500 568 589 601 625 640 658 693 721 734 759 771 795 843 934 973 992 1121
126 145 157 203 270 274 294 345 357 381 406 408 429 455 508 537 651 685 726 730 752 765 785 873 884 919 925 956 965 980 1064 1115 1132 1212 1229
127 193 362 394 398 413 564 575 610 915 1009 1021 1251
128 129 150 184 220 239 272 321 325 374 419 441 467 498 560 607 619 644 648 754 776 801 814 867 932 935 984 989 1020 1049 1061 1063 1124 1158 1173 1235 1242 1245
129 150 184 220 239 272 321 374 419 441 450 498 560 592 607 648 754 776 801 867 932 935 984 989 1020 1049 1061 1063 1124 1158 1173 1235 1242
130 160 196 205 240 280 324 517 518 556 583 702 703 745 769 787 809 831 835 844 845 861 883 910 968 1033 1056 1103 1148 1150 1202 1219 1238
131 194 199 201 216 224 254 257 350 380 402 418 434 448 502 519 530 540 543 569 573 574 615 670 680 762 764 807 813 856 954 1041 1114 1167
132 164 188 212 218 271 287 291 339 354 360 378 392 493 572 576 597 632 650 665 683 692 700 757 815 913 926 962 1000 1004 1022 1035 1057 1102 1193 1211
133 223 289 535 595 624 630 639 704 749 761 780 790 805 806 811 829 952 967 1030 1168 1178 1185 1199
134 139 147 149 183 238 255 267 296 297 303 346 372 554 580 634 663 682 755 820 830 909 949 976 1003 1010 1151 1175 1200 1208 1215
135 253 311 337 611 688 763 841 853 870 896 981 1014 1015 1082 1116 1243
136 142 148 208 219 237 269 352 371 412 522 552 590 641 646 751 781 783 838 898 997 1039 1046 1080 1109 1246
137 138 168 172 292 367 369 375 390 422 432 492 546 583 702 703 748 787 835 845 850 874 880 882 968 1028 1103 1152 1202 1209 1250
138 168 172 292 331 349 367 369 390 432 477 492 512 546 581 591 696 720 748 775 845 850 874 880 882 968 1028 1152 1196 1209 1250
139 147 149 183 228 260 267 282 296 297 372 453 478 499 554 634 755 820 830 909 976 983 1002 1003 1010 1151
140 187 232 244 253 311 365 428 439 461 505 506 515 688 717 888 1014 1019 1045 1067 1070 1116 1149
141 175 208 222 262 269 315 440 460 487 494 590 666 725 747 768 894 1068 1085 1134 1141 1194 1213
142 148 219 237 242 325 352 371 412 451 552 557 641 646 649 712 751 781 838 863 898 997 1039 1109 1245 1246
143 319 397 482 578 637 667 837 849 868 879 892 895 1024 1118 1126 1206 1234 1247
144 167 169 184 199 235 307 370 407 642 736 754 758 801 814 823 856 914 1066 1142 1167 1223 1235 1240
145 203 274 345 357 408 508 537 555 651 685 726 730 752 765 873 925 956 1064 1115 1132 1212 1229
146 266 285 326 327 377 388 421 424 437 443 473 490 496 514 585 608 675 677 681 701 708 742 808 860 875 901 903 994 998 1047 1087 1135 1137 1144 1155 1226
147 149 228 260 267 282 296 297 453 478 554 634 755 820 830 897 909 976 1002 1003 1010 1097 1151
148 175 219 237 371 412 445 487 522 552 590 594 641 732 768 783 838 898 1046 1080 1100 1109 1138 1246
149 228 260 267 297 395 453 459 478 489 499 554 634 755 820 830 909 976 983 1002 1003 1010
150 239 272 321 322 348 374 441 450 498 560 607 648 711 776 784 801 869 932 935 989 1020 1049 1061 1089 1108 1124 1139 1158 1173 1187 1242
151 183 198 213 238 255 303 316 409 561 654 682 713 818 852 858 887 949 1037 1075 1086 1104 1166 1175 1208 1215
152 177 181 268 275 456 605 664 694 794 885 902 975 1027 1044 1098 1129
153 198 238 245 255 303 346 353 354 386 561 572 623 650 663 682 692 700 852 926 962 1000 1016 1022 1035 1043 1053 1057 1086 1104 1119 1192 1193 1200 1208
154 202 329 387 577 655 668 710 722 846 864 958 974 1048 1128 1163 1172 1222 1236
155 215 332 337 442 516 611 636 676 739 772 791 792 810 917 987 1217
156 227 251 265 399 476 550 602 612 618 626 687 731 812 842 859 999 1055 1078 1081 1150 1204
157 268 270 275 284 294 338 357 381 406 408 455 508 605 664 714 726 872 902 919 923 964 980 1064 1076 1115 1129 1229
158 164 192 251 259 363 513 602 691 707 718 757 834 877 951 966 999 1017 1162 1205
159 182 305 317 342 389 400 401 452 500 528 539 562 579 584 589 672 674 693 734 743 774 782 828 912 928 936 969 993 1029 1084 1165 1225
160 240 265 466 517 542 550 556 612 731 745 812 842 859 861 883 899 1033 1055 1056 1078 1122 1150 1179 1219 1238
161 190 231 456 485 694 709 719 792 794 847 885 1027 1044 1098 1160
162 170 200 368 397 531 570 578 629 653 817 879 892 982 1130 1206 1214
163 165 186 277 281 283 383 403 411 417 423 444 497 511 527 593 596 671 786 816 827 832 930 939 972 1058 1125 1154 1183 1189 1224
164 188 212 271 287 339 360 378 493 542 576 597 665 683 691 707 757 815 877 913 999 1004 1162 1211
165 312 356 383 403 417 444 479 596 616 737 827 930 972 1058 1154 1183
166 206 296 445 471 594 654 699 706 732 778 825 893 920 945 947 978 986 1008 1051 1054 1075 1112 1175 1177 1195
167 169 184 199 235 307 370 407 544 642 736 754 758 814 823 856 1042 1066 1142 1167 1223
168 172 292 331 349 367 369 375 390 477 512 546 581 591 603 696 748 850 874 880 882 1152 1156 1209 1250
169 184 194 199 235 307 344 370 407 502 530 540 544 642 736 754 758 764 814 823 856 1042 1066 1142 1167 1170 1223 1240
170 200 217 449 531 538 570 647 744 761 777 824 833 871 892 931 1197 1206
171 225 293 525 531 647 777 855 908 918 921 942 943 1105 1118 1188 1206 1230
172 292 331 349 367 369 375 422 477 546 581 591 603 705 835 850 874 880 882 1152 1156 1209 1250
173 174 191 328 342 415 507 539 584 589 684 728 734 753 826 828 839 992 993 995 1018
174 191 340 342 416 446 507 539 584 684 686 743 756 828 936 988 993 1071 1077 1128 1165
175 222 262 315 409 440 460 487 494 522 590 768 887 1068 1085 1109 1138 1141 1213
176 182 243 295 336 385 387 389 401 454 532 548 562 579 686 743 774 857 912 936 1048 1071 1139 1165 1172 1225
177 456 485 694 719 794 885 1027 1098
178 278 302 314 330 459 470 484 565 657 679 690 773 804 865 911 940 970 983 1092 1146 1191 1227 1228 1233
179 310 364 474 503 568 625 640 652 1007
180 206 276 290 341 358 438 471 533 551 656 778 780 789 848 904 906 920 960 979 990 1008 1040 1051 1054 1147 1177 1181 1210 1220 1232 1244 1249
181 268 275 357 605 664 694 885 902 923 975 1098 1129
182 243 295 305 317 336 389 401 454 528 532 536 548 562 579 674 743 774 782 828 857 912 928 936 969 1029 1031 1071 1084 1165 1225
183 238 255 296 303 346 354 372 554 561 580 634 663 682 692 820 949 976 1043 1053 1119 1151 1175 1200 1208 1215
184 235 247 256 272 370 374 380 407 441 540 560 592 648 754 801 802 814 823 856 867 935 1061 1158 1167 1223 1235 1240 1242
185 208 219 242 269 352 371 376 464 491 666 725 747 760 781 799 803 822 881 927 991 997 1012 1091 1109 1133 1141 1161 1194 1198
186 252 283 383 400 403 411 452 497 527 596 601 671 672 693 786 795 816 821 827 939 1006 1084 1125 1153 1154 1183 1224
187 232 244 311 365 439 463 506 717 727 779 888 1045 1070 1094 1149
188 193 212 218 271 287 360 362 392 394 398 493 575 597 610 665 683 691 877 1004 1009 1102 1162 1211
189 197 229 246 420 428 461 505 506 515 631 853 900 908 981 1019 1026 1067 1073 1230 1241
190 215 231 332 456 485 709 719 792 794 847 1044 1217
191 340 342 416 446 507 539 584 668 684 686 743 756 828 936 988 993 1071 1077 1128 1165
192 259 318 359 436 524 529 645 691 718 723 724 877 951 1017 1025 1095 1205
193 218 271 287 362 394 398 413 493 575 597 610 645 665 691 718 877 1009 1102 1162
194 199 216 235 254 256 257 307 350 370 380 402 407 448 502 519 530 540 544 569 573 574 642 741 762 764 856 954 1066 1114 1142 1167 1170
195 209 220 239 358 379 419 451 467 469 526 549 551 587 617 619 644 678 751 789 796 867 914 937 984 1039 1063 1158 1180 1181 1232
196 205 210 280 324 335 390 432 492 546 583 702 703 746 748 769 775 809 845 880 910 968 1028 1103 1134 1145 1148 1238
197 229 246 420 428 461 505 506 510 515 525 631 744 777 833 900 908 1019 1026 1067 1073 1171 1230 1241
198 213 245 255 258 303 316 353 386 466 561 623 650 682 692 700 713 818 852 858 926 1016 1043 1086 1104 1117 1119 1166 1192 1208
199 235 254 307 344 350 370 380 382 407 490 502 519 530 540 544 569 574 642 741 762 764 856 1066 1114 1142 1170
200 531 570 578 629 653 817 879 892 921 931 1206 1214
201 216 224 257 402 418 434 448 519 543 573 574 615 670 680 762 807 813 864 954 1041 1164
202 247 322 329 374 385 441 454 548 577 661 670 722 784 958 974 989 1163 1172
203 273 274 361 381 405 408 429 433 455 508 638 685 730 765 785 884 922 956 965 1064 1132 1190 1212 1229
204 228 282 286 296 297 366 453 520 600 620 699 825 830 893 897 945 947 978 986 1002 1003 1005 1088 1097 1151 1237
205 210 280 324 335 390 432 492 583 702 703 746 748 769 775 809 831 845 861 910 946 968 1028 1033 1103 1134 1145 1148 1238
206 276 290 438 445 471 533 699 706 778 848 893 904 906 920 945 947 960 978 986 1008 1051 1054 1106 1177 1249
207 249 308 361 414 429 433 447 458 472 481 486 582 628 633 716 872 922 941 948 959 964 965 980 1190 1221
208 219 242 269 352 371 590 646 666 725 747 781 799 881 927 997 1012 1109 1141 1161 1194 1213
209 230 379 467 469 526 549 551 587 619 678 790 796 811 914 937 979 1052 1099 1180 1181
210 222 262 313 390 432 440 492 512 546 666 720 746 748 775 799 845 894 1028 1068 1134 1145 1194 1198 1213
211 227 399 476 618 626 687 797 886 950 971 1081 1140 1204 1248
212 271 287 339 360 378 493 542 576 597 665 683 700 757 812 815 899 913 962 999 1004 1035 1162 1193 1211
213 245 258 316 353 386 466 494 561 682 713 818 852 858 887 946 1016 1085 1086 1104 1117 1166 1179 1192
214 233 261 286 300 366 384 486 520 620 673 905 916 941 953 961 1110 1111 1143 1182 1237
215 231 332 636 676 709 739 772 792 810 917 987 1217
216 224 254 257 350 418 448 502 519 530 569 573 574 680 741 762 764 807 1041 1114 1164
217 334 449 538 547 570 595 630 744 750 761 819 824 871 931 952 1030 1079 1178 1197 1216
218 264 271 287 291 323 392 394 398 493 575 597 613 632 665 683 915 1004 1009 1035 1057 1059 1102 1211 1251
219 237 242 269 352 371 464 552 590 646 649 725 747 781 803 881 997 1012 1109 1141 1161
220 239 325 379 419 451 467 469 498 526 557 560 587 607 617 619 644 754 814 823 867 914 935 937 984 1020 1039 1049 1061 1063 1124 1158 1173 1180 1235 1245
221 226 250 343 347 431 435 504 523 567 599 606 659 660 662 698 715 770 793 878 1001 1060 1113 1186
222 262 315 335 440 460 487 494 590 746 809 894 946 1068 1085 1117 1134 1141 1145 1166 1194 1213
223 289 299 355 391 396 404 510 535 586 621 704 717 749 805 806 876 1038 1096 1107 1168 1171 1185
224 257 418 434 448 519 543 573 574 615 680 762 813 864 954 1041 1164
225 293 420 525 531 647 777 833 855 908 918 921 942 943 957 1105 1188 1230
226 250 263 266 326 343 388 424 425 435 443 462 473 504 523 545 567 606 662 698 701 715 793 1001 1034 1060 1069 1087 1136
227 241 251 363 399 476 513 602 618 626 687 834 886 966 971 1081 1140 1204 1248
228 233 260 261 267 282 286 297 300 366 395 453 520 620 830 893 897 961 1002 1003 1005 1088 1097 1110 1182 1237
229 246 420 428 461 505 506 515 525 631 853 900 908 981 1019 1026 1067 1073 1082 1230 1241
230 379 549 551 624 639 678 790 796 811 937 979 1052 1099 1159 1199 1210 1244
231 284 332 456 485 694 709 719 792 794 847 885 923 1044 1076 1098 1160 1217
232 355 365 396 428 439 461 506 510 515 621 717 749 876 900 1019 1045 1067 1070 1094 1096 1171
233 260 261 286 300 366 384 395 453 489 520 620 862 897 905 916 961 977 1002 1097 1110 1111 1143 1182 1237
234 236 288 301 304 309 404 483 520 521 588 600 604 635 697 735 848 866 933 953 963 985 1005 1072 1088 1106 1147 1157 1203
235 256 307 370 380 407 502 530 540 544 642 736 754 758 764 802 814 823 856 1066 1142 1167 1170 1223 1240
236 288 289 299 304 309 391 404 483 521 586 588 600 604 635 656 697 735 848 866 904 933 963 967 985 1038 1072 1106 1107 1147 1157 1203 1249
237 242 325 352 371 412 451 552 557 617 641 644 646 649 712 751 781 803 838 863 984 997 1039 1109 1245 1246
238 255 296 303 346 372 554 561 580 634 663 682 692 818 820 858 949 976 1043 1053 1119 1151 1175 1200 1208 1215
239 321 325 419 451 467 498 526 557 560 587 607 617 619 644 712 754 863 867 932 935 984 1020 1039 1049 1061 1063 1108 1124 1158 1173 1180 1235 1245
240 258 265 335 386 466 517 542 556 623 745 812 861 883 899 910 1016 1033 1055 1056 1122 1150 1179 1192 1219 1238
241 251 363 399 476 513 602 618 626 834 886 966 1017 1081 1095 1140
242 269 352 371 464 491 646 649 712 725 760 781 803 863 869 881 991 996 997 1012 1090 1091 1108 1109 1133 1161
243 295 336 348 351 385 454 532 536 548 562 711 774 857 1089 1139 1172 1187 1225
244 582 643 727 779 836 888 955 1045 1094 1123
245 255 258 303 353 354 386 466 561 623 650 682 692 700 852 926 962 1000 1016 1022 1043 1053 1057 1086 1104 1119 1192 1193 1208
246 420 631 647 744 777 833 871 900 908 1171 1230
247 256 257 272 322 374 380 402 441 540 543 577 592 615 648 661 670 784 801 802 856 954 974 989 1163 1167 1223 1240 1242
248 347 431 435 482 504 559 567 627 659 660 698 837 854 878 1060 1113 1136
249 270 294 320 361 381 414 429 433 455 458 481 628 716 872 919 922 948 964 965 980 1190 1221
250 263 266 326 343 388 424 425 435 443 462 473 504 523 545 567 606 662 698 701 715 793 1001 1034 1060 1069
251 363 399 476 513 602 618 626 687 707 731 834 842 886 966 999 1078 1081 1140 1204
252 283 305 383 400 452 465 497 500 527 528 601 671 672 674 693 759 782 786 795 816 821 827 928 939 969 1084 1153 1183
253 311 428 439 461 505 506 688 763 841 853 888 981 1014 1015 1026 1045 1067 1070 1073 1082 1116 1149 1241
254 350 382 490 496 501 502 519 530 544 569 574 680 741 762 764 807 1114 1164 1170 1226
255 303 346 354 372 554 561 563 571 572 580 650 663 669 682 692 852 926 949 1000 1022 1043 1053 1057 1119 1200 1208 1215
256 257 272 322 370 374 380 402 407 540 543 577 592 648 661 670 762 784 801 802 856 954 1061 1167 1223 1240 1242
257 380 402 418 434 448 519 540 543 573 574 577 615 670 680 762 764 802 813 856 864 954 1041 1167
258 316 335 353 386 466 623 650 809 852 946 1016 1086 1104 1117 1122 1166 1179 1192 1219
259 318 359 363 524 529 614 645 691 707 718 723 834 877 951 966 1017 1095 1120 1205
260 267 286 395 453 459 478 489 499 657 755 820 830 862 889 909 916 961 983 1002 1003 1010 1182 1191
261 286 300 366 384 395 453 520 620 897 905 961 1002 1005 1097 1110 1111 1143 1182 1237
262 313 440 460 666 720 725 747 775 799 881 894 1012 1068 1134 1141 1194 1213
263 266 326 343 443 585 715 793 1001 1137
264 291 346 354 372 392 470 563 571 572 580 613 632 669 692 773 865 1000 1022 1035 1053 1057 1059 1119 1174 1200 1228
265 339 378 517 542 550 576 612 623 731 745 812 815 842 859 883 899 913 999 1055 1056 1078 1122 1150 1193 1219
266 326 327 377 388 424 443 473 514 523 545 585 662 677 681 701 708 715 742 793 808 903 1034 1047 1069 1087 1137 1144 1155
267 282 286 296 297 395 453 478 499 620 634 755 820 830 897 909 961 976 983 1002 1003 1010 1097 1151 1182
268 275 357 406 508 605 664 714 726 873 902 919 923 975 1115 1129
269 352 371 590 646 666 725 747 781 799 881 927 997 1012 1109 1141 1161 1194 1213
270 294 338 361 381 406 408 414 429 433 455 481 714 872 919 922 964 965 980 1064 1190 1229
271 287 360 392 394 398 493 575 597 665 683 691 757 913 1004 1009 1035 1102 1162 1211
272 321 322 374 407 441 498 540 560 592 648 661 754 784 801 802 867 932 935 989 1020 1049 1061 1124 1158 1167 1223 1235 1240 1242
273 274 333 393 405 457 553 638 685 767 785 884 889 916 956 977 1013 1065 1212
274 381 405 408 429 433 458 638 685 730 765 785 884 922 956 965 977 1064 1190 1212 1229
275 284 338 357 406 456 605 664 694 714 847 885 902 919 923 975 1044 1076 1098 1129 1160
276 290 358 438 445 471 533 706 732 778 783 789 838 898 904 906 920 960 986 990 1008 1040 1051 1054 1080 1100 1177 1210 1220 1232
277 281 292 331 349 369 403 411 423 477 511 512 527 581 593 596 671 696 740 832 874 924 930 1032 1058 1125 1154 1189 1196 1224
278 302 314 330 470 484 565 657 679 689 690 733 804 911 940 944 970 1092 1146 1191 1227 1228 1233
279 307 327 344 373 410 421 437 480 490 514 544 608 742 798 840 860 901 938 994 998 1042 1074 1127 1135 1176
280 324 335 390 432 492 583 702 703 746 769 775 809 831 845 861 910 946 968 1028 1033 1103 1134 1145 1148 1179 1219 1238
281 292 331 349 356 369 403 411 423 444 477 479 511 581 591 593 596 671 696 740 832 874 882 929 930 972 1058 1125 1154 1156 1189 1196 1224
282 286 296 297 366 453 520 620 634 699 825 830 893 897 945 947 976 978 1002 1003 1005 1088 1097 1151 1237
283 383 400 403 411 497 527 671 672 786 816 821 939 1006 1084 1125 1131 1153 1154 1183 1224
284 294 338 456 605 694 709 714 847 885 902 919 923 975 1044 1076 1098 1129 1160
285 306 327 368 388 421 424 425 437 462 473 514 545 608 681 701 742 808 840 901 907 938 982 994 998 1034 1069 1087 1135 1155 1176 1214
286 297 300 366 384 395 453 520 620 830 897 961 1002 1003 1005 1088 1097 1110 1143 1182 1237
287 291 339 360 378 392 398 493 576 597 665 683 700 757 815 913 962 999 1004 1022 1035 1057 1102 1162 1193 1211
288 301 304 404 463 483 488 521 598 604 673 735 866 933 953 963 1038 1072 1094 1101 1107 1157 1218
289 299 355 391 404 535 586 635 656 704 749 780 805 806 829 967 1107 1157 1168 1185
290 341 358 438 445 471 533 551 656 778 789 898 904 906 920 960 979 990 1008 1040 1051 1054 1100 1177 1181 1210 1220 1232 1244 1249
291 346 354 392 563 571 572 597 632 669 683 692 700 773 865 1000 1022 1035 1043 1053 1057 1059 1102 1119 1174 1211
292 331 349 367 369 423 477 479 511 546 581 591 593 603 696 740 832 850 874 880 882 929 930 1058 1152 1156 1189 1196 1209 1250
293 531 647 855 892 918 921 942 943 1105 1118 1126 1188 1206
294 338 357 381 406 408 414 429 455 481 508 605 714 872 902 919 922 923 964 980 1064 1076 1160 1229
295 336 385 387 389 401 454 532 548 562 579 686 743 774 857 912 936 1048 1071 1139 1165 1172 1225
296 297 634 654 825 830 893 947 949 976 978 1003 1151 1175 1215
297 453 520 620 634 699 755 830 893 897 961 976 1002 1003 1005 1097 1151 1237
298 413 534 564 609 689 738 788 800 915 1021 1093 1251 1252
299 355 365 391 396 404 463 510 535 586 621 635 704 717 735 749 876 1038 1072 1094 1096 1101 1107 1157 1168 1185
300 366 384 395 453 520 620 897 905 916 941 961 1002 1097 1110 1111 1143 1182 1237
301 304 404 463 483 488 521 598 604 633 673 735 866 933 953 963 1038 1072 1094 1101 1157 1218
302 314 330 470 484 534 541 565 609 613 679 689 738 788 800 804 911 940 970 1092 1093 1146 1227 1233 1252
303 346 354 372 554 561 572 580 650 663 682 692 818 852 858 926 949 1000 1043 1053 1119 1200 1208 1215
304 463 483 488 521 598 600 604 673 697 735 866 933 953 963 985 1072 1101 1157 1203 1218
305 317 336 351 389 400 401 452 528 536 562 579 672 674 693 774 782 912 928 969 1029 1031 1084 1153 1225
306 327 368 388 397 421 424 425 462 473 514 523 545 578 608 662 701 808 817 840 879 895 901 907 938 982 994 1034 1062 1069 1087 1130 1176 1214
307 344 370 373 410 480 490 502 530 544 642 736 758 764 798 860 1042 1066 1127 1135 1142 1170
308 361 433 447 458 472 486 488 582 628 633 673 716 905 941 948 953 959 1190 1218 1221
309 404 483 586 588 600 635 656 697 848 904 906 933 945 963 985 1088 1106 1147 1203 1249
310 328 364 415 474 503 721 753 973 992 1007
311 428 461 505 643 688 763 841 888 896 981 1014 1015 1045 1070 1073 1082 1116 1149 1241
312 383 417 427 444 475 568 616 737 827 972 1154
313 432 512 546 666 720 747 748 775 799 881 894 924 927 1028 1032 1068 1194 1198 1213
314 330 457 459 484 565 657 679 690 733 804 889 911 940 944 970 1092 1146 1191 1227 1228 1233
315 316 409 440 460 487 494 590 713 768 818 887 946 1068 1085 1117 1138 1141 1166 1213
316 335 353 386 440 460 466 494 713 818 852 858 887 946 1037 1085 1086 1104 1117 1166 1179
317 342 389 400 401 452 500 528 539 579 584 589 658 672 674 693 734 743 771 782 826 828 843 912 928 934 969 993 1029 1084 1121
318 359 436 524 529 645 691 718 723 724 877 951 1017 1025 1095 1205
319 397 482 578 637 667 837 849 868 879 892 895 921 1024 1118 1126 1206 1234 1247
320 332 414 481 582 636 676 716 772 810 836 872 955 987 1123 1201 1207 1221 1239
321 322 325 348 374 441 450 498 560 607 648 711 776 863 869 932 935 984 989 1020 1049 1061 1089 1090 1108 1124 1139 1158 1173 1187 1242 1245
322 374 441 577 592 648 661 670 711 776 784 801 802 932 974 989 1061 1163 1223 1240 1242
323 330 392 394 413 493 534 541 564 597 613 632 773 915 1009 1021 1059 1102 1227 1251 1252
324 335 390 432 492 583 702 703 746 769 775 809 845 861 910 946 968 1028 1033 1103 1117 1134 1145 1148 1179 1219 1238
325 352 371 419 451 467 498 552 557 560 607 617 641 644 646 649 712 751 781 803 863 869 984 1020 1039 1049 1063 1108 1124 1173 1245 1246
326 327 377 388 424 443 473 514 585 675 677 681 701 708 742 793 808 875 903 998 1047 1087 1137 1144 1155 1226
327 388 421 424 425 437 443 473 480 514 545 608 681 701 708 742 808 840 860 901 903 907 938 994 998 1034 1069 1087 1135 1137 1155 1176
328 364 415 503 589 721 728 734 753 826 839 973 992 995 1018
329 434 543 577 615 655 661 670 710 722 813 864 954 958 974 1163 1222
330 470 534 541 609 613 679 689 738 773 788 800 865 911 915 970 1059 1092 1093 1146 1227 1228 1233 1252
331 349 356 367 369 423 477 479 511 581 591 593 603 696 740 832 850 874 882 929 930 1058 1152 1156 1189 1209 1250
332 636 676 709 739 772 792 810 987 1076 1201 1207 1217
333 393 457 495 553 638 767 851 889 916 944 977 1011 1013 1036 1065 1231
334 410 426 430 449 547 622 629 653 750 817 819 824 840 890 1074 1079 1127 1130 1176 1184 1214
335 353 386 440 466 746 769 809 946 1033 1085 1103 1117 1134 1145 1148 1166 1179 1219 1238
336 351 385 389 401 454 528 532 536 548 562 579 774 857 912 928 1029 1031 1089 1139 1187 1225
337 442 516 611 643 676 739 763 791 870 896 917 1015 1243
338 406 414 455 605 694 709 714 847 872 885 902 919 923 964 975 980 1044 1076 1098 1160 1201
339 360 378 542 576 623 650 683 700 731 757 812 815 859 899 913 926 962 999 1004 1016 1022 1055 1078 1122 1192 1193 1211
340 387 416 446 507 539 668 684 686 743 756 846 936 988 1048 1071 1077 1128 1165 1236
341 438 533 551 656 780 796 811 848 904 906 960 967 979 990 1099 1147 1177 1181 1210 1220 1232 1244 1249
342 389 415 507 539 584 589 658 684 721 728 734 743 753 826 828 839 843 934 936 969 992 993 995 1018 1121
343 435 443 504 523 567 606 659 660 662 698 715 770 793 878 1001 1034 1060 1113 1186
344 373 382 410 421 437 480 490 502 530 544 569 642 741 764 798 860 998 1042 1066 1127 1135 1142 1170
345 508 537 555 558 651 685 726 730 752 873 925 1115 1132 1229 1231
346 354 372 554 561 563 571 572 580 650 663 669 682 692 820 865 926 949 1000 1022 1035 1043 1053 1057 1119 1174 1200 1208
347 431 435 504 599 659 660 698 770 854 878 1060 1113
348 351 441 450 464 491 498 532 607 649 711 776 803 869 932 989 991 996 1020 1089 1090 1108 1133 1139 1187
349 369 403 411 423 477 511 512 581 591 593 696 740 832 874 882 924 930 1032 1058 1156 1189 1196 1209 1224 1250
350 382 448 490 496 501 502 519 530 544 569 574 680 741 762 764 807 1114 1164 1170 1226
351 509 532 536 562 579 760 928 991 996 1029 1031 1089 1090 1133 1139 1153 1187 1225
352 371 464 491 552 557 641 646 649 712 725 781 803 863 869 997 1012 1108 1109 1161 1245 1246
353 386 466 623 852 946 1016 1086 1104 1117 1166 1179 1192 1219
354 372 554 561 563 571 572 580 632 650 663 669 692 700 865 926 1000 1022 1035 1043 1053 1057 1119 1174 1200 1208 1211
355 365 391 396 404 439 463 506 510 515 535 586 621 704 717 749 805 806 876 900 1019 1038 1096 1107 1157 1168 1171 1185
356 423 444 479 511 581 591 593 603 740 929 930 972 1058 1156
357 406 408 455 508 605 651 664 714 726 730 873 919 1064 1115 1129 1132 1229
358 412 438 451 469 533 551 617 641 751 789 796 838 898 920 960 979 990 1040 1181 1210 1220 1232 1244 1246
359 436 524 529 645 718 723 724 877 951 1017 1025 1095 1120 1205
360 378 542 576 665 683 700 757 812 815 899 913 962 999 1004 1055 1162 1193 1211
361 381 414 429 433 455 458 481 486 628 716 785 872 922 941 948 956 959 964 965 980 1064 1190
362 394 398 413 493 575 610 645 1009 1021 1251
363 399 513 602 707 834 877 966 1017 1095 1205
364 415 474 503 589 625 640 658 721 734 753 771 826 843 934 973 992 995 1007 1121
365 396 428 439 461 463 506 510 515 621 717 749 876 900 1019 1045 1067 1070 1094 1096
366 453 520 600 604 620 897 905 961 1002 1005 1088 1097 1110 1143 1237
367 369 375 390 432 477 492 512 546 581 591 748 835 845 850 874 880 882 968 1028 1152 1209 1250
368 397 421 425 514 578 608 629 653 817 840 879 895 901 907 938 982 994 1074 1130 1176 1214
369 423 477 512 546 581 591 593 696 720 748 832 874 880 882 924 1032 1189 1196 1209 1224 1250
370 380 407 502 540 544 642 736 754 758 801 814 823 856 1066 1142 1167 1223 1240
371 412 464 491 552 557 590 641 646 649 712 781 803 838 863 997 1012 1039 1109 1161 1246
372 554 561 563 571 572 580 634 663 669 682 692 755 820 909 949 976 1000 1010 1043 1053 1119 1200 1208
373 410 421 426 430 437 480 490 622 798 840 860 890 901 938 994 1042 1066 1074 1127 1135 1176 1184
374 380 407 441 540 592 648 661 784 801 802 932 935 974 989 1061 1167 1223 1240 1242
375 390 422 492 583 702 703 705 787 831 835 844 845 850 880 910 968 1023 1103 1152 1202 1209 1250
376 509 527 760 799 821 822 881 924 927 1006 1032 1091 1125 1131 1153 1198
377 382 496 501 585 675 677 681 708 875 903 998 1047 1137 1144 1155 1226
378 542 576 623 650 683 700 757 812 815 899 913 926 962 999 1004 1016 1022 1035 1055 1057 1192 1193 1211
379 419 467 469 526 549 587 619 678 796 814 823 867 914 937 1052 1180
380 402 407 434 448 519 530 540 543 574 577 592 615 642 648 661 670 762 764 784 801 802 856 954 1142 1167 1223 1240 1242
381 405 406 408 429 433 455 458 508 638 685 730 765 785 872 884 919 922 956 964 965 980 1064 1190 1212 1229
382 437 490 496 501 502 530 544 569 708 741 742 764 807 860 875 998 1047 1114 1135 1144 1155 1170 1226
383 403 411 417 427 465 468 497 596 601 616 671 759 786 795 816 827 939 1154 1183
384 395 405 486 767 862 905 916 941 961 977 1110 1111 1143 1182 1237
385 387 454 532 548 562 711 722 774 857 958 1048 1139 1163 1172 1187 1225
386 466 623 650 852 926 946 1016 1086 1104 1117 1166 1179 1192 1219
387 416 446 454 548 655 668 686 710 722 756 846 857 936 958 1048 1071 1077 1128 1163 1165 1172 1222 1236
388 421 424 425 443 462 473 514 523 545 606 608 662 681 701 715 742 793 808 901 903 907 938 994 1034 1062 1069 1087 1137 1155
389 400 401 452 528 539 562 579 584 674 693 743 774 782 828 857 912 928 936 969 993 1029 1071 1084 1165 1225
390 432 492 546 583 702 703 720 746 748 769 775 835 845 880 968 1028 1103 1134 1145 1148
391 396 404 463 483 535 586 621 635 704 749 805 876 963 967 1038 1072 1101 1107 1157 1168 1185
392 394 398 493 597 613 632 665 683 915 1004 1009 1022 1035 1057 1059 1102 1174 1211 1251
393 457 495 553 558 565 766 767 851 889 944 1011 1013 1036 1050 1065 1231
394 398 413 493 541 564 575 597 610 613 632 665 915 1009 1021 1059 1102 1251
395 453 459 478 489 499 767 862 889 916 961 983 1002 1110 1182
396 439 506 510 515 621 704 717 749 805 806 876 900 1019 1038 1096 1107 1168 1171 1185
397 425 462 545 578 627 817 837 849 879 892 895 907 982 1062 1069 1130 1136 1214 1234
398 413 493 575 597 610 645 665 691 718 877 1009 1102 1162
399 476 513 550 602 612 618 626 687 731 797 842 859 886 950 966 971 1078 1081 1140 1204 1248
400 452 497 500 528 579 601 672 674 693 782 786 816 821 928 939 969 1029 1031 1084 1153
401 454 528 548 562 579 674 686 743 774 782 828 857 912 928 936 969 993 1029 1071 1165 1225
402 434 448 519 540 543 573 574 577 592 615 661 670 762 784 802 813 856 954 974 1041 1167 1223 1240
403 411 417 423 444 497 511 527 593 596 671 696 740 786 816 827 832 930 972 1058 1125 1154 1183 1189 1224
404 463 483 586 588 635 704 735 749 848 933 963 967 985 1038 1072 1101 1107 1147 1157 1168 1185 1203
405 429 433 458 486 638 685 765 767 785 884 916 922 941 956 965 977 1111 1190 1212
406 408 455 508 605 664 714 726 873 902 919 923 964 980 1064 1115 1129 1229
407 540 592 642 648 736 754 758 801 802 814 823 856 1061 1066 1142 1167 1223 1235 1240 1242
408 429 455 508 605 651 664 685 726 730 765 873 919 925 956 964 980 1064 1115 1132 1229
409 460 487 494 522 594 654 713 732 768 783 818 858 887 1037 1046 1075 1112 1138 1195
410 421 426 430 437 480 608 622 750 798 840 860 890 901 938 994 1042 1074 1127 1135 1176 1184
411 497 527 593 596 671 696 786 816 821 832 924 939 1006 1032 1058 1125 1131 1154 1183 1189 1196 1224
412 445 522 552 641 646 751 783 789 838 898 920 1039 1040 1046 1080 1100 1109 1220 1246
413 534 564 575 610 915 1009 1021 1102 1251
414 433 455 481 582 628 716 872 922 964 980 1201 1207 1221 1239
415 503 584 589 640 658 721 728 734 753 771 826 839 843 934 973 992 995 1018 1121
416 446 507 539 584 668 684 686 743 756 936 988 993 1048 1071 1077 1128 1165 1236
417 427 444 465 468 475 568 596 601 616 737 759 786 795 816 827 1154 1183
418 434 448 519 573 574 680 762 807 813 1041 1164
419 451 467 469 498 526 557 560 587 607 617 619 644 712 751 863 867 935 937 984 1020 1039 1049 1063 1124 1158 1173 1180 1235 1245
420 515 525 631 647 744 777 833 900 908 942 1019 1067 1105 1171 1230
421 437 473 480 490 514 608 681 742 798 808 840 860 901 907 938 994 998 1074 1087 1127 1135 1155 1176
422 705 835 844 850 1023 1152 1209 1250
423 444 477 479 511 581 591 593 596 603 696 740 832 874 882 929 930 972 1058 1156 1189
424 425 443 462 473 514 523 545 567 606 608 662 681 698 701 715 742 793 808 901 903 907 938 982 994 1034 1062 1069 1087 1155
425 443 462 473 514 523 545 567 578 606 608 627 662 698 701 715 793 808 849 854 879 895 907 982 1034 1060 1062 1069 1087 1136
426 430 547 622 736 750 758 819 890 1042 1074 1079 1127 1184
427 465 468 475 568 616 625 652 737 759 795 827
428 439 461 505 506 510 515 631 688 717 853 900 981 1014 1019 1026 1045 1067 1070 1073 1082 1096 1116 1149 1241
429 433 455 458 628 638 685 765 785 872 884 919 922 956 964 965 980 1064 1190 1212 1229
430 547 622 736 750 758 890 1042 1074 1127 1184
431 435 462 482 504 523 559 567 606 627 659 660 698 715 837 854 878 1024 1060 1062 1113 1136
432 492 546 583 703 720 746 748 769 775 809 835 845 880 894 968 1028 1103 1134 1145 1148
433 455 458 481 486 628 716 765 785 872 884 922 941 948 956 959 964 965 980 1064 1190 1212
434 448 519 543 573 574 577 615 670 680 762 802 813 864 954 1041
435 462 504 523 567 599 606 627 659 660 662 698 715 770 793 854 878 1001 1034 1060 1113 1136 1186
436 524 645 718 723 724 951 1025
437 473 480 490 514 608 681 742 798 808 840 860 901 938 994 998 1074 1087 1127 1135 1155 1176
438 445 533 551 656 778 789 898 904 906 920 960 979 990 1008 1040 1051 1177 1181 1210 1220 1232 1244 1249
439 461 505 506 510 515 621 717 876 900 1019 1045 1067 1070 1094 1096 1149
440 460 487 494 746 809 894 946 1068 1085 1117 1134 1141 1145 1166 1213
441 450 498 560 592 648 661 711 776 784 801 802 932 935 989 1020 1049 1061 1124 1223 1240 1242
442 516 611 643 676 739 763 772 791 810 870 896 917 987 1015 1243
443 473 504 523 545 585 606 662 681 701 715 793 808 903 1001 1034 1069 1087 1137 1155
444 479 511 593 596 740 929 930 972 1058 1154
445 471 522 533 594 706 732 778 783 838 898 920 960 1008 1040 1046 1051 1054 1080 1100 1112 1177 1195 1220
446 507 539 668 684 686 743 756 846 936 958 988 1048 1071 1077 1128 1165 1236
447 458 472 486 488 582 598 628 633 673 716 727 905 941 948 953 959 1218 1221
448 502 519 530 540 543 573 574 615 670 680 762 764 807 813 856 954 1041 1167
449 538 547 570 622 629 630 653 750 761 819 824 871 890 931 952 1030 1079 1159 1178 1184 1197 1216
450 491 498 607 649 711 776 803 863 869 932 989 991 996 1020 1049 1089 1090 1108 1133 1139 1173 1187
451 467 469 557 587 607 617 619 641 644 712 751 789 863 937 984 1039 1040 1049 1063 1124 1173 1180 1181 1245 1246
452 500 528 579 601 658 672 674 693 759 771 782 786 816 828 928 934 939 969 1029 1084 1121
453 478 489 499 520 620 755 830 862 897 961 1002 1003 1005 1097 1110 1182 1237
454 532 548 562 686 743 774 857 912 1048 1071 1139 1165 1172 1225
455 481 508 605 714 765 872 919 922 956 964 965 980 1064 1229
456 485 694 709 719 794 847 885 902 923 975 1027 1044 1076 1098 1129 1160
457 459 484 489 495 553 565 657 679 733 767 804 862 889 916 940 944 970 1011 1013 1036 1065 1191 1233
458 472 481 486 628 716 785 872 884 905 922 941 948 956 959 964 965 980 1111 1190
459 478 489 499 657 690 755 862 889 909 916 970 983 1010 1092 1182 1191 1233
460 487 494 590 768 887 894 946 1068 1085 1134 1138 1141 1166 1213
461 505 506 515 688 853 888 900 981 1014 1019 1026 1045 1067 1070 1073 1082 1096 1116 1149 1241
462 473 504 523 545 567 578 606 627 662 698 701 715 793 837 849 854 878 895 907 982 1034 1060 1062 1069 1136
463 488 598 717 727 735 866 1038 1072 1094 1101 1107 1157
464 491 646 649 760 781 803 863 869 991 996 997 1012 1089 1090 1091 1108 1133 1161
465 468 475 497 500 568 601 616 625 640 693 737 759 771 786 795 816 827 934 939 1183
466 623 809 852 899 946 1016 1086 1104 1117 1122 1166 1179 1192 1219
467 469 498 526 549 557 560 587 617 619 644 678 751 867 914 935 937 984 1039 1049 1063 1124 1158 1173 1180 1235 1245
468 475 500 568 601 616 625 640 652 737 759 771 786 795 816 827 843 934
469 526 549 551 587 617 619 641 644 678 751 789 796 937 984 1039 1040 1063 1180 1181 1220 1232
470 541 563 571 613 632 657 669 690 773 865 911 970 983 1010 1059 1092 1146 1174 1191 1227 1228 1233
471 533 699 706 732 778 825 893 904 906 920 945 947 960 978 986 1008 1051 1054 1100 1106 1112 1177 1195
472 486 488 582 598 628 633 673 716 905 941 948 953 959 1143 1218
473 514 523 545 608 662 681 701 742 793 808 901 903 907 938 994 998 1034 1069 1087 1137 1155
474 503 625 652 973 1007
475 568 616 625 652 737 759 795
476 513 550 602 612 618 626 687 731 797 842 859 886 950 971 1078 1081 1140 1204 1248
477 511 512 546 581 591 593 603 696 740 832 874 880 882 924 930 1032 1058 1152 1156 1189 1196 1209 1224 1250
478 489 499 657 690 755 820 862 889 909 970 983 1002 1010 1182 1191 1228
479 511 581 591 593 603 740 874 929 930 972 1058 1156
480 490 514 608 742 798 808 840 860 901 938 994 998 1042 1074 1127 1135 1176
481 582 628 716 872 922 948 964 980 1201 1207 1221 1239
482 559 627 637 667 837 849 854 868 1024 1126 1234 1247
483 521 586 588 600 604 635 697 735 848 866 933 963 985 1072 1088 1106 1107 1147 1157 1203
484 495 565 657 679 690 733 804 889 940 944 970 1013 1092 1191 1233
485 694 709 719 794 847 885 1027 1044 1098
486 628 673 716 905 922 941 948 959 965 1111 1143 1190 1218
487 494 522 590 594 768 887 1046 1085 1109 1138 1141 1213
488 521 582 598 604 633 673 727 735 866 948 953 959 1072 1094 1101 1218
489 499 657 767 862 889 916 961 983 1002 1182 1191
490 496 502 530 544 569 708 741 742 764 798 860 994 998 1047 1066 1114 1135 1155 1170 1226
491 607 646 649 760 781 803 863 869 991 996 997 1012 1089 1090 1091 1108 1133 1161
492 546 583 702 703 746 748 769 775 809 831 835 845 880 910 968 1028 1103 1134 1145 1148 1202 1238
493 575 597 610 665 683 1004 1009 1035 1059 1102 1211 1251
494 713 768 818 858 887 946 1037 1085 1086 1117 1138 1166
495 553 565 733 766 767 804 851 889 940 944 1011 1013 1036 1050 1065 1231
496 501 569 675 677 681 708 741 742 860 875 903 998 1047 1114 1137 1144 1155 1226
497 527 596 601 671 672 759 786 795 816 821 827 939 1084 1125 1153 1154 1183 1224
498 557 560 607 644 648 712 776 801 863 867 869 932 935 984 989 1020 1049 1061 1063 1108 1124 1158 1173 1235 1242 1245
499 657 690 755 820 862 889 909 916 961 970 983 1002 1010 1182 1191
500 589 601 640 658 672 674 693 734 759 771 782 786 795 816 828 843 934 939 969 1084 1121
501 675 677 708 741 875 903 1047 1114 1137 1144 1155 1226
502 519 530 540 544 569 574 642 741 762 764 856 1066 1114 1142 1170
503 721 753 973 992 1007
504 523 545 567 606 627 659 660 662 698 715 770 793 854 878 1001 1034 1060 1062 1069 1113 1136
505 506 515 688 841 853 888 900 981 1014 1019 1026 1067 1070 1073 1082 1116 1149 1241
506 510 515 621 717 876 900 1019 1045 1067 1070 1073 1096 1116 1149
507 539 584 684 686 728 743 756 828 839 936 988 993 995 1018 1071 1077 1165
508 537 605 651 664 685 726 730 752 765 873 919 925 956 1064 1115 1132 1229
509 527 760 821 822 927 991 1006 1031 1091 1125 1131 1153 1198
510 515 621 631 704 717 749 876 900 1019 1067 1096 1168 1171 1185
511 581 591 593 596 603 696 740 832 874 882 929 930 972 1058 1156 1189 1209 1250
512 546 696 720 748 874 880 924 1028 1032 1196 1198 1224
513 602 618 626 707 834 886 966 1017 1081 1095 1140
514 545 608 681 701 742 808 840 860 901 903 907 938 994 998 1034 1069 1087 1135 1155 1176
515 621 631 717 876 900 1019 1067 1070 1073 1096 1149 1171
516 611 643 676 739 763 791 810 870 896 917 987 1015 1243
517 518 550 556 612 731 745 812 831 842 859 861 883 910 1033 1055 1056 1078 1122 1150 1219 1238
518 556 566 583 612 702 703 745 787 831 844 861 883 910 1033 1056 1150 1169 1202
519 530 540 544 569 573 574 680 741 762 764 807 856 954 1041 1114 1164 1170
520 600 604 620 697 699 893 897 961 1002 1005 1088 1097 1110 1237
521 598 600 604 673 697 735 866 933 953 963 985 1072 1088 1101 1157 1203 1218
522 552 590 594 732 768 783 838 898 920 1046 1080 1100 1109 1112 1138 1195
523 545 567 606 627 660 662 698 701 715 793 854 878 1001 1034 1060 1062 1069 1136
524 529 645 718 723 724 951 1025 1205
525 647 729 855 908 918 942 957 1083 1105 1188 1230
526 549 560 587 619 644 678 754 814 823 867 914 937 1063 1158 1180 1235
527 671 786 816 821 832 924 939 1006 1032 1125 1131 1153 1183 1189 1196 1224
528 536 562 579 672 674 693 743 774 782 828 912 928 969 1029 1031 1084 1153 1165 1225
529 614 695 723 724 891 951 1017 1025 1095 1120 1205
530 540 544 569 574 642 680 741 762 764 807 856 1066 1114 1142 1170
531 570 647 744 777 833 855 871 892 908 921 931 1105 1188 1206 1230
532 536 548 562 579 711 774 857 996 1029 1089 1139 1187 1225
533 706 778 898 904 906 920 945 960 986 990 1008 1040 1051 1054 1080 1100 1177 1210 1220 1232 1249
534 541 564 609 613 689 738 788 800 911 915 1021 1093 1146 1227 1251 1252
535 586 595 624 635 639 704 749 780 805 806 829 967 1107 1168 1185
536 562 579 760 928 991 996 1029 1031 1089 1139 1153 1187 1225
537 555 558 651 685 726 730 752 766 851 873 925 1115 1132 1229 1231
538 570 595 630 744 761 819 824 833 871 931 952 1030 1079 1178 1197 1216
539 584 589 684 686 728 734 743 756 826 828 839 936 988 993 995 1018 1071 1077 1165
540 543 574 592 642 648 670 762 764 784 801 802 856 954 1142 1167 1223 1240 1242
541 564 609 613 632 689 738 773 800 865 911 915 1009 1059 1102 1146 1227 1251 1252
542 550 576 623 700 731 757 812 815 859 899 913 926 962 999 1004 1016 1055 1078 1122 1192 1193
543 573 577 615 661 670 722 762 784 802 813 864 954 974 1041 1163 1167
544 569 642 741 764 798 856 860 1042 1066 1114 1142 1170
545 567 606 608 627 662 698 701 715 793 808 854 895 907 982 1034 1060 1062 1069 1087 1136
546 696 720 748 775 845 874 880 882 968 1028 1209 1250
547 622 629 653 750 819 824 890 1074 1079 1159 1178 1184 1197 1216
548 562 668 686 722 743 774 857 912 936 958 1048 1071 1139 1165 1172 1225 1236
549 551 587 619 678 790 796 811 914 937 979 1052 1099 1180 1181
550 612 687 731 745 812 842 859 883 899 999 1055 1056 1078 1122 1150
551 587 617 678 751 789 796 937 979 990 1040 1099 1181 1210 1220 1232 1244
552 557 641 646 712 751 781 838 863 898 997 1039 1046 1080 1109 1246
553 638 767 851 884 889 916 977 1011 1013 1065 1212 1231
554 561 563 571 572 580 634 663 669 682 692 755 820 909 949 976 1010 1053 1119 1151 1200 1208 1215
555 558 651 685 730 752 766 851 925 1115 1132 1231
556 583 612 702 703 745 769 787 831 844 861 883 910 1033 1056 1122 1148 1150 1169 1202 1238
557 607 617 641 644 646 649 712 751 781 803 863 869 984 1020 1039 1049 1063 1108 1124 1173 1245 1246
558 752 766 851 925 1011 1036 1050 1065 1231
559 627 637 837 849 854 868 878 1024 1136 1234 1247
560 607 619 644 648 754 801 814 823 867 932 935 984 989 1020 1049 1061 1063 1124 1158 1173 1180 1235 1242 1245
561 572 580 650 663 682 692 700 852 858 926 949 1000 1016 1022 1043 1053 1057 1086 1104 1119 1192 1200 1208 1215
562 579 674 743 774 782 857 912 928 969 1029 1031 1139 1165 1225
563 571 572 580 632 663 669 692 773 820 865 1000 1022 1035 1043 1053 1057 1059 1119 1174 1200 1208 1228
564 609 610 738 800 915 1009 1021 1251 1252
565 657 679 690 733 804 889 940 944 970 1013 1036 1092 1191 1233
566 844 950 1169
567 606 627 660 662 698 701 715 793 837 849 854 878 895 1034 1060 1062 1069 1113 1136
568 601 616 625 640 652 737 759 795 827
569 574 680 741 762 764 807 1114 1164 1170 1226
570 647 744 761 777 824 833 871 892 931 1197 1206 1216
571 572 580 632 663 669 692 773 820 865 1000 1010 1053 1057 1059 1119 1174 1200 1228
572 580 632 663 669 692 700 773 865 926 1000 1022 1035 1043 1053 1057 1059 1119 1174 1200 1208
573 574 615 680 762 764 807 813 954 1041 1164
574 680 762 764 807 813 856 954 1041 1114 1164 1170
575 597 610 645 665 691 718 877 1009 1102 1162
576 623 650 665 683 700 757 812 815 899 913 926 962 999 1004 1022 1035 1055 1162 1192 1193 1211
577 592 615 661 670 710 722 784 802 813 864 954 974 1163 1222
578 627 653 817 837 849 879 892 895 907 982 1062 1130 1206 1214 1234
579 672 674 693 743 774 782 857 912 928 969 1029 1031 1084 1153 1225
580 663 669 682 692 755 820 865 909 949 1000 1010 1043 1053 1057 1119 1174 1200 1208 1228
581 591 593 603 696 740 832 850 874 882 929 930 1058 1152 1156 1189 1196 1209 1250
582 628 633 716 727 779 836 948 955 959 1123 1207 1221 1239
583 702 703 769 787 831 835 844 845 861 883 910 968 1028 1033 1056 1103 1148 1202 1238
584 589 658 684 728 734 743 826 828 839 936 993 995 1018 1077 1121 1165
585 675 677 681 708 875 903 1047 1137 1144 1155
586 588 635 656 704 749 780 848 963 967 1038 1107 1147 1157 1168 1185 1203
587 617 619 644 678 751 789 796 867 914 937 1039 1063 1180 1181 1232
588 600 604 635 656 697 848 904 906 933 945 963 985 1088 1106 1107 1147 1203 1249
589 640 658 693 721 728 734 753 771 826 828 839 843 934 973 992 993 995 1121
590 725 747 768 997 1012 1046 1068 1109 1138 1141 1161 1194 1213
591 593 603 740 832 850 874 882 929 930 1058 1152 1156 1189 1209 1250
592 648 661 670 754 784 801 802 856 954 974 989 1061 1167 1223 1240 1242
593 596 603 671 696 740 832 874 882 929 930 972 1058 1154 1156 1189 1196 1224
594 654 706 732 768 783 887 920 1037 1046 1075 1080 1100 1112 1138 1195
595 624 630 639 761 790 805 806 819 824 829 871 931 952 1030 1079 1159 1178 1197 1199 1216
596 671 786 816 827 832 930 972 1058 1154 1183 1189 1224
597 632 665 683 1004 1009 1035 1059 1102 1211 1251
598 604 633 673 727 735 866 953 959 1038 1072 1094 1101 1157 1218
599 659 660 770 1113 1186
600 604 697 699 848 866 933 945 963 985 1005 1088 1097 1106 1147 1203
601 616 640 672 693 759 771 786 795 816 827 843 934 939 1084 1183
602 618 626 687 707 834 842 886 966 1081 1140 1204 1248
603 740 850 874 882 929 930 1058 1152 1156 1209 1250
604 673 697 735 866 933 953 963 985 1072 1088 1101 1157 1203 1218
605 664 694 714 726 873 902 919 923 975 1098 1115 1129 1160
606 627 659 660 662 698 701 715 793 854 878 1034 1060 1062 1069 1113 1136
607 644 649 712 776 803 863 869 932 935 984 1020 1039 1049 1063 1090 1108 1124 1158 1173 1245
608 681 701 742 798 808 817 840 860 901 907 938 982 994 998 1069 1074 1087 1127 1130 1135 1176 1214
609 613 689 738 788 800 911 915 1021 1093 1227 1251 1252
610 645 915 1009 1021 1102 1251
611 643 676 739 763 791 810 870 888 896 917 1015 1243
612 687 731 745 797 842 859 883 950 971 1055 1056 1078 1122 1150 1204
613 632 689 773 800 865 911 915 1009 1059 1102 1146 1174 1227 1251 1252
614 695 834 891 1017 1095 1120 1205
615 661 670 722 762 802 813 864 954 974 1041 1163 1222
616 625 652 737 759 795 827
617 619 641 644 712 751 789 838 898 937 984 1039 1040 1063 1173 1180 1181 1220 1232 1245 1246
618 626 687 797 886 950 966 971 1081 1140 1204 1248
619 644 678 754 814 823 867 914 935 937 984 1063 1124 1158 1180 1235
620 699 830 897 961 1002 1003 1005 1088 1097 1110 1237
621 704 717 749 805 806 876 900 1019 1038 1096 1168 1171 1185
622 750 819 824 890 1042 1074 1079 1127 1159 1184
623 650 700 812 815 852 899 926 962 1016 1022 1043 1104 1122 1179 1192 1193 1219
624 630 639 780 790 805 806 811 829 952 1030 1052 1099 1159 1178 1197 1199 1216
625 640 652 721 759 771 795 843 934 973
626 687 797 886 950 966 971 1081 1140 1204 1248
627 662 698 715 837 849 854 868 878 895 1024 1034 1060 1062 1069 1136 1234
628 633 716 872 905 922 941 948 959 965 1111 1190 1221
629 653 750 817 824 840 879 890 907 938 982 1074 1130 1176 1184 1214
630 639 761 790 805 806 819 824 829 871 931 952 1030 1079 1159 1178 1197 1199 1216
631 744 777 833 900 908 1019 1067 1096 1171 1230
632 669 683 773 865 1000 1022 1035 1053 1057 1059 1102 1146 1174 1211
633 673 716 727 779 948 953 959 1218 1221 1239
634 663 755 820 825 830 909 949 976 1003 1151 1175 1200 1208 1215
635 656 735 780 848 933 963 967 985 1038 1072 1107 1147 1157 1168 1185 1203
636 643 676 739 772 791 792 810 836 955 987 1123 1201 1207 1217 1239
637 667 837 868 1024 1118 1126 1234 1247
638 685 765 767 785 884 956 965 977 1064 1065 1111 1190 1212
639 761 790 805 806 811 819 829 952 1030 1052 1079 1159 1178 1197 1199 1216
640 652 658 721 759 771 795 843 934 973 992 1121
641 644 646 712 751 789 838 863 898 1039 1040 1080 1100 1220 1232 1245 1246
642 736 758 764 856 1042 1066 1142 1167 1170
643 676 739 763 772 791 810 836 888 896 917 955 987 1123 1207 1243
644 712 751 863 867 935 937 984 1020 1039 1049 1063 1124 1158 1173 1180 1235 1245 1246
645 691 718 723 877 951 1025 1205
646 649 712 751 781 803 838 863 869 984 997 1039 1108 1109 1161 1245 1246
647 744 777 833 855 871 908 918 921 942 1105 1188 1206 1230
648 661 754 784 801 802 932 935 989 1061 1158 1167 1223 1235 1240 1242
649 712 781 803 863 869 984 991 996 1020 1039 1090 1108 1133 1161 1173 1245
650 683 692 700 815 852 926 962 1000 1016 1022 1035 1043 1053 1057 1104 1119 1192 1193 1211
651 685 726 730 752 765 873 925 1064 1115 1132 1229
652 737
653 750 817 824 840 879 890 907 938 982 1074 1130 1176 1214
654 706 713 732 818 825 858 887 947 1037 1075 1112 1138 1151 1175 1195 1215
655 668 710 846 864 958 1048 1128 1222 1236
656 780 848 904 906 967 979 990 1106 1147 1177 1203 1210 1244 1249
657 679 690 804 862 889 970 983 1010 1092 1146 1191 1228 1233
658 693 721 734 753 771 826 828 843 934 973 992 993 995 1121
659 660 698 715 770 878 1060 1113 1186
660 662 698 715 770 793 854 878 1001 1060 1113 1136 1186
661 670 722 784 802 954 974 989 1163 1167 1223 1240 1242
662 698 701 715 793 854 878 1001 1034 1060 1062 1069 1136
663 669 682 692 820 949 976 1000 1043 1053 1119 1200 1208 1215
664 726 873 919 975 1115 1129
665 683 691 757 815 877 913 1004 1009 1035 1102 1162 1211
666 720 725 747 799 822 881 894 927 997 1012 1068 1091 1141 1161 1194 1198 1213
667 868 1024 1118 1126 1234 1247
668 686 710 756 846 936 958 988 1048 1071 1077 1128 1165 1172 1236
669 692 773 865 1000 1022 1035 1043 1053 1057 1059 1119 1174 1200 1208 1228
670 722 762 784 802 813 864 954 974 1041 1163 1167 1223 1240
671 696 786 816 821 832 924 939 1006 1032 1125 1131 1153 1154 1183 1189 1196 1224
672 674 693 782 786 816 821 928 939 969 1029 1031 1084 1153 1183
673 735 866 905 941 948 953 959 1072 1143 1218
674 693 743 774 782 828 912 928 934 939 969 1029 1031 1084 1225
675 677 708 875 903 1047 1137 1144 1155 1226
676 739 772 791 810 836 917 955 987 1123 1201 1207 1217 1243
677 681 708 875 903 1047 1137 1144 1155 1226
678 790 796 811 914 937 979 1052 1099 1180 1199
679 689 690 733 804 911 940 944 970 1092 1093 1146 1191 1227 1233
680 762 764 807 813 1041 1114 1164
681 701 708 742 808 860 875 901 903 994 998 1047 1087 1135 1137 1144 1155 1226
682 692 713 818 852 858 949 1000 1037 1043 1053 1086 1104 1119 1200 1208 1215
683 700 757 815 913 926 962 1000 1004 1022 1035 1057 1102 1193 1211
684 728 734 756 826 828 839 936 988 993 995 1018 1077
685 730 752 765 785 884 922 925 956 965 1064 1132 1190 1212 1229
686 743 756 774 857 912 936 958 988 1048 1071 1077 1128 1165 1172 1236
687 731 797 842 859 886 950 971 1078 1081 1140 1150 1204 1248
688 763 841 853 870 888 896 981 1014 1015 1026 1045 1070 1073 1082 1116 1149 1241
689 738 788 800 804 911 1092 1093 1146 1227 1233 1252
690 773 865 889 909 911 970 983 1010 1092 1146 1191 1227 1228 1233
691 707 718 877 951 1162 1205
692 700 852 926 949 962 1000 1022 1035 1043 1053 1057 1119 1192 1193 1200 1208 1211
693 759 771 782 786 816 828 843 928 934 939 969 1029 1084 1121
694 709 714 719 794 847 885 902 923 975 1027 1044 1076 1098 1129 1160
695 723 724 891 1095 1120
696 720 832 874 882 924 930 1032 1058 1125 1189 1196 1224
697 699 848 866 904 906 933 945 963 985 1005 1088 1106 1147 1203
698 715 793 837 854 878 1034 1060 1062 1069 1113 1136
699 706 778 825 893 897 945 947 978 985 986 1005 1054 1088 1097 1106
700 815 852 899 913 926 962 1000 1004 1016 1022 1035 1043 1053 1057 1119 1192 1193 1211
701 715 742 793 808 903 907 994 1034 1069 1087 1137 1155
702 703 745 769 787 831 835 844 845 861 883 910 968 1033 1056 1103 1148 1169 1202 1238
703 769 787 809 831 835 844 845 861 883 910 968 1028 1033 1056 1103 1145 1148 1202 1238
704 717 749 805 806 876 1038 1096 1107 1168 1171 1185
705 835 844 850 1023 1152 1209 1250
706 732 778 783 825 893 920 945 947 960 978 986 1008 1051 1054 1100 1112 1177 1195
707 718 757 834 877 966 999 1017 1162 1205
708 741 742 808 860 875 903 998 1047 1087 1137 1144 1155 1226
709 719 792 847 885 902 923 1044 1076 1098 1160 1217
710 722 846 864 958 1048 1128 1163 1222 1236
711 776 869 932 989 996 1020 1089 1090 1108 1139 1187
712 751 781 803 863 869 984 1020 1039 1049 1063 1108 1124 1173 1245 1246
713 818 858 887 1037 1075 1086 1104 1117 1166 1215
714 847 885 902 919 923 964 975 980 1044 1076 1098 1129 1160
715 770 793 854 878 1001 1034 1060 1062 1069 1113 1136
716 872 922 941 948 959 964 965 1190 1221 1239
717 749 876 900 1019 1038 1094 1096 1168 1171 1185
718 723 877 951 1017 1025 1162 1205
719 794 847 885 1027 1044 1098
720 748 775 799 880 894 924 1028 1032 1194 1196 1198
721 728 734 753 771 826 839 843 934 973 992 995 1007 1121
722 784 864 958 974 1048 1163 1172 1222 1236
723 724 951 1017 1025 1120 1205
724 951 1025
725 747 781 799 822 881 894 927 997 1012 1091 1109 1141 1161 1194 1213
726 730 752 873 919 925 1064 1115 1132 1229
727 779 836 1045 1094 1101
728 734 753 826 839 992 993 995 1018
729 918 942 957 1026 1083
730 752 765 873 884 925 956 1064 1115 1132 1212 1229
731 745 812 842 859 899 999 1055 1078 1122 1150
732 768 783 920 1008 1046 1051 1054 1075 1080 1100 1112 1138 1195
733 804 940 944 1011 1036 1233
734 753 771 826 828 839 843 934 969 973 992 993 995 1018 1121
735 866 933 953 963 1038 1072 1094 1101 1107 1157 1218
736 754 758 814 823 914 1042 1066 1142
737 795 827
738 788 800 911 1093 1227 1252
739 772 791 792 810 917 955 987 1123 1217 1243
740 832 874 882 929 930 972 1058 1156 1189
741 764 807 860 875 1047 1114 1170 1226
742 798 808 860 901 903 938 994 998 1047 1087 1135 1137 1144 1155
743 756 774 782 828 857 912 936 969 993 1071 1077 1165 1225
744 761 777 806 833 871 908 931 952 1030 1171 1230
745 831 842 859 861 883 910 1033 1055 1056 1078 1122 1150 1238
746 769 775 809 845 894 946 968 1028 1068 1085 1103 1117 1134 1145 1148 1179 1238
747 781 799 822 881 894 927 997 1012 1068 1091 1109 1141 1161 1194 1213
748 775 845 880 894 968 1028 1103 1134 1145
749 805 806 876 1019 1038 1096 1107 1168 1171 1185
750 817 819 824 840 890 1074 1079 1127 1130 1176 1184 1197 1214 1216
751 789 838 863 898 984 1039 1040 1181 1220 1232 1245 1246
752 766 851 873 925 1115 1132 1229 1231
753 826 839 973 992 995 1018 1121
754 758 801 814 823 867 914 935 1061 1063 1124 1158 1223 1235 1240 1242
755 820 830 909 976 983 1002 1003 1010 1151
756 846 936 958 988 1048 1071 1077 1128 1165 1236
757 812 815 899 913 962 999 1004 1055 1162 1193 1211
758 814 823 914 1042 1066 1142
759 771 786 795 816 827 843 934 939 1183
760 803 822 927 991 996 1006 1031 1090 1091 1131 1133 1153
761 777 805 806 819 824 829 833 871 931 952 1030 1171 1178 1197 1216
762 764 802 807 813 856 954 1041 1167 1170
763 841 870 888 896 917 1014 1015 1116 1243
764 807 856 1066 1114 1142 1170
765 785 884 922 956 965 980 1064 1115 1132 1190 1212 1229
766 851 1011 1013 1036 1050 1065 1231
767 862 889 916 977 1013 1065 1182
768 783 887 1046 1080 1085 1109 1138 1141
769 775 787 809 831 835 845 861 910 968 1028 1033 1103 1134 1145 1148 1202 1238
770 878 1001 1060 1113 1186
771 795 826 843 934 973 992 1121
772 791 792 810 836 917 955 987 1123 1201 1207 1217 1239
773 865 911 1059 1092 1146 1174 1227 1228
774 782 828 857 912 928 936 969 1029 1071 1165 1225
775 809 845 880 894 968 1028 1068 1103 1134 1145 1148 1194
776 869 932 989 996 1020 1049 1061 1089 1090 1108 1139 1173 1187
777 833 871 908 931 942 1105 1188 1230
778 904 906 920 945 947 960 978 986 1008 1051 1054 1106 1177 1249
779 836 955 1045 1123 1207 1221 1239
780 811 829 848 904 967 979 990 1099 1147 1168 1210 1244 1249
781 803 863 869 991 997 1012 1090 1108 1109 1133 1161
782 828 912 928 969 993 1029 1031 1084 1165 1225
783 838 898 920 1008 1046 1080 1100 1112 1138 1195
784 801 802 932 954 974 989 1061 1163 1167 1223 1240 1242
785 884 922 956 965 977 1064 1111 1190 1212 1229
786 795 816 827 939 1084 1125 1154 1183
787 831 835 844 845 861 883 910 968 1033 1056 1103 1148 1169 1202 1238
788 800 1093 1252
789 796 838 898 920 960 979 990 1039 1040 1181 1210 1220 1232 1244 1246
790 796 811 829 979 1052 1099 1159 1178 1199
791 810 836 917 955 987 1123 1207 1243
792 847 987 1076 1201 1217
793 1001 1034 1060 1069 1113
794 847 885 975 1027 1044 1098
795 816 827 934 939 1154 1183
796 811 937 979 990 1052 1099 1181 1199 1210 1232 1244
797 886 950 971 1081 1140 1204 1248
798 840 860 901 938 994 998 1042 1066 1074 1127 1135 1176
799 822 881 894 927 997 1012 1091 1141 1161 1194 1198 1213
800 911 915 1093 1146 1227 1252
801 802 814 823 867 932 935 989 1061 1124 1158 1167 1223 1235 1240 1242
802 856 954 974 1167 1223 1240 1242
803 863 869 991 996 997 1089 1090 1108 1133 1161 1245
804 940 944 970 1092 1233
805 806 829 876 952 967 1030 1168 1171 1185
806 829 876 952 1030 1168 1171 1185
807 1114 1164
808 860 901 903 907 938 994 998 1034 1069 1087 1135 1137 1155 1176
809 845 946 1033 1085 1103 1117 1134 1145 1148 1179 1219 1238
810 836 917 955 987 1123 1201 1207 1217 1239
811 829 967 979 1052 1099 1159 1178 1199 1210 1244
812 815 842 859 899 913 962 999 1016 1055 1078 1122 1150 1192 1193 1219
813 864 954 1041 1222
814 823 867 914 935 1061 1063 1158 1180 1235
815 899 913 926 962 999 1004 1022 1035 1055 1057 1192 1193 1211
816 827 939 1084 1154 1183
817 840 879 890 892 907 938 982 1074 1130 1176 1214
818 858 887 1037 1075 1086 1104 1166 1175 1215
819 824 890 931 952 1030 1079 1159 1178 1184 1197 1199 1216
820 830 909 949 976 983 1003 1010 1151 1200 1208
821 939 1006 1031 1125 1131 1153 1224
822 881 927 991 1006 1012 1032 1091 1131 1161 1194 1198
823 867 914 935 1061 1158 1180 1235
824 871 890 931 952 1030 1079 1159 1178 1184 1197 1216
825 893 945 947 976 978 986 1054 1075 1112 1151 1175 1195 1215
826 828 839 843 934 973 992 993 995 1018 1121
827 939 1154 1183
828 912 936 969 993 1121 1165
829 952 967 1030 1052 1159 1178 1197 1199 1216
830 893 897 909 961 976 1002 1003 1005 1097 1151
831 835 844 845 861 883 910 968 1033 1056 1103 1148 1169 1202 1238
832 874 882 924 930 1032 1058 1125 1154 1189 1196 1224
833 871 908 931 1105 1188 1230
834 966 1017 1095 1120 1205
835 844 845 850 880 910 968 1023 1028 1103 1148 1202
836 955 987 1123 1207 1221 1239
837 849 854 868 878 879 895 1024 1062 1136 1234 1247
838 898 920 1039 1040 1046 1080 1100 1109 1220 1246
839 992 993 995 1018
840 890 901 907 938 994 1074 1127 1130 1135 1176 1184 1214
841 853 870 896 981 1014 1015 1026 1073 1082 1116 1149 1241
842 859 883 899 950 999 1055 1056 1078 1122 1150 1204
843 934 973 992 1121
844 861 883 910 1023 1056 1169 1202
845 880 910 968 1028 1103 1134 1145 1148 1202 1238
846 958 1048 1128 1222 1236
847 885 902 923 975 1027 1044 1076 1098 1160
848 904 906 933 945 963 967 985 1106 1147 1177 1203 1249
849 854 868 879 895 907 982 1024 1062 1136 1234 1247
850 874 882 1023 1152 1156 1209 1250
851 1011 1013 1036 1050 1065 1231
852 858 926 1000 1016 1022 1043 1053 1086 1104 1117 1119 1166 1192 1193 1208
853 981 1014 1015 1026 1067 1073 1082 1083 1116 1149 1241
854 868 878 895 1024 1034 1060 1062 1069 1136 1234
855 908 918 921 942 943 957 1105 1188 1230
856 954 1066 1142 1167 1170 1223 1240
857 912 936 1048 1071 1139 1165 1172 1225
858 887 949 1037 1075 1086 1104 1166 1175 1208 1215
859 883 899 999 1055 1056 1078 1122 1150
860 901 903 938 994 998 1047 1087 1127 1135 1155 1170 1226
861 883 910 1033 1056 1103 1122 1148 1150 1179 1202 1219 1238
862 889 916 961 977 983 1002 1182 1191
863 869 984 1020 1039 1049 1063 1108 1124 1173 1245 1246
864 1041 1222
865 911 1059 1146 1174 1227 1228
866 933 953 963 985 1072 1101 1157 1218
867 914 935 937 984 1049 1061 1063 1124 1158 1173 1180 1235
868 1024 1118 1126 1234 1247
869 932 984 991 996 1020 1049 1089 1090 1108 1133 1173 1187 1245
870 896 917 1014 1015 1243
871 931 952 1030 1197 1216
872 919 922 964 965 980 1064 1190
873 925 1115 1132 1229
874 880 882 929 930 1058 1152 1156 1189 1196 1209 1250
875 903 998 1047 1137 1144 1155 1226
876 900 1019 1038 1096 1168 1171 1185
877 951 1017 1162 1205
878 1060 1062 1113 1136
879 892 895 907 982 1062 1130 1206 1214 1234
880 882 968 1028 1103 1152 1209 1250
881 894 927 997 1012 1091 1141 1161 1194 1198 1213
882 929 930 1058 1152 1156 1209 1250
883 910 1033 1056 1122 1150 1169 1202 1238
884 922 956 965 977 1064 1065 1190 1212 1229
885 902 923 975 1027 1044 1076 1098 1129 1160
886 950 966 971 1081 1140 1204 1248
887 1037 1075 1085 1086 1138 1166 1215
888 896 1014 1015 1045 1070 1116 1149
889 916 944 970 983 1013 1182 1191 1233
890 1074 1079 1127 1130 1176 1184 1214
891 1017 1095 1120 1205
892 921 1206 1234
893 897 945 947 976 978 986 1003 1005 1054 1088 1097 1151 1175
894 1028 1068 1134 1141 1145 1194 1213
895 907 982 1034 1062 1069 1136 1214 1234
896 917 1014 1015 1243
897 961 1002 1003 1005 1088 1097 1110 1237
898 920 960 1040 1046 1080 1100 1181 1220 1232 1246
899 913 962 999 1016 1055 1078 1122 1150 1192 1193 1219
900 1019 1067 1070 1073 1096 1171
901 907 938 994 998 1074 1087 1127 1130 1135 1176 1214
902 919 923 975 1044 1076 1098 1129 1160
903 994 998 1047 1087 1137 1144 1155 1226
904 906 945 960 967 985 986 990 1008 1051 1054 1106 1147 1177 1203 1210 1244 1249
905 941 948 953 959 1110 1111 1143 1218 1237
906 945 960 985 986 990 1008 1051 1054 1106 1147 1177 1203 1249
907 938 982 994 1034 1062 1069 1087 1130 1176 1214
908 918 942 957 1105 1188 1230
909 983 1002 1003 1010 1191 1228
910 968 1033 1056 1103 1148 1150 1202 1238
911 970 1059 1092 1093 1146 1227 1228 1233 1252
912 928 936 969 993 1029 1071 1084 1165 1225
913 962 999 1004 1055 1162 1193 1211
914 937 1180 1235
915 1009 1021 1059 1102 1251 1252
916 961 977 1111 1182
917 987 1243
918 921 942 943 957 1083 1105 1188 1230
919 922 923 964 980 1064 1076 1115 1229
920 960 1008 1040 1046 1051 1054 1080 1100 1112 1177 1220 1232
921 942 943 1105 1118 1126 1188 1206
922 948 956 964 965 980 1064 1190 1212
923 975 1044 1076 1098 1129 1160
924 1006 1032 1125 1131 1189 1196 1198 1224
925 1115 1132 1229
926 962 1000 1016 1022 1035 1043 1053 1057 1119 1192 1193 1211
927 1012 1091 1131 1161 1194 1198
928 969 1029 1031 1084 1153 1225
929 930 972 1058 1156
930 972 1058 1154 1156 1189
931 952 1030 1079 1178 1197 1216
932 935 989 1020 1049 1061 1108 1124 1139 1158 1173 1242
933 953 963 985 1005 1072 1088 1106 1107 1147 1157 1203
934 973 992 1121
935 984 989 1020 1049 1061 1063 1124 1158 1173 1235 1242 1245
936 988 993 1048 1071 1077 1128 1165 1236
937 979 1052 1063 1099 1180 1181
938 982 994 998 1074 1087 1127 1130 1135 1176 1214
939 1084 1125 1153 1154 1183
940 944 970 1036 1092 1233
941 948 959 965 1111 1143 1190
942 943 957 1083 1105 1188 1230
943 1105 1118 1126 1188
944 1011 1013 1036 1050 1065 1233
945 947 978 985 986 1005 1008 1051 1054 1088 1106 1147 1177 1203
946 1085 1086 1104 1117 1134 1145 1148 1166 1179 1219 1238
947 976 978 986 1008 1054 1112 1151 1175 1195
948 959 1190 1218 1221
949 976 1053 1119 1151 1175 1200 1208 1215
950 971 1081 1140 1204 1248
951 1017 1025 1095 1205
952 1030 1159 1171 1178 1197 1216
953 959 1072 1101 1143 1218
954 974 1041 1167 1223 1240
955 987 1123 1201 1207 1221 1239
956 965 980 1064 1190 1212 1229
957 1083 1105 1230
958 1048 1071 1128 1163 1172 1222 1236
959 1143 1218 1221
960 986 990 1008 1040 1051 1054 1080 1100 1177 1181 1210 1220 1232 1249
961 1002 1097 1110 1143 1182 1237
962 1000 1004 1016 1022 1035 1043 1057 1192 1193 1211
963 985 1038 1072 1088 1106 1107 1147 1157 1203
964 965 980 1064 1190
965 980 1064 1190 1212 1229
966 1017 1081 1095 1140 1205
967 990 1107 1147 1168 1185 1244 1249
968 1028 1103 1145 1148 1202 1238
969 993 1029 1084 1165 1225
970 983 1092 1146 1191 1227 1228 1233
971 1081 1140 1204 1248
972 1058 1154 1189
973 992 995 1007 1121
974 1163 1172
975 1027 1044 1076 1098 1129 1160
976 1003 1151 1175 1215
977 1065 1111 1182 1212
978 986 1005 1008 1054 1106 1112 1151 1175 1195
979 990 1040 1052 1099 1181 1210 1220 1232 1244 1249
980 1064 1190 1229
981 1014 1026 1067 1073 1082 1083 1116 1149 1241
982 1062 1069 1130 1176 1214 1234
983 1010 1092 1191 1228
984 1020 1039 1049 1063 1108 1124 1158 1173 1235 1245
985 1005 1088 1106 1147 1157 1203
986 1005 1008 1051 1054 1106 1177
987 1123 1201 1207 1217
988 1071 1077 1128
989 1020 1049 1061 1139 1240 1242
990 1040 1051 1099 1177 1181 1210 1220 1232 1244 1249
991 996 1089 1090 1091 1108 1133 1187
992 995 1007 1018 1121
993 995 1077 1121 1165
994 998 1074 1087 1127 1135 1155 1176
995 1018 1121
996 1089 1090 1108 1133 1139 1187
997 1012 1109 1141 1161 1213
998 1047 1087 1135 1137 1144 1155 1226
999 1004 1055 1078 1162
1000 1022 1035 1043 1053 1057 1119 1174 1193 1200 1208 1211
1001 1060 1113 1186
1002 1003 1097 1110 1182 1237
1003 1097 1151
1004 1035 1162 1193 1211
1005 1088 1097 1106 1110 1237
1006 1031 1032 1091 1125 1131 1153 1224
1007
1008 1051 1054 1080 1100 1106 1112 1177 1195 1220
1009 1021 1059 1102 1251
1010 1191 1228
1011 1013 1036 1050 1065 1231
1012 1091 1109 1141 1161 1194 1213
1013 1036 1050 1065 1231
1014 1015 1026 1045 1070 1073 1082 1116 1149 1241
1015 1082 1116 1243
1016 1043 1086 1104 1117 1122 1179 1192 1193 1219
1017 1095 1120 1205
1018
1019 1067 1070 1096 1171
1020 1049 1061 1063 1108 1124 1158 1173 1235 1245
1021 1251 1252
1022 1035 1043 1053 1057 1119 1192 1193 1211
1023 1152
1024 1118 1126 1234 1247
1025
1026 1067 1073 1082 1083 1116 1149 1241
1027 1044 1098
1028 1103 1134 1145 1148
1029 1031 1084 1153 1225
1030 1079 1159 1178 1197 1216
1031 1084 1153 1225
1032 1125 1131 1189 1196 1198 1224
1033 1056 1103 1122 1148 1150 1179 1219 1238
1034 1060 1062 1069 1087 1136
1035 1043 1053 1057 1059 1102 1119 1174 1193 1211
1036 1050 1065 1231
1037 1075 1086 1112 1138 1166 1175 1195 1215
1038 1072 1094 1101 1107 1157 1168 1185
1039 1049 1063 1124 1173 1245 1246
1040 1100 1181 1210 1220 1232 1244 1246
1041
1042 1066 1074 1127 1135 1142 1184
1043 1053 1057 1119 1192 1193 1200 1208
1044 1076 1098 1129 1160
1045 1070 1094 1116 1149
1046 1080 1100 1109 1112 1138 1195 1246
1047 1137 1144 1155 1226
1048 1071 1077 1128 1163 1165 1172 1236
1049 1061 1063 1108 1124 1158 1173 1235 1245
1050 1065 1231
1051 1054 1100 1106 1177 1220 1249
1052 1099 1159 1178 1199
1053 1057 1119 1174 1200 1208
1054 1100 1106 1112 1177 1195
1055 1078 1122 1150 1193
1056 1078 1122 1150 1169 1202 1238
1057 1119 1174 1193 1211
1058 1154 1156 1189 1196 1224
1059 1102 1146 1174 1227 1251
1060 1062 1069 1113 1136
1061 1063 1124 1158 1173 1223 1235 1240 1242
1062 1069 1136 1234
1063 1124 1158 1173 1180 1235 1245
1064 1115 1132 1190 1212 1229
1065 1212 1231
1066 1142 1170
1067 1070 1073 1082 1096 1116 1149 1241
1068 1085 1134 1141 1145 1194 1213
1069 1087 1136
1070 1073 1082 1116 1149 1241
1071 1077 1128 1165 1172 1236
1072 1094 1101 1107 1157 1203 1218
1073 1082 1116 1149 1241
1074 1127 1130 1135 1176 1184 1214
1075 1112 1138 1175 1195 1215
1076 1098 1160 1201 1217
1077 1128 1165 1236
1078 1122 1150
1079 1159 1178 1184 1197 1199 1216
1080 1100 1112 1138 1220 1246
1081 1140 1204 1248
1082 1116 1149 1241
1083 1241
1084 1153
1085 1086 1117 1134 1141 1166 1213
1086 1104 1117 1166 1179
1087 1135 1137 1155 1176
1088 1097 1106 1203 1237
1089 1090 1108 1133 1139 1187
1090 1108 1133 1187
1091 1131 1133 1161 1198
1092 1146 1191 1227 1228 1233
1093 1252
1094 1101 1157
1095 1120 1205
1096 1171 1185
1097 1110 1237
1098 1129 1160
1099 1181 1199 1210 1232 1244
1100 1112 1138 1177 1195 1220 1246
1101 1107 1157 1218
1102 1211 1251
1103 1134 1145 1148 1202 1238
1104 1117 1166 1179 1192 1219
1105 1188 1230
1106 1147 1177 1203 1249
1107 1157 1168 1185 1203
1108 1124 1133 1173 1187 1245
1109 1141 1161 1213 1246
1110 1111 1143 1182 1237
1111 1143 1190
1112 1138 1175 1195
1113 1186
1114 1164 1170 1226
1115 1132 1229
1116 1149 1241
1117 1134 1166 1179 1219
1118 1126 1206 1234 1247
1119 1174 1200 1208
1120 1205
1121
1122 1150 1179 1219
1123 1201 1207 1221 1239
1124 1158 1173 1235 1245
1125 1131 1153 1183 1189 1196 1224
1126 1247
1127 1135 1176 1184
1128 1236
1129 1160
1130 1176 1214
1131 1153 1196 1198 1224
1132 1229
1133 1187
1134 1145 1148
1135 1155 1176
1136 1234
1137 1144 1155 1226
1138 1195
1139 1187
1140 1204 1248
1141 1161 1194 1213
1142 1167 1170
1143 1218 1237
1144 1155 1226
1145 1148 1238
1146 1174 1191 1227 1228 1233
1147 1177 1203 1249
1148 1202 1238
1149 1241
1150
1151 1175 1215
1152 1156 1209 1250
1153
1154 1183 1189
1155 1226
1156 1209 1250
1157 1168 1185 1203
1158 1173 1180 1235 1242 1245
1159 1178 1197 1199 1216
1160
1161 1194 1213
1162
1163 1172 1222
1164
1165 1225
1166
1167 1223 1240 1242
1168 1171 1185
1169 1202
1170
1171 1185
1172 1236
1173 1235 1245
1174 1200 1227 1228
1175 1195 1215
1176 1184 1214
1177 1210 1220 1249
1178 1197 1199 1216
1179 1192 1219 1238
1180 1235
1181 1210 1220 1232 1244
1182 1237
1183 1189 1224
1184
1185
1186
1187
1188 1206 1230
1189 1196 1224
1190 1212
1191 1228 1233
1192 1193 1219
1193 1211
1194 1198 1213
1195
1196 1198 1224
1197 1199 1216
1198
1199 1216
1200 1208
1201 1207 1217 1221 1239
1202 1238
1203 1249
1204 1248
1205
1206 1234
1207 1221 1239
1208 1215
1209 1250
1210 1220 1232 1244 1249
1211
1212 1229
1213
1214
1215
1216
1217
1218
1219 1238
1220 1232 1244
1221 1239
1222 1236
1223 1240 1242
1224
1225
1226
1227 1228 1233 1252
1228 1233
1229
1230
1231
1232 1244
1233
1234 1247
1235 1242
1236
1237
1238
1239
1240 1242
1241
1242
1243
1244 1249
1245 1246
1246
1247
1248
1249
1250
1251 1252
1252
