#/opt/homebrew/Caskroom/miniconda/base/envs/hack25/lib/python3.12/site-packages/ipykernel_launcher.py --f=/Users/jpinney/Library/Jupyter/runtime/kernel-v352576b36ed274793969b57d69d8306c9df606370.json
# GMT Sun Jul 20 12:23:43 2025
# 
0 402
1
2
3
4
5
6 51 503
7 331
8 200
9 119 336
10
11 116 237
12
13 500
14 159
15 34
16
17
18 52
19
20 48 140 322 433
21
22
23 232
24
25 284 439 471
26 285 370
27 420
28 442
29
30 329
31 219
32 411
33 114 156 203 502
34 446
35 101
36
37
38 77 330
39
40 274
41
42 381
43
44 242 310
45 187 205 470
46
47 179 367 463 508
48 140 322 433
49
50 271
51 503
52
53
54
55 73
56 138
57 516
58
59 172
60
61 177
62 103
63 379
64 162 220
65 395
66 204 392
67
68
69
70 139 192 201 485
71
72 404 492
73
74 190
75 80 460 504
76 212 240 348
77 330
78
79
80 164 460
81 249
82 416
83
84
85
86 343
87
88
89 199
90
91 137 448
92
93
94
95 157
96 351 378
97 464
98
99
100
101
102 111
103 435
104 186 207 393
105
106 109 224 413
107
108 406 483
109 224 413
110 235
111
112
113
114 156 203
115
116 237
117 359
118 280
119 245 336
120 514
121 145
122 269
123
124 183 430
125 252
126 325
127 391
128
129 172 435
130
131 403
132 292
133 398
134
135 189
136 344 520
137 191 441
138
139 192 201 485
140
141 455
142 191 441
143
144 489
145
146 443 462
147 410
148
149 476
150 456
151
152
153 368
154 373 445
155
156 203
157
158
159
160
161 247 276
162
163
164
165
166
167 512
168 472
169 177
170
171 384
172 435
173
174
175
176 195 360
177
178
179 367 463 508
180 269
181 355 362
182 388
183 430
184
185
186 207 393
187 205 470
188 410
189 198
190
191 441
192 201 485
193
194 498
195 360
196
197
198 337
199
200
201 485
202 237
203
204 392
205
206
207 393
208 223
209
210
211 347
212 240
213
214
215
216
217
218
219 321
220
221 238
222 281
223
224 413
225
226
227 511
228
229 444
230 296
231 268
232 436
233
234
235
236
237
238
239 270
240
241
242
243 434
244
245 278
246
247 276
248
249 507
250
251
252
253 385 510
254
255 498
256
257
258
259
260
261 346
262 473 479
263
264
265
266
267
268 411
269
270
271
272 494
273 379
274
275 405
276
277
278
279
280
281
282 375
283 294
284 439 471 517
285 370
286
287
288
289
290
291
292
293
294
295
296 437
297
298
299 403 504
300 303 346 350
301
302
303 350
304
305
306 465
307
308
309
310 513
311 484
312
313
314
315 323
316 378
317
318
319 473
320
321
322 433
323
324 514
325
326
327
328 373 445
329 475
330
331
332 452
333
334
335 423
336
337
338
339
340 357
341
342 405
343 357
344
345
346 350
347
348
349 466
350
351
352
353 471
354
355 362
356
357 421
358
359
360
361
362
363
364
365
366
367 463 508
368
369
370
371
372
373 445
374 461
375
376
377
378
379
380
381
382
383 395
384
385 510
386
387
388
389
390
391
392
393
394
395
396
397 459
398
399 434
400
401
402
403
404
405
406
407
408
409
410
411
412
413
414 506
415
416
417
418
419
420 428
421 499
422
423
424
425
426 520
427
428
429
430
431
432
433
434
435
436
437
438
439 471 517
440
441
442
443 462
444
445
446
447
448
449
450
451
452
453
454
455
456
457
458
459
460 504
461
462
463 508
464
465
466
467
468 478
469
470
471
472
473 479
474
475
476
477
478
479
480
481
482
483
484
485
486
487
488
489
490
491
492
493
494
495
496 516
497
498
499
500
501 509
502
503
504
505 515
506
507
508
509
510
511
512
513
514
515
516
517
518
519
520
521
