#/opt/homebrew/Caskroom/miniconda/base/envs/hack25/lib/python3.12/site-packages/ipykernel_launcher.py --f=/Users/jpinney/Library/Jupyter/runtime/kernel-v352576b36ed274793969b57d69d8306c9df606370.json
# GMT Sun Jul 20 12:23:42 2025
# 
0
1
2 71
3
4
5
6
7
8
9 91
10
11
12
13
14
15
16
17
18
19
20
21
22
23
24
25 85
26
27 47
28
29
30
31 53
32
33
34 64
35
36 57
37
38 78 89
39
40
41
42
43
44 95
45
46
47
48
49
50
51
52
53 61
54 63
55
56
57
58
59
60
61
62
63
64
65 90
66
67
68
69
70
71
72
73
74
75
76
77
78
79
80
81
82
83
84 96
85
86
87
88
89
90
91
92
93
94
95
96
97
98
99
