#/opt/homebrew/Caskroom/miniconda/base/envs/hack25/lib/python3.12/site-packages/ipykernel_launcher.py --f=/Users/jpinney/Library/Jupyter/runtime/kernel-v352576b36ed274793969b57d69d8306c9df606370.json
# GMT Sun Jul 20 12:23:42 2025
# 
0 16
1
2 172
3
4
5
6
7
8 214 306
9
10
11
12 20
13
14 517
15
16
17
18
19 223
20
21
22 678
23 865
24
25
26 57 811 812
27
28 169
29
30 54
31
32
33
34 416
35
36
37 389
38
39
40
41 650
42
43
44 777
45
46
47 403 632
48 218
49
50 377
51
52
53
54
55
56 697
57 812
58 482
59
60 784
61 807 830
62
63
64 273
65
66
67 187
68
69
70
71 684
72 138
73
74
75
76 198
77 483
78 122
79
80 558
81 275
82 687
83
84 941
85
86 522
87
88
89 680
90
91
92 583
93 315
94
95
96 880
97 802
98 360
99
100 313 932
101
102 311
103
104
105
106
107
108
109
110
111
112
113 904
114 357
115
116 621
117
118 935
119 709 746
120 293
121
122 538
123
124 227
125
126
127
128
129
130 939
131
132 298
133
134
135
136 708
137 793
138
139 907
140 192
141 160 546
142
143 884
144
145
146
147
148
149
150
151 277 400 616 834
152 768
153 816
154
155 883
156 586
157
158 321 912
159
160
161 276
162
163 474
164
165
166 459
167
168 659 674
169 339
170
171 927
172 361
173
174
175 194
176
177 225 523
178
179
180
181 219 649
182
183
184 388
185 240
186 463 644 873
187 790
188 555
189 792
190
191
192
193 610 693
194
195 550
196
197
198
199
200
201
202
203
204 619
205
206 291 916
207 347
208 620
209
210
211
212
213
214
215 747
216
217
218
219 649
220
221
222
223
224
225
226 242 646
227
228
229
230 415 475 575
231 906
232 940
233 889
234
235 313
236
237 269 688
238
239 503
240
241
242
243
244 844
245
246
247
248
249
250
251 906
252 367
253
254 722
255
256
257
258
259
260
261
262 590
263
264 473
265
266 640
267 598
268
269 688
270 483
271
272
273
274
275
276
277 346 616 834
278 481
279 823
280
281
282
283
284 689
285
286 462
287
288
289
290
291 359 916
292 764
293
294
295 353
296
297
298 466
299
300 512
301
302 838
303
304
305
306 613
307
308
309
310
311
312 581
313 932
314
315
316
317 349 651
318
319 692
320 833
321 912
322 941
323
324 467
325
326 918
327
328
329
330
331 537
332
333
334
335 618
336 877
337
338
339
340
341
342
343
344
345
346 370 616
347
348 454
349
350 409
351
352
353
354 700
355
356
357
358
359
360
361
362
363
364 387
365
366
367
368 714
369
370
371
372 391
373
374
375
376
377
378
379
380
381
382
383
384
385 794
386 670
387 846
388
389
390
391
392
393 524
394
395 867
396 428 469
397 899
398
399
400 834
401
402
403 632
404
405
406
407
408
409
410
411 464
412 506
413
414
415 475
416
417
418
419 638
420 460
421
422
423
424 802
425 806
426
427
428 469
429
430
431
432
433 694
434
435
436
437
438 529 591
439
440
441
442 881
443
444
445 823
446
447
448
449 566
450 838
451 800
452
453
454
455
456
457
458
459
460
461
462
463 644 873
464
465 736
466
467
468
469
470
471
472
473
474
475
476
477
478
479 737
480
481
482 691
483
484 761
485
486
487
488
489 720
490
491
492
493 515
494
495
496
497 707
498
499
500 661
501
502
503
504 705
505
506
507
508
509
510
511
512
513
514
515
516 776
517
518 677
519 609
520
521
522 809
523
524
525
526
527
528
529 591
530
531
532
533 741
534
535 576
536 911
537
538 749
539 844
540
541
542
543
544
545 822
546
547
548
549
550
551
552
553
554
555
556
557 652
558
559 691
560 695
561
562 635
563
564
565 920
566
567
568
569
570
571
572
573
574 768
575
576
577
578
579
580
581
582
583
584
585
586
587
588
589
590
591
592 753
593 625
594
595 818 826
596 858
597
598
599
600 635
601 757
602
603
604
605
606
607
608 905
609
610 693
611
612
613
614
615
616 834
617
618
619
620 784
621
622
623
624
625
626
627 929
628
629
630
631
632
633
634
635
636
637
638
639
640
641
642
643 824
644 873
645
646
647
648
649
650
651
652 887
653
654
655
656
657
658
659
660
661
662
663
664
665
666
667 818
668
669
670
671
672
673
674
675
676
677
678
679
680
681
682
683 705
684
685 854
686
687
688
689
690
691
692
693
694
695
696
697
698
699
700
701
702
703
704
705
706
707
708
709
710
711
712
713
714
715
716 930
717 863
718
719
720
721
722
723
724
725
726
727
728
729
730
731
732
733
734
735 781
736
737
738
739
740
741
742
743
744 773
745 851
746
747
748
749
750
751 910
752
753
754
755
756
757
758
759
760
761
762
763
764
765
766
767
768
769
770
771
772
773
774
775
776
777
778
779
780
781
782
783
784
785
786 896
787
788
789
790
791
792
793
794
795
796
797
798
799
800
801
802
803 843
804
805
806
807 830
808
809
810
811
812
813
814
815
816
817
818
819 878
820 821
821
822
823
824
825
826
827
828
829
830
831
832
833
834
835
836
837
838
839
840
841
842
843
844
845
846
847
848 863
849
850
851
852
853
854
855
856
857
858
859
860
861
862
863
864 880
865
866
867
868
869
870
871
872
873
874
875
876
877
878
879
880
881
882
883
884
885
886
887
888
889
890
891
892
893
894
895
896
897
898
899
900
901
902
903
904
905
906
907
908
909
910
911
912
913
914
915
916
917
918
919
920
921
922
923
924
925
926
927
928
929
930
931
932
933
934
935
936
937
938
939
940
941
942
943
944
945
946
947
948
949
950
