#/opt/homebrew/Caskroom/miniconda/base/envs/hack25/lib/python3.12/site-packages/ipykernel_launcher.py --f=/Users/jpinney/Library/Jupyter/runtime/kernel-v352576b36ed274793969b57d69d8306c9df606370.json
# GMT Sun Jul 20 14:08:16 2025
# 
0 1
1 2
2 3
3 4
4 5
5 6
6 7 1358
7 8
8 9
9 10
10 11
11 12
12 13 1359
13 14 1360
14 15 1361
15 16
16 17 1362
17 18
18 19
19 20 1363 1364
20 21 1365
21 22
22 23
23 24
24 25
25 26 1366
26 27 1368 1369 1370
27 28 1371 1373
28 29
29 30 1374 1375 1376
30 31 1377
31 32
32 33 1378 1379 1380
33 34 1381 1383
34 35 1384
35 36 1385
36 37 1386
37 38
38 39 1389
39 40
40 41 1390 1391
41 42
42 43 1393
43 44 1394 1395
44 45 1396
45 46
46 47 1397 1398 1399
47 48 1404
48 49 1405 1407 1408
49 50
50 51 1410
51 52 1411
52 53 1412 1414
53 54
54 55 1415 1417 1418
55 56 1419 1422 1424
56 57
57 58
58 59 1425 1426
59 60 1429
60 61
61 62
62 63 1430
63 64 1431 1432
64 65 1434 1435 1436
65 66
66 67
67 68 1437
68 69 1438 1439 1441
69 70 1442 1443
70 71
71 72
72 73
73 74 1444
74 75
75 76
76 77 1447 1448
77 78 1450
78 79
79 80
80 81 1452
81 82 1453 1454 1455
82 83 1459
83 84 1460
84 85 1461 1462
85 86
86 87
87 88 1463
88 89
89 90
90 91 1464
91 92
92 93
93 94 1465 1466
94 95 1468
95 96
96 97
97 98 1469
98 99 1470 1472 1473
99 100
100 101
101 102 1475 1476 1477
102 103 1479 1480 1482
103 104
104 105
105 106
106 107 1483 1488
107 108 1489 1490 1491 1492
108 109 1493
109 110 1494
110 111
111 112
112 113
113 114 1496
114 115 1498 1500 1501
115 116 1502 1504
116 117 1506 1507 1508
117 118
118 119 1512
119 120
120 121
121 122 1513
122 123 1514 1516
123 124
124 125 1517
125 126
126 127 1518
127 128
128 129
129 130
130 131
131 132 1519 1520
132 133 1521 1522 1523 1524 1525 1526
133 134 1527 1528
134 135
135 136 1529
136 137 1532 1534 1535
137 138 1537 1538 1540 1541
138 139
139 140 1542
140 141 1544 1545
141 142 1547
142 143 1549
143 144 1550 1551
144 145 1554 1555 1556
145 146 1557
146 147
147 148 1558 1560 1561 1563
148 149 1564 1565
149 150
150 151
151 152 1566 1567 1568 1569
152 153
153 154
154 155 1571
155 156 1572
156 157
157 158
158 159
159 160
160 161 1573
161 162
162 163
163 164
164 165
165 166 1574
166 167
167 168 1576
168 169 1577
169 170
170 171
171 172 1578
172 173
173 174 1580 1581 1582 1584
174 175
175 176
176 177
177 178 1585
178 179
179 180 1586
180 181
181 182
182 183
183 184 1587 1590
184 185 1591 1592 1596
185 186 1597
186 187
187 188 1598 1600
188 189
189 190 1601
190 191
191 192
192 193
193 194
194 195
195 196 1602
196 197 1605
197 198 1607 1609 1610
198 199
199 200 1612
200 201 1615 1616
201 202
202 203 1617 1620 1621 1622 1623 1625
203 204
204 205 1626 1628 1630
205 206
206 207
207 208 1634 1635
208 209
209 210
210 211
211 212 1637 1639 1640
212 213
213 214
214 215 1641 1643 1644 1646 1648
215 216 1649 1650 1652
216 217
217 218
218 219
219 220 1653
220 221
221 222 1654 1656
222 223
223 224 1657
224 225 1658
225 226 1659 1660 1662 1663
226 227
227 228 1665
228 229
229 230 1666
230 231
231 232 1667 1668 1669 1670 1672
232 233
233 234 1674 1675 1676
234 235
235 236 1679 1680 1681 1682 1684 1686
236 237
237 238 1688 1690 1691
238 239 1692
239 240 1693 1694
240 241
241 242
242 243 1695
243 244
244 245
245 246
246 247
247 248
248 249
249 250
250 251 1696
251 252
252 253 1702
253 254 1703
254 255
255 256
256 257 1704
257 258
258 259 1705 1706
259 260 1707
260 261
261 262 1708
262 263 1709 1710
263 264 1712
264 265 1713
265 266 1714 1715
266 267 1716
267 268
268 269
269 270 1717 1718 1719 1720 1721 1722
270 271
271 272
272 273
273 274 1723 1724
274 275 1725 1727
275 276
276 277 1728
277 278 1729 1730
278 279
279 280
280 281
281 282 1731 1732 1733 1734
282 283 1736
283 284
284 285
285 286
286 287 1737 1738 1739 1740
287 288 1741 1742
288 289 1743
289 290 1744 1745 1746 1747 1748 1749 1752
290 291
291 292 1753 1754
292 293
293 294 1757
294 295
295 296 1758
296 297
297 298 1761 1762
298 299
299 300
300 301
301 302
302 303 1764 1765 1766
303 304
304 305 1767
305 306
306 307
307 308 1768
308 309
309 310 1769 1770 1771
310 311
311 312
312 313
313 314 1772
314 315
315 316
316 317
317 318
318 319
319 320 1773 1774
320 321 1775
321 322 1776
322 323 1777 1779 1780
323 324
324 325 1781
325 326 1782
326 327 1783 1785
327 328
328 329 1788 1790
329 330
330 331
331 332
332 333
333 334
334 335 1791 1793
335 336 1794 1795 1797 1798 1799 1800 1801
336 337 1802
337 338 1805
338 339 1806
339 340
340 341
341 342
342 343
343 344
344 345
345 346
346 347 1808 1809 1812
347 348 1817
348 349 1818
349 350 1819
350 351 1820 1821
351 352
352 353 1823 1825 1827
353 354 1828
354 355
355 356 1829 1831
356 357 1832
357 358 1833
358 359 1834
359 360
360 361 1835 1838 1840
361 362 1841 1842 1843 1844
362 363
363 364 1846 1848
364 365
365 366
366 367
367 368
368 369
369 370
370 371 1849
371 372 1850 1852 1854 1855
372 373 1856 1858 1859
373 374 1864
374 375 1865
375 376
376 377 1867
377 378 1868
378 379
379 380
380 381 1870 1872 1873
381 382 1875 1876
382 383 1877
383 384
384 385 1878
385 386
386 387 1881 1882
387 388 1884 1885 1886
388 389
389 390
390 391 1887
391 392
392 393 1890
393 394 1892
394 395 1893
395 396
396 397
397 398
398 399
399 400 1894
400 401
401 402 1895 1897
402 403 1898 1900 1901 1902 1903
403 404
404 405 1905
405 406
406 407
407 408 1906
408 409 1907 1909 1910
409 410 1912
410 411 1913
411 412 1914
412 413
413 414
414 415 1916
415 416
416 417
417 418
418 419 1918
419 420 1920
420 421
421 422 1921 1922 1924 1929
422 423 1931
423 424
424 425
425 426 1933 1934 1935
426 427
427 428
428 429 1936
429 430
430 431 1937 1938 1944
431 432 1945
432 433 1946
433 434 1948 1949
434 435 1952
435 436
436 437 1954 1955
437 438 1956 1957
438 439 1959 1961
439 440 1963 1965 1968
440 441
441 442 1969
442 443
443 444
444 445
445 446
446 447 1971 1974 1975
447 448 1976
448 449
449 450
450 451 1977
451 452
452 453
453 454
454 455
455 456 1979 1980 1982 1983 1985 1987 1988
456 457 1989 1990 1991
457 458
458 459 1992 1993
459 460 1994
460 461 1995 1999 2002
461 462
462 463
463 464
464 465
465 466
466 467
467 468 2003
468 469 2004 2006 2007
469 470
470 471
471 472 2010
472 473
473 474
474 475 2011 2014
475 476
476 477 2015 2016
477 478 2018
478 479
479 480 2019
480 481
481 482
482 483
483 484 2020
484 485
485 486 2021 2022 2023
486 487
487 488 2024
488 489 2025
489 490 2026 2027 2028
490 491 2029 2031
491 492 2032
492 493 2033
493 494 2034
494 495
495 496
496 497 2035 2037 2039
497 498 2040 2043 2044 2045
498 499 2047
499 500
500 501 2049 2051 2052
501 502 2053 2054
502 503 2058
503 504
504 505
505 506
506 507 2060 2061
507 508 2062
508 509 2063 2066 2069 2070 2071
509 510
510 511
511 512
512 513
513 514 2072
514 515
515 516 2073
516 517 2075
517 518
518 519 2076 2077 2079
519 520 2080 2081 2083 2084
520 521 2086
521 522
522 523
523 524 2088 2091 2093 2095 2096 2097
524 525
525 526 2098
526 527 2099
527 528 2100
528 529 2101
529 530 2103 2104
530 531 2106
531 532 2107 2108
532 533 2109 2110 2112 2113 2114 2115
533 534 2116
534 535 2118
535 536 2119 2120
536 537 2122
537 538 2123
538 539 2124 2127 2128
539 540
540 541 2129
541 542 2131 2132 2133
542 543 2135 2136 2137 2138 2139 2140 2144
543 544 2146 2148
544 545 2149
545 546 2152
546 547
547 548 2153 2154 2157 2158
548 549
549 550
550 551 2159 2160 2161
551 552
552 553 2162 2163 2165 2166 2169 2170
553 554
554 555 2171 2172
555 556
556 557
557 558 2173 2174
558 559 2175
559 560
560 561 2176
561 562 2177 2179
562 563
563 564 2181 2184
564 565
565 566
566 567
567 568 2186
568 569
569 570 2187 2189 2190
570 571
571 572 2191
572 573
573 574 2192 2193 2194 2197
574 575 2199 2200 2201 2202 2203
575 576 2205 2208
576 577
577 578
578 579
579 580
580 581 2209 2210 2211
581 582 2212 2213 2215
582 583
583 584 2218 2219 2221
584 585 2222 2224 2225 2226 2229 2230
585 586
586 587
587 588 2231 2232 2233 2234
588 589
589 590
590 591
591 592 2235 2236
592 593
593 594
594 595 2237
595 596
596 597 2238 2239
597 598 2240 2243 2244 2246
598 599 2248
599 600 2249 2251
600 601
601 602 2253
602 603
603 604
604 605 2254 2255 2257
605 606 2258 2259 2260
606 607 2261 2262 2263
607 608 2265 2266 2267
608 609 2268
609 610 2269
610 611 2270
611 612 2271
612 613
613 614
614 615 2273 2275
615 616 2279 2280 2281 2283
616 617
617 618
618 619 2284
619 620
620 621
621 622
622 623 2285 2286 2287 2288
623 624 2290 2291
624 625 2292 2293
625 626
626 627
627 628 2294 2296 2297 2298 2300 2301 2302
628 629
629 630
630 631 2303
631 632 2304 2305
632 633
633 634 2306 2307 2308
634 635 2309 2310
635 636 2311 2313 2314 2318
636 637 2319 2320
637 638 2321 2323
638 639 2324
639 640 2329 2330 2331 2332
640 641
641 642 2335 2338
642 643
643 644
644 645
645 646
646 647 2339 2340
647 648 2341 2343
648 649 2344
649 650
650 651
651 652 2345 2346 2347
652 653 2348
653 654
654 655 2350
655 656 2352 2353 2356
656 657 2357 2358 2359 2360
657 658
658 659 2361 2362
659 660 2363
660 661 2366 2368 2369 2374 2375 2378
661 662
662 663
663 664 2379
664 665
665 666
666 667
667 668 2381
668 669
669 670 2382
670 671 2383
671 672
672 673
673 674
674 675 2386
675 676 2387
676 677 2389 2390
677 678 2392
678 679 2393 2394 2396
679 680
680 681 2397
681 682 2398
682 683 2401 2402 2404
683 684 2405
684 685
685 686 2406 2407
686 687
687 688
688 689
689 690 2408 2409 2410 2411
690 691
691 692
692 693 2413
693 694 2414
694 695 2415
695 696 2416
696 697
697 698
698 699 2417
699 700 2418 2419 2420
700 701
701 702 2421
702 703 2423
703 704
704 705 2426 2428
705 706
706 707
707 708 2431
708 709
709 710
710 711
711 712
712 713 2432 2433 2435 2438
713 714 2442
714 715
715 716
716 717
717 718
718 719
719 720 2443 2444 2445
720 721
721 722
722 723 2447
723 724
724 725 2448 2451
725 726
726 727
727 728
728 729
729 730
730 731 2452
731 732
732 733
733 734
734 735 2453
735 736
736 737 2454
737 738 2456 2457 2458
738 739 2459
739 740
740 741 2460
741 742 2461
742 743 2465 2466
743 744 2468 2469
744 745 2470
745 746
746 747 2471
747 748 2473
748 749 2475 2477 2478 2481 2482 2484
749 750 2485 2486 2488
750 751 2489
751 752 2490 2491
752 753
753 754
754 755 2492 2493
755 756
756 757
757 758 2494
758 759
759 760 2495 2496 2498 2500
760 761 2501
761 762 2502
762 763 2503 2504 2505
763 764
764 765 2507
765 766 2508
766 767
767 768
768 769
769 770 2509
770 771 2510
771 772
772 773 2512 2513 2515
773 774
774 775 2516 2517 2518
775 776
776 777
777 778
778 779 2520 2523 2524 2526 2531 2532
779 780 2533
780 781 2534 2536 2537
781 782
782 783 2538 2540
783 784 2543
784 785
785 786
786 787
787 788
788 789
789 790 2547
790 791 2548
791 792 2549
792 793 2550
793 794
794 795 2552 2553 2554
795 796
796 797 2556 2558 2559 2560 2561
797 798 2562
798 799 2563
799 800
800 801 2564 2565 2566 2568 2569
801 802
802 803 2573
803 804
804 805
805 806
806 807
807 808 2574
808 809
809 810
810 811
811 812
812 813
813 814 2575
814 815
815 816 2576 2577
816 817
817 818 2578
818 819 2579
819 820 2582 2584
820 821
821 822
822 823
823 824
824 825
825 826 2585
826 827
827 828
828 829 2586 2587 2588
829 830
830 831
831 832
832 833 2591 2592 2593 2594
833 834
834 835 2596 2597
835 836
836 837
837 838
838 839
839 840
840 841
841 842
842 843
843 844 2598
844 845 2599 2600
845 846
846 847
847 848
848 849
849 850 2601
850 851
851 852 2602 2603
852 853 2604 2606
853 854
854 855 2607 2608
855 856
856 857 2610
857 858 2611 2612
858 859
859 860
860 861
861 862
862 863 2613
863 864 2614 2615 2616
864 865 2617
865 866 2618
866 867
867 868 2619
868 869
869 870
870 871
871 872 2621
872 873
873 874
874 875
875 876 2622
876 877
877 878
878 879
879 880
880 881 2623 2624
881 882
882 883 2625 2626 2627 2629 2631 2632 2634
883 884 2635 2636 2637 2638 2639
884 885 2642 2643 2645 2648 2649
885 886 2651
886 887 2652
887 888
888 889 2654 2655
889 890 2657 2658
890 891
891 892
892 893 2660 2662 2664
893 894
894 895
895 896 2665 2667 2672
896 897
897 898
898 899 2673 2674 2675 2677
899 900
900 901
901 902
902 903
903 904 2678 2681
904 905 2682
905 906 2683
906 907 2684
907 908 2686 2687 2691
908 909 2692 2693
909 910 2695
910 911
911 912
912 913
913 914 2697 2698 2699 2700
914 915
915 916 2701
916 917
917 918 2703
918 919
919 920 2704 2707 2708 2709
920 921 2710 2715 2716 2717
921 922
922 923
923 924
924 925 2718
925 926
926 927
927 928 2722 2723 2724 2725 2726 2728
928 929
929 930
930 931 2729 2730
931 932
932 933 2733
933 934 2734
934 935
935 936 2735 2736
936 937
937 938 2737
938 939
939 940 2738
940 941 2740
941 942
942 943
943 944
944 945 2742 2743 2744
945 946 2745 2746 2747 2748 2749
946 947
947 948
948 949
949 950 2750
950 951 2751
951 952 2753 2756 2757 2759 2760
952 953
953 954
954 955
955 956 2761 2762 2763
956 957 2765
957 958
958 959
959 960 2766 2767
960 961 2768
961 962
962 963
963 964
964 965 2769
965 966
966 967
967 968
968 969 2770 2773 2774 2775
969 970
970 971
971 972
972 973 2776 2777
973 974 2778 2779 2780
974 975
975 976 2782
976 977
977 978
978 979
979 980 2784 2786
980 981 2789
981 982
982 983 2790 2791 2792 2793
983 984 2794
984 985
985 986 2795 2796 2797
986 987
987 988
988 989 2798
989 990 2800 2802
990 991
991 992 2804
992 993
993 994 2805
994 995
995 996 2807 2808
996 997 2810 2812 2813 2814 2815 2816 2818 2819
997 998 2820 2821
998 999
999 1000 2822 2823
1000 1001
1001 1002
1002 1003 2824 2825 2826
1003 1004
1004 1005
1005 1006 2831 2836 2838
1006 1007 2842 2844
1007 1008
1008 1009 2847
1009 1010
1010 1011
1011 1012 2848 2850
1012 1013
1013 1014 2852
1014 1015
1015 1016 2853 2854
1016 1017 2855 2856
1017 1018
1018 1019 2858 2859
1019 1020
1020 1021 2860
1021 1022 2861
1022 1023
1023 1024 2863
1024 1025
1025 1026 2864
1026 1027
1027 1028
1028 1029
1029 1030
1030 1031
1031 1032
1032 1033 2865 2867
1033 1034
1034 1035 2868
1035 1036
1036 1037
1037 1038
1038 1039
1039 1040 2869
1040 1041 2871 2872 2873 2874
1041 1042 2875 2878
1042 1043 2881
1043 1044 2882 2883
1044 1045
1045 1046
1046 1047
1047 1048 2884 2885
1048 1049
1049 1050
1050 1051
1051 1052
1052 1053
1053 1054 2886
1054 1055 2887
1055 1056
1056 1057 2888 2889 2890 2891
1057 1058
1058 1059
1059 1060 2893
1060 1061 2894
1061 1062 2896
1062 1063
1063 1064
1064 1065
1065 1066 2897
1066 1067
1067 1068
1068 1069
1069 1070 2898
1070 1071 2901
1071 1072
1072 1073
1073 1074
1074 1075 2903
1075 1076
1076 1077
1077 1078
1078 1079
1079 1080
1080 1081
1081 1082
1082 1083 2904 2905
1083 1084
1084 1085 2906 2908 2909
1085 1086
1086 1087
1087 1088
1088 1089
1089 1090 2910
1090 1091 2913 2915 2917
1091 1092
1092 1093
1093 1094 2918
1094 1095 2919 2920 2921 2922 2923
1095 1096
1096 1097 2924 2926 2929 2930
1097 1098 2931
1098 1099 2932 2933
1099 1100
1100 1101 2934
1101 1102 2935 2936
1102 1103
1103 1104
1104 1105 2938
1105 1106 2939 2941
1106 1107
1107 1108
1108 1109 2942
1109 1110
1110 1111
1111 1112 2943
1112 1113 2944 2947
1113 1114 2948 2949
1114 1115
1115 1116 2952
1116 1117 2954
1117 1118 2955
1118 1119
1119 1120
1120 1121 2959
1121 1122
1122 1123
1123 1124 2960
1124 1125
1125 1126
1126 1127 2962
1127 1128 2963 2964 2966
1128 1129
1129 1130
1130 1131
1131 1132 2967
1132 1133 2968
1133 1134
1134 1135
1135 1136
1136 1137
1137 1138
1138 1139
1139 1140 2969
1140 1141
1141 1142
1142 1143
1143 1144 2970
1144 1145 2971 2973
1145 1146
1146 1147 2974 2975 2976
1147 1148
1148 1149
1149 1150 2977
1150 1151
1151 1152 2978
1152 1153
1153 1154
1154 1155 2982 2983
1155 1156
1156 1157
1157 1158 2985
1158 1159 2986 2988
1159 1160
1160 1161 2989
1161 1162
1162 1163
1163 1164
1164 1165 2990
1165 1166
1166 1167
1167 1168
1168 1169 2991
1169 1170 2992 2994
1170 1171 2995
1171 1172
1172 1173 2996
1173 1174 2997
1174 1175
1175 1176
1176 1177
1177 1178
1178 1179
1179 1180
1180 1181 2999 3002 3003 3004
1181 1182 3005 3006
1182 1183 3008
1183 1184 3009 3010
1184 1185
1185 1186 3012
1186 1187
1187 1188 3013 3014 3015 3016
1188 1189
1189 1190
1190 1191
1191 1192
1192 1193 3017 3019 3020 3022 3023 3024 3025
1193 1194
1194 1195 3026
1195 1196 3029 3033
1196 1197 3034
1197 1198
1198 1199
1199 1200 3035
1200 1201 3037 3039 3040
1201 1202
1202 1203
1203 1204
1204 1205
1205 1206
1206 1207 3041 3042
1207 1208
1208 1209 3045
1209 1210
1210 1211 3046 3047
1211 1212 3048
1212 1213
1213 1214
1214 1215 3049 3051 3053
1215 1216
1216 1217 3054 3055 3056 3057 3058 3060 3061
1217 1218
1218 1219
1219 1220
1220 1221
1221 1222
1222 1223 3062
1223 1224 3063
1224 1225
1225 1226
1226 1227
1227 1228
1228 1229 3064 3065 3066 3067 3069
1229 1230 3072
1230 1231
1231 1232
1232 1233 3073 3076
1233 1234
1234 1235 3078
1235 1236 3079
1236 1237
1237 1238
1238 1239
1239 1240
1240 1241 3080
1241 1242 3081 3084 3085
1242 1243 3088 3090 3091
1243 1244
1244 1245
1245 1246
1246 1247 3092 3093
1247 1248
1248 1249 3094
1249 1250 3096 3097 3101
1250 1251
1251 1252
1252 1253 3102 3103 3107 3109
1253 1254 3111
1254 1255
1255 1256
1256 1257
1257 1258 3112
1258 1259
1259 1260 3113
1260 1261 3114
1261 1262 3119 3120
1262 1263
1263 1264
1264 1265
1265 1266 3121
1266 1267
1267 1268
1268 1269
1269 1270
1270 1271
1271 1272 3123
1272 1273
1273 1274 3125 3127
1274 1275 3128 3129 3131
1275 1276
1276 1277
1277 1278
1278 1279
1279 1280
1280 1281
1281 1282 3132
1282 1283 3133 3134 3138 3139
1283 1284
1284 1285
1285 1286
1286 1287 3140 3141 3143 3144
1287 1288 3145 3146
1288 1289 3147
1289 1290 3148
1290 1291
1291 1292
1292 1293 3149 3150 3151
1293 1294
1294 1295 3152
1295 1296 3153
1296 1297 3154
1297 1298 3155
1298 1299
1299 1300 3159
1300 1301
1301 1302 3161
1302 1303
1303 1304 3163 3164
1304 1305
1305 1306 3165 3166
1306 1307 3168
1307 1308
1308 1309 3171
1309 1310 3173
1310 1311 3175
1311 1312 3176 3177
1312 1313 3179 3180
1313 1314
1314 1315 3181
1315 1316
1316 1317
1317 1318
1318 1319 3182
1319 1320
1320 1321
1321 1322
1322 1323
1323 1324 3183
1324 1325
1325 1326
1326 1327 3184 3185
1327 1328 3189
1328 1329 3190 3192
1329 1330
1330 1331 3193
1331 1332 3194
1332 1333 3195
1333 1334 3196 3197
1334 1335 3198 3199 3204 3205
1335 1336 3206
1336 1337 3209 3210 3211 3212
1337 1338 3215
1338 1339 3216
1339 1340
1340 1341
1341 1342
1342 1343 3218
1343 1344
1344 1345
1345 1346
1346 1347 3220
1347 1348
1348 1349
1349 1350 3221
1350 1351 3222
1351 1352 3223
1352 1353 3224 3225
1353 1354 3226 3227
1354 1355 3228 3229 3230
1355 1356
1356 1357 3232 3233
1357
1358
1359
1360
1361
1362
1363
1364
1365
1366 1367
1367
1368
1369
1370
1371 1372
1372
1373
1374
1375
1376
1377
1378
1379
1380
1381 1382
1382
1383
1384
1385
1386 1387 1388
1387
1388
1389
1390
1391 1392
1392
1393
1394
1395
1396
1397
1398
1399 1400 1401 1402 1403
1400
1401
1402
1403
1404
1405 1406
1406
1407
1408 1409
1409
1410
1411
1412 1413
1413
1414
1415 1416
1416
1417
1418
1419 1420 1421
1420
1421
1422 1423
1423
1424
1425
1426 1427 1428
1427
1428
1429
1430
1431
1432 1433
1433
1434
1435
1436
1437
1438
1439 1440
1440
1441
1442
1443
1444 1445 1446
1445
1446
1447
1448 1449
1449
1450 1451
1451
1452
1453
1454
1455 1456 1457 1458
1456
1457
1458
1459
1460
1461
1462
1463
1464
1465
1466 1467
1467
1468
1469
1470 1471
1471
1472
1473 1474
1474
1475
1476
1477 1478
1478
1479
1480 1481
1481
1482
1483 1484 1485 1486 1487
1484
1485
1486
1487
1488
1489
1490
1491
1492
1493
1494 1495
1495
1496 1497
1497
1498 1499
1499
1500
1501
1502 1503
1503
1504 1505
1505
1506
1507
1508 1509 1510 1511
1509
1510
1511
1512
1513
1514 1515
1515
1516
1517
1518
1519
1520
1521
1522
1523
1524
1525
1526
1527
1528
1529 1530 1531
1530
1531
1532 1533
1533
1534
1535 1536
1536
1537
1538 1539
1539
1540
1541
1542 1543
1543
1544
1545 1546
1546
1547 1548
1548
1549
1550
1551 1552 1553
1552
1553
1554
1555
1556
1557
1558 1559
1559
1560
1561 1562
1562
1563
1564
1565
1566
1567
1568
1569 1570
1570
1571
1572
1573
1574 1575
1575
1576
1577
1578 1579
1579
1580
1581
1582 1583
1583
1584
1585
1586
1587 1588 1589
1588
1589
1590
1591
1592 1593 1594 1595
1593
1594
1595
1596
1597
1598 1599
1599
1600
1601
1602 1603 1604
1603
1604
1605 1606
1606
1607 1608
1608
1609
1610 1611
1611
1612 1613 1614
1613
1614
1615
1616
1617 1618 1619
1618
1619
1620
1621
1622
1623 1624
1624
1625
1626 1627
1627
1628 1629
1629
1630 1631 1632 1633
1631
1632
1633
1634
1635 1636
1636
1637 1638
1638
1639
1640
1641 1642
1642
1643
1644 1645
1645
1646 1647
1647
1648
1649
1650 1651
1651
1652
1653
1654 1655
1655
1656
1657
1658
1659
1660 1661
1661
1662
1663 1664
1664
1665
1666
1667
1668
1669
1670 1671
1671
1672 1673
1673
1674
1675
1676 1677 1678
1677
1678
1679
1680
1681
1682 1683
1683
1684 1685
1685
1686 1687
1687
1688 1689
1689
1690
1691
1692
1693
1694
1695
1696 1697 1698 1699 1700 1701
1697
1698
1699
1700
1701
1702
1703
1704
1705
1706
1707
1708
1709
1710 1711
1711
1712
1713
1714
1715
1716
1717
1718
1719
1720
1721
1722
1723
1724
1725 1726
1726
1727
1728
1729
1730
1731
1732
1733
1734 1735
1735
1736
1737
1738
1739
1740
1741
1742
1743
1744
1745
1746
1747
1748
1749 1750 1751
1750
1751
1752
1753
1754 1755 1756
1755
1756
1757
1758 1759 1760
1759
1760
1761
1762 1763
1763
1764
1765
1766
1767
1768
1769
1770
1771
1772
1773
1774
1775
1776
1777 1778
1778
1779
1780
1781
1782
1783 1784
1784
1785 1786 1787
1786
1787
1788 1789
1789
1790
1791 1792
1792
1793
1794
1795 1796
1796
1797
1798
1799
1800
1801
1802 1803 1804
1803
1804
1805
1806 1807
1807
1808
1809 1810 1811
1810
1811
1812 1813 1814 1815 1816
1813
1814
1815
1816
1817
1818
1819
1820
1821 1822
1822
1823 1824
1824
1825 1826
1826
1827
1828
1829 1830
1830
1831
1832
1833
1834
1835 1836 1837
1836
1837
1838 1839
1839
1840
1841
1842
1843
1844 1845
1845
1846 1847
1847
1848
1849
1850 1851
1851
1852 1853
1853
1854
1855
1856 1857
1857
1858
1859 1860 1861 1862 1863
1860
1861
1862
1863
1864
1865 1866
1866
1867
1868 1869
1869
1870 1871
1871
1872
1873 1874
1874
1875
1876
1877
1878 1879 1880
1879
1880
1881
1882 1883
1883
1884
1885
1886
1887 1888 1889
1888
1889
1890 1891
1891
1892
1893
1894
1895 1896
1896
1897
1898 1899
1899
1900
1901
1902
1903 1904
1904
1905
1906
1907 1908
1908
1909
1910 1911
1911
1912
1913
1914 1915
1915
1916 1917
1917
1918 1919
1919
1920
1921
1922 1923
1923
1924 1925 1926 1927 1928
1925
1926
1927
1928
1929 1930
1930
1931 1932
1932
1933
1934
1935
1936
1937
1938 1939 1940 1941 1942 1943
1939
1940
1941
1942
1943
1944
1945
1946 1947
1947
1948
1949 1950 1951
1950
1951
1952 1953
1953
1954
1955
1956
1957 1958
1958
1959 1960
1960
1961 1962
1962
1963 1964
1964
1965 1966 1967
1966
1967
1968
1969 1970
1970
1971 1972 1973
1972
1973
1974
1975
1976
1977 1978
1978
1979
1980 1981
1981
1982
1983 1984
1984
1985 1986
1986
1987
1988
1989
1990
1991
1992
1993
1994
1995 1996 1997 1998
1996
1997
1998
1999 2000 2001
2000
2001
2002
2003
2004 2005
2005
2006
2007 2008 2009
2008
2009
2010
2011 2012 2013
2012
2013
2014
2015
2016 2017
2017
2018
2019
2020
2021
2022
2023
2024
2025
2026
2027
2028
2029 2030
2030
2031
2032
2033
2034
2035 2036
2036
2037 2038
2038
2039
2040 2041 2042
2041
2042
2043
2044
2045 2046
2046
2047 2048
2048
2049 2050
2050
2051
2052
2053
2054 2055 2056 2057
2055
2056
2057
2058 2059
2059
2060
2061
2062
2063 2064 2065
2064
2065
2066 2067 2068
2067
2068
2069
2070
2071
2072
2073 2074
2074
2075
2076
2077 2078
2078
2079
2080
2081 2082
2082
2083
2084 2085
2085
2086 2087
2087
2088 2089 2090
2089
2090
2091 2092
2092
2093 2094
2094
2095
2096
2097
2098
2099
2100
2101 2102
2102
2103
2104 2105
2105
2106
2107
2108
2109
2110 2111
2111
2112
2113
2114
2115
2116 2117
2117
2118
2119
2120 2121
2121
2122
2123
2124 2125 2126
2125
2126
2127
2128
2129 2130
2130
2131
2132
2133 2134
2134
2135
2136
2137
2138
2139
2140 2141 2142 2143
2141
2142
2143
2144 2145
2145
2146 2147
2147
2148
2149 2150 2151
2150
2151
2152
2153
2154 2155 2156
2155
2156
2157
2158
2159
2160
2161
2162
2163 2164
2164
2165
2166 2167 2168
2167
2168
2169
2170
2171
2172
2173
2174
2175
2176
2177 2178
2178
2179 2180
2180
2181 2182 2183
2182
2183
2184 2185
2185
2186
2187 2188
2188
2189
2190
2191
2192
2193
2194 2195 2196
2195
2196
2197 2198
2198
2199
2200
2201
2202
2203 2204
2204
2205 2206 2207
2206
2207
2208
2209
2210
2211
2212
2213 2214
2214
2215 2216 2217
2216
2217
2218
2219 2220
2220
2221
2222 2223
2223
2224
2225
2226 2227 2228
2227
2228
2229
2230
2231
2232
2233
2234
2235
2236
2237
2238
2239
2240 2241 2242
2241
2242
2243
2244 2245
2245
2246 2247
2247
2248
2249 2250
2250
2251 2252
2252
2253
2254
2255 2256
2256
2257
2258
2259
2260
2261
2262
2263 2264
2264
2265
2266
2267
2268
2269
2270
2271 2272
2272
2273 2274
2274
2275 2276 2277 2278
2276
2277
2278
2279
2280
2281 2282
2282
2283
2284
2285
2286
2287
2288 2289
2289
2290
2291
2292
2293
2294 2295
2295
2296
2297
2298 2299
2299
2300
2301
2302
2303
2304
2305
2306
2307
2308
2309
2310
2311 2312
2312
2313
2314 2315 2316 2317
2315
2316
2317
2318
2319
2320
2321 2322
2322
2323
2324 2325 2326 2327 2328
2325
2326
2327
2328
2329
2330
2331
2332 2333 2334
2333
2334
2335 2336 2337
2336
2337
2338
2339
2340
2341 2342
2342
2343
2344
2345
2346
2347
2348 2349
2349
2350 2351
2351
2352
2353 2354 2355
2354
2355
2356
2357
2358
2359
2360
2361
2362
2363 2364 2365
2364
2365
2366 2367
2367
2368
2369 2370 2371 2372 2373
2370
2371
2372
2373
2374
2375 2376 2377
2376
2377
2378
2379 2380
2380
2381
2382
2383 2384 2385
2384
2385
2386
2387 2388
2388
2389
2390 2391
2391
2392
2393
2394 2395
2395
2396
2397
2398 2399 2400
2399
2400
2401
2402 2403
2403
2404
2405
2406
2407
2408
2409
2410
2411 2412
2412
2413
2414
2415
2416
2417
2418
2419
2420
2421 2422
2422
2423 2424 2425
2424
2425
2426 2427
2427
2428 2429 2430
2429
2430
2431
2432
2433 2434
2434
2435 2436 2437
2436
2437
2438 2439 2440 2441
2439
2440
2441
2442
2443
2444
2445 2446
2446
2447
2448 2449 2450
2449
2450
2451
2452
2453
2454 2455
2455
2456
2457
2458
2459
2460
2461 2462 2463 2464
2462
2463
2464
2465
2466 2467
2467
2468
2469
2470
2471 2472
2472
2473 2474
2474
2475 2476
2476
2477
2478 2479 2480
2479
2480
2481
2482 2483
2483
2484
2485
2486 2487
2487
2488
2489
2490
2491
2492
2493
2494
2495
2496 2497
2497
2498 2499
2499
2500
2501
2502
2503
2504
2505 2506
2506
2507
2508
2509
2510 2511
2511
2512
2513 2514
2514
2515
2516
2517
2518 2519
2519
2520 2521 2522
2521
2522
2523
2524 2525
2525
2526 2527 2528 2529 2530
2527
2528
2529
2530
2531
2532
2533
2534 2535
2535
2536
2537
2538 2539
2539
2540 2541 2542
2541
2542
2543 2544 2545 2546
2544
2545
2546
2547
2548
2549
2550 2551
2551
2552
2553
2554 2555
2555
2556 2557
2557
2558
2559
2560
2561
2562
2563
2564
2565
2566 2567
2567
2568
2569 2570 2571 2572
2570
2571
2572
2573
2574
2575
2576
2577
2578
2579 2580 2581
2580
2581
2582 2583
2583
2584
2585
2586
2587
2588 2589 2590
2589
2590
2591
2592
2593
2594 2595
2595
2596
2597
2598
2599
2600
2601
2602
2603
2604 2605
2605
2606
2607
2608 2609
2609
2610
2611
2612
2613
2614
2615
2616
2617
2618
2619 2620
2620
2621
2622
2623
2624
2625
2626
2627 2628
2628
2629 2630
2630
2631
2632 2633
2633
2634
2635
2636
2637
2638
2639 2640 2641
2640
2641
2642
2643 2644
2644
2645 2646 2647
2646
2647
2648
2649 2650
2650
2651
2652 2653
2653
2654
2655 2656
2656
2657
2658 2659
2659
2660 2661
2661
2662 2663
2663
2664
2665 2666
2666
2667 2668 2669 2670 2671
2668
2669
2670
2671
2672
2673
2674
2675 2676
2676
2677
2678 2679 2680
2679
2680
2681
2682
2683
2684 2685
2685
2686
2687 2688 2689 2690
2688
2689
2690
2691
2692
2693 2694
2694
2695 2696
2696
2697
2698
2699
2700
2701 2702
2702
2703
2704 2705 2706
2705
2706
2707
2708
2709
2710 2711 2712 2713 2714
2711
2712
2713
2714
2715
2716
2717
2718 2719 2720 2721
2719
2720
2721
2722
2723
2724
2725
2726 2727
2727
2728
2729
2730 2731 2732
2731
2732
2733
2734
2735
2736
2737
2738 2739
2739
2740 2741
2741
2742
2743
2744
2745
2746
2747
2748
2749
2750
2751 2752
2752
2753 2754 2755
2754
2755
2756
2757 2758
2758
2759
2760
2761
2762
2763 2764
2764
2765
2766
2767
2768
2769
2770 2771 2772
2771
2772
2773
2774
2775
2776
2777
2778
2779
2780 2781
2781
2782 2783
2783
2784 2785
2785
2786 2787 2788
2787
2788
2789
2790
2791
2792
2793
2794
2795
2796
2797
2798 2799
2799
2800 2801
2801
2802 2803
2803
2804
2805 2806
2806
2807
2808 2809
2809
2810 2811
2811
2812
2813
2814
2815
2816 2817
2817
2818
2819
2820
2821
2822
2823
2824
2825
2826 2827 2828 2829 2830
2827
2828
2829
2830
2831 2832 2833 2834 2835
2832
2833
2834
2835
2836 2837
2837
2838 2839 2840 2841
2839
2840
2841
2842 2843
2843
2844 2845 2846
2845
2846
2847
2848 2849
2849
2850 2851
2851
2852
2853
2854
2855
2856 2857
2857
2858
2859
2860
2861 2862
2862
2863
2864
2865 2866
2866
2867
2868
2869 2870
2870
2871
2872
2873
2874
2875 2876 2877
2876
2877
2878 2879 2880
2879
2880
2881
2882
2883
2884
2885
2886
2887
2888
2889
2890
2891 2892
2892
2893
2894 2895
2895
2896
2897
2898 2899 2900
2899
2900
2901 2902
2902
2903
2904
2905
2906 2907
2907
2908
2909
2910 2911 2912
2911
2912
2913 2914
2914
2915 2916
2916
2917
2918
2919
2920
2921
2922
2923
2924 2925
2925
2926 2927 2928
2927
2928
2929
2930
2931
2932
2933
2934
2935
2936 2937
2937
2938
2939 2940
2940
2941
2942
2943
2944 2945 2946
2945
2946
2947
2948
2949 2950 2951
2950
2951
2952 2953
2953
2954
2955 2956 2957 2958
2956
2957
2958
2959
2960 2961
2961
2962
2963
2964 2965
2965
2966
2967
2968
2969
2970
2971 2972
2972
2973
2974
2975
2976
2977
2978 2979 2980 2981
2979
2980
2981
2982
2983 2984
2984
2985
2986 2987
2987
2988
2989
2990
2991
2992 2993
2993
2994
2995
2996
2997 2998
2998
2999 3000 3001
3000
3001
3002
3003
3004
3005
3006 3007
3007
3008
3009
3010 3011
3011
3012
3013
3014
3015
3016
3017 3018
3018
3019
3020 3021
3021
3022
3023
3024
3025
3026 3027 3028
3027
3028
3029 3030 3031 3032
3030
3031
3032
3033
3034
3035 3036
3036
3037 3038
3038
3039
3040
3041
3042 3043 3044
3043
3044
3045
3046
3047
3048
3049 3050
3050
3051 3052
3052
3053
3054
3055
3056
3057
3058 3059
3059
3060
3061
3062
3063
3064
3065
3066
3067 3068
3068
3069 3070 3071
3070
3071
3072
3073 3074 3075
3074
3075
3076 3077
3077
3078
3079
3080
3081 3082 3083
3082
3083
3084
3085 3086 3087
3086
3087
3088 3089
3089
3090
3091
3092
3093
3094 3095
3095
3096
3097 3098 3099 3100
3098
3099
3100
3101
3102
3103 3104 3105 3106
3104
3105
3106
3107 3108
3108
3109 3110
3110
3111
3112
3113
3114 3115 3116 3117 3118
3115
3116
3117
3118
3119
3120
3121 3122
3122
3123 3124
3124
3125 3126
3126
3127
3128
3129 3130
3130
3131
3132
3133
3134 3135 3136 3137
3135
3136
3137
3138
3139
3140
3141 3142
3142
3143
3144
3145
3146
3147
3148
3149
3150
3151
3152
3153
3154
3155 3156 3157 3158
3156
3157
3158
3159 3160
3160
3161 3162
3162
3163
3164
3165
3166 3167
3167
3168 3169 3170
3169
3170
3171 3172
3172
3173 3174
3174
3175
3176
3177 3178
3178
3179
3180
3181
3182
3183
3184
3185 3186 3187 3188
3186
3187
3188
3189
3190 3191
3191
3192
3193
3194
3195
3196
3197
3198
3199 3200 3201 3202 3203
3200
3201
3202
3203
3204
3205
3206 3207 3208
3207
3208
3209
3210
3211
3212 3213 3214
3213
3214
3215
3216 3217
3217
3218 3219
3219
3220
3221
3222
3223
3224
3225
3226
3227
3228
3229
3230 3231
3231
3232
3233
