#/opt/homebrew/Caskroom/miniconda/base/envs/hack25/lib/python3.12/site-packages/ipykernel_launcher.py --f=/Users/jpinney/Library/Jupyter/runtime/kernel-v352576b36ed274793969b57d69d8306c9df606370.json
# GMT Sun Jul 20 14:08:16 2025
# 
0 1 3315 3317 3318
1 2
2 3
3 4 3319
4 5
5 6
6 7
7 8
8 9 3322
9 10 3323
10 11 3324
11 12
12 13
13 14 3325 3326 3327
14 15
15 16 3328
16 17
17 18
18 19
19 20 3329
20 21
21 22 3330 3331
22 23 3332
23 24
24 25 3334
25 26
26 27
27 28 3336 3337 3338
28 29 3339
29 30 3340
30 31 3341 3346
31 32
32 33
33 34
34 35
35 36 3347
36 37 3348
37 38
38 39
39 40
40 41
41 42
42 43 3349
43 44 3351 3352 3354
44 45
45 46
46 47
47 48 3355
48 49 3356
49 50
50 51
51 52 3357 3358 3359
52 53 3361
53 54 3362 3363 3364 3369
54 55
55 56
56 57
57 58
58 59
59 60
60 61
61 62
62 63 3370
63 64
64 65
65 66
66 67 3371
67 68
68 69
69 70
70 71
71 72 3373
72 73 3375
73 74
74 75 3378 3379 3380 3381 3383
75 76 3384
76 77 3387 3390
77 78 3393 3394
78 79 3396 3399
79 80
80 81 3400 3401 3402 3404
81 82
82 83 3405
83 84
84 85 3406
85 86 3407 3409
86 87 3411
87 88
88 89 3412
89 90 3413
90 91 3414
91 92 3415 3416 3419 3421
92 93
93 94
94 95
95 96
96 97 3422 3423
97 98
98 99
99 100
100 101
101 102 3424
102 103
103 104
104 105
105 106 3425 3427 3428 3429
106 107 3430
107 108
108 109
109 110
110 111 3433
111 112
112 113 3434 3435 3436
113 114
114 115 3437
115 116
116 117
117 118
118 119
119 120 3438 3439
120 121 3440 3442
121 122 3443 3445 3446 3447 3449 3450
122 123 3451 3452
123 124 3453 3455 3456
124 125 3458
125 126 3461
126 127
127 128
128 129
129 130 3462 3465 3466
130 131 3467
131 132
132 133
133 134
134 135
135 136 3468
136 137
137 138 3469 3470
138 139
139 140
140 141
141 142
142 143
143 144
144 145
145 146 3471 3472
146 147 3473
147 148
148 149
149 150 3474
150 151
151 152 3476 3478 3479 3480
152 153
153 154 3481
154 155
155 156
156 157 3482 3483
157 158
158 159
159 160
160 161 3484
161 162
162 163
163 164 3485
164 165
165 166
166 167 3486
167 168
168 169
169 170 3490 3491
170 171
171 172
172 173 3492
173 174
174 175 3493
175 176 3494
176 177
177 178
178 179
179 180
180 181 3496 3498 3499
181 182 3501 3503
182 183 3504 3507
183 184
184 185
185 186 3508
186 187 3509
187 188
188 189 3510
189 190 3512 3513
190 191
191 192
192 193 3515 3517 3519 3520 3521
193 194 3522 3523
194 195 3525
195 196 3526 3528
196 197 3530
197 198
198 199
199 200
200 201 3531
201 202
202 203 3532
203 204
204 205
205 206
206 207
207 208 3533
208 209
209 210
210 211 3534
211 212 3536
212 213
213 214 3538
214 215 3539 3540 3541 3542
215 216
216 217
217 218
218 219 3543
219 220 3546
220 221 3547
221 222 3548
222 223
223 224 3549 3550 3554 3555
224 225
225 226
226 227
227 228
228 229 3556 3558 3560
229 230
230 231 3561
231 232 3562
232 233 3566
233 234 3568
234 235
235 236
236 237 3569
237 238
238 239
239 240
240 241 3570
241 242
242 243
243 244
244 245 3571
245 246
246 247 3573
247 248
248 249 3575
249 250 3578
250 251 3580
251 252
252 253 3582
253 254 3584
254 255
255 256
256 257
257 258
258 259
259 260
260 261 3585
261 262
262 263 3586
263 264 3589 3591 3592 3593 3594
264 265 3595
265 266 3596 3597 3598
266 267
267 268
268 269
269 270 3599 3601
270 271 3603
271 272
272 273 3604
273 274 3606 3607 3611
274 275 3613 3616
275 276
276 277
277 278
278 279
279 280 3617 3618
280 281
281 282
282 283 3619
283 284 3620
284 285
285 286
286 287 3621 3622
287 288
288 289
289 290
290 291 3623 3625
291 292 3626
292 293 3627
293 294
294 295
295 296 3628
296 297
297 298 3629
298 299 3631 3632 3633
299 300 3636
300 301
301 302
302 303 3638
303 304
304 305
305 306 3639 3641
306 307 3642
307 308
308 309 3643
309 310
310 311
311 312 3644
312 313
313 314
314 315 3648 3649
315 316 3650 3652
316 317
317 318 3653
318 319
319 320 3654
320 321 3656 3658
321 322
322 323 3659
323 324
324 325
325 326 3662 3664
326 327
327 328 3665
328 329 3666
329 330
330 331
331 332 3667
332 333
333 334
334 335
335 336
336 337
337 338
338 339 3668
339 340
340 341
341 342 3669
342 343
343 344
344 345
345 346 3670
346 347
347 348 3671 3672
348 349
349 350
350 351
351 352
352 353
353 354
354 355 3673
355 356
356 357
357 358 3674
358 359
359 360
360 361
361 362 3676
362 363
363 364
364 365
365 366 3677
366 367 3679 3681 3682
367 368 3683
368 369 3684 3685
369 370
370 371 3687
371 372 3688 3689
372 373 3691
373 374
374 375
375 376
376 377 3692
377 378
378 379
379 380 3693 3694 3695 3696
380 381
381 382
382 383
383 384 3697
384 385 3698
385 386
386 387
387 388 3699
388 389
389 390 3700 3701 3703
390 391
391 392
392 393 3704 3705 3706
393 394
394 395
395 396
396 397 3708 3709
397 398
398 399
399 400
400 401
401 402
402 403
403 404
404 405
405 406
406 407
407 408
408 409
409 410 3710 3711 3712
410 411
411 412 3713 3714 3716
412 413
413 414 3717 3718 3719 3720 3721
414 415 3722 3723 3724
415 416 3725
416 417 3727 3730
417 418
418 419 3731 3732
419 420
420 421
421 422
422 423
423 424 3733
424 425
425 426
426 427
427 428 3734
428 429 3735 3739 3740 3741
429 430
430 431 3742 3744
431 432 3745
432 433 3746
433 434
434 435 3747
435 436
436 437
437 438
438 439 3749 3750
439 440
440 441
441 442
442 443
443 444
444 445 3751 3752
445 446
446 447 3755
447 448
448 449
449 450
450 451 3756 3757
451 452 3759
452 453
453 454
454 455
455 456 3761 3762 3763 3764
456 457
457 458
458 459
459 460
460 461
461 462
462 463 3765 3767 3768
463 464
464 465 3769
465 466 3770
466 467
467 468 3773
468 469
469 470 3774
470 471
471 472
472 473 3775 3776
473 474
474 475
475 476 3777
476 477
477 478 3778
478 479
479 480 3779
480 481
481 482 3781 3783 3784 3785
482 483 3786
483 484
484 485
485 486
486 487
487 488 3787
488 489 3789
489 490 3791
490 491 3793
491 492
492 493
493 494
494 495
495 496
496 497 3796
497 498
498 499 3799
499 500
500 501
501 502 3800
502 503 3801 3803 3804
503 504 3806 3807 3808
504 505 3809 3810
505 506 3812
506 507
507 508 3815 3817 3818
508 509
509 510
510 511 3819
511 512 3820
512 513
513 514
514 515
515 516 3822 3823
516 517
517 518
518 519
519 520
520 521 3824 3825 3826
521 522
522 523
523 524
524 525
525 526
526 527
527 528 3829
528 529
529 530
530 531 3830 3831
531 532
532 533
533 534 3833 3835
534 535 3836
535 536 3837 3838
536 537
537 538
538 539
539 540
540 541 3839 3840
541 542
542 543 3842
543 544
544 545
545 546 3843
546 547
547 548 3844
548 549
549 550
550 551
551 552
552 553 3845 3846
553 554
554 555 3847
555 556
556 557 3848 3849 3852 3854 3855
557 558 3856
558 559
559 560
560 561 3858
561 562
562 563
563 564 3859
564 565
565 566
566 567
567 568 3860 3863 3864
568 569 3865
569 570 3866
570 571 3867 3868
571 572
572 573 3870 3871
573 574 3873
574 575
575 576
576 577
577 578
578 579
579 580
580 581 3874
581 582 3876
582 583 3877
583 584
584 585
585 586 3879 3880
586 587 3882 3884 3885
587 588
588 589
589 590
590 591 3886 3887
591 592 3888 3889
592 593
593 594 3890
594 595
595 596 3891
596 597 3895 3896
597 598 3898 3899
598 599 3900
599 600 3901
600 601
601 602
602 603
603 604
604 605
605 606
606 607 3904
607 608
608 609 3905 3906 3908
609 610 3909 3910
610 611 3911 3912 3913 3914 3917
611 612
612 613
613 614
614 615
615 616 3918
616 617
617 618
618 619 3919
619 620
620 621
621 622
622 623
623 624 3920 3921
624 625
625 626
626 627
627 628 3922 3923 3924 3926 3927
628 629
629 630
630 631 3928 3929 3931 3932 3933
631 632
632 633 3934 3935
633 634
634 635
635 636
636 637 3936
637 638
638 639
639 640
640 641 3937 3938 3939 3940 3942 3943 3944 3946
641 642
642 643 3948
643 644
644 645 3950
645 646
646 647
647 648 3951 3952
648 649
649 650
650 651 3953 3954
651 652
652 653 3955
653 654
654 655
655 656 3956 3957
656 657 3960
657 658
658 659
659 660 3961 3962 3963
660 661 3964 3965
661 662 3966 3969 3970 3971
662 663
663 664 3978
664 665 3981
665 666
666 667 3983
667 668 3984
668 669
669 670
670 671 3987
671 672 3988
672 673
673 674 3989 3990
674 675
675 676
676 677
677 678
678 679
679 680 3991 3992
680 681
681 682
682 683
683 684
684 685 3993
685 686
686 687 3994 3996 3997
687 688 4004 4007 4008
688 689
689 690
690 691
691 692 4009 4010 4012
692 693
693 694 4013 4015
694 695 4016 4018 4020
695 696
696 697
697 698 4021
698 699 4023
699 700
700 701
701 702
702 703 4024
703 704 4025 4026 4027
704 705 4028
705 706 4029 4030
706 707
707 708
708 709 4031
709 710
710 711 4032 4033 4034
711 712 4035
712 713 4036 4037
713 714 4041
714 715 4042
715 716 4043
716 717
717 718
718 719 4045 4046
719 720 4047 4048 4049 4051
720 721
721 722 4052
722 723 4053 4054
723 724 4055
724 725
725 726
726 727
727 728 4056
728 729 4057 4058 4059
729 730 4061
730 731 4062
731 732
732 733
733 734 4064 4065 4066 4067
734 735 4068 4069 4070 4073 4074
735 736 4075 4076 4077 4078 4079
736 737 4081
737 738
738 739 4082 4083 4084
739 740
740 741 4085
741 742 4086
742 743
743 744
744 745
745 746
746 747
747 748 4087
748 749
749 750 4088
750 751 4090
751 752
752 753 4091
753 754
754 755
755 756 4092
756 757
757 758
758 759 4094
759 760
760 761
761 762
762 763
763 764 4095 4096 4097
764 765 4098
765 766 4099
766 767
767 768 4101 4102 4104
768 769
769 770
770 771 4105
771 772 4106 4107
772 773 4109
773 774
774 775 4110 4111 4113
775 776 4114
776 777
777 778
778 779
779 780
780 781
781 782
782 783
783 784 4116
784 785 4117 4120
785 786
786 787
787 788 4121 4123
788 789 4125 4126 4127
789 790 4128 4129
790 791
791 792
792 793
793 794 4130 4131
794 795
795 796 4132 4134
796 797
797 798 4135
798 799
799 800
800 801 4136 4137
801 802 4138
802 803 4139 4140 4142
803 804
804 805
805 806
806 807 4144 4146 4147
807 808 4150
808 809 4151 4154
809 810 4155 4157
810 811
811 812
812 813 4158
813 814 4159 4160
814 815
815 816 4161 4162
816 817 4163 4164 4165 4166
817 818 4167 4168
818 819
819 820
820 821 4170
821 822 4172 4173 4174
822 823
823 824
824 825 4175
825 826 4176
826 827 4177
827 828
828 829
829 830
830 831
831 832 4180 4181
832 833 4182
833 834 4183
834 835 4184 4185 4186 4187 4189 4191
835 836 4193
836 837 4194 4195 4197 4199 4201 4202
837 838
838 839 4203 4204 4205
839 840
840 841 4206 4207 4208
841 842
842 843 4209
843 844
844 845
845 846
846 847
847 848
848 849 4210 4211
849 850 4212 4214 4215
850 851 4216 4218
851 852 4219
852 853 4220 4223
853 854
854 855 4224 4225
855 856 4226
856 857
857 858
858 859
859 860 4227
860 861
861 862
862 863 4228
863 864
864 865 4229
865 866 4230
866 867
867 868
868 869
869 870 4231 4232
870 871
871 872 4233
872 873 4234
873 874
874 875
875 876
876 877
877 878
878 879
879 880
880 881 4236 4237 4239 4241
881 882
882 883
883 884
884 885
885 886
886 887 4243
887 888
888 889 4244
889 890
890 891
891 892
892 893
893 894
894 895
895 896
896 897
897 898
898 899
899 900
900 901
901 902
902 903
903 904
904 905 4245
905 906 4246
906 907 4247
907 908
908 909 4250
909 910
910 911
911 912
912 913
913 914
914 915
915 916 4251 4252
916 917 4253
917 918 4254 4255
918 919 4256 4257 4258
919 920 4259 4260
920 921
921 922 4261
922 923 4262
923 924 4263
924 925
925 926
926 927
927 928 4265 4266 4268
928 929
929 930 4269 4271
930 931
931 932
932 933
933 934
934 935
935 936 4272 4273
936 937 4276
937 938
938 939
939 940
940 941 4277 4278 4280
941 942
942 943
943 944
944 945 4281
945 946
946 947 4282 4283
947 948
948 949
949 950
950 951 4284
951 952 4285
952 953
953 954
954 955 4286
955 956
956 957
957 958
958 959
959 960
960 961 4287
961 962 4288
962 963
963 964 4289
964 965 4290
965 966 4291 4293 4294
966 967 4295
967 968 4296 4297
968 969 4298
969 970
970 971
971 972
972 973
973 974 4299
974 975
975 976 4300
976 977 4301
977 978
978 979 4302 4303
979 980
980 981 4304
981 982
982 983 4305
983 984
984 985
985 986
986 987 4306
987 988 4307 4308 4310 4311 4313 4315
988 989 4317
989 990
990 991 4318 4319 4321 4322
991 992
992 993
993 994
994 995 4323
995 996
996 997 4324 4326 4327 4328
997 998 4329 4330
998 999 4331 4333 4335 4336
999 1000
1000 1001 4337
1001 1002
1002 1003 4338
1003 1004 4339 4340
1004 1005
1005 1006 4342 4343
1006 1007
1007 1008
1008 1009
1009 1010 4344
1010 1011 4345 4346
1011 1012 4347 4348
1012 1013 4350 4353 4354
1013 1014 4357
1014 1015
1015 1016
1016 1017 4358
1017 1018
1018 1019
1019 1020
1020 1021
1021 1022
1022 1023 4359 4361 4362 4363 4364
1023 1024
1024 1025
1025 1026
1026 1027 4365
1027 1028
1028 1029
1029 1030
1030 1031
1031 1032
1032 1033
1033 1034
1034 1035
1035 1036
1036 1037
1037 1038 4368
1038 1039 4370
1039 1040
1040 1041
1041 1042
1042 1043
1043 1044 4371 4372 4373
1044 1045
1045 1046 4375
1046 1047 4376 4378
1047 1048 4379
1048 1049 4380
1049 1050 4381
1050 1051
1051 1052
1052 1053
1053 1054
1054 1055 4383 4384 4386
1055 1056
1056 1057
1057 1058
1058 1059
1059 1060 4387
1060 1061
1061 1062
1062 1063
1063 1064
1064 1065
1065 1066
1066 1067
1067 1068
1068 1069 4388
1069 1070
1070 1071
1071 1072
1072 1073
1073 1074 4389 4390
1074 1075
1075 1076
1076 1077 4391 4392
1077 1078 4393
1078 1079
1079 1080 4396
1080 1081 4397
1081 1082
1082 1083
1083 1084 4398 4399
1084 1085
1085 1086
1086 1087
1087 1088
1088 1089
1089 1090 4400
1090 1091
1091 1092 4402 4406
1092 1093 4407 4408
1093 1094
1094 1095
1095 1096 4410
1096 1097
1097 1098 4411 4412
1098 1099
1099 1100 4417
1100 1101
1101 1102 4418
1102 1103
1103 1104
1104 1105
1105 1106 4419
1106 1107 4420 4424 4427 4429
1107 1108
1108 1109
1109 1110 4430
1110 1111
1111 1112 4431
1112 1113
1113 1114 4433
1114 1115
1115 1116 4434 4436 4437 4438 4439
1116 1117
1117 1118
1118 1119 4440
1119 1120
1120 1121 4441 4442 4443
1121 1122
1122 1123
1123 1124
1124 1125 4444
1125 1126 4446
1126 1127
1127 1128
1128 1129
1129 1130
1130 1131
1131 1132
1132 1133 4447
1133 1134
1134 1135 4448 4453
1135 1136 4454 4457
1136 1137
1137 1138
1138 1139 4461 4462 4463 4464
1139 1140
1140 1141 4466 4468
1141 1142
1142 1143 4469 4470 4472
1143 1144
1144 1145
1145 1146 4473
1146 1147 4474 4475 4476 4477 4478
1147 1148
1148 1149
1149 1150
1150 1151 4479 4481 4483 4485
1151 1152 4486
1152 1153
1153 1154
1154 1155
1155 1156 4487
1156 1157
1157 1158
1158 1159 4488
1159 1160
1160 1161 4489
1161 1162 4491 4492
1162 1163
1163 1164 4494 4495
1164 1165
1165 1166 4496 4498
1166 1167
1167 1168
1168 1169
1169 1170 4500
1170 1171 4501
1171 1172 4502
1172 1173
1173 1174
1174 1175 4503 4504
1175 1176 4505 4506 4508 4509 4511 4512 4516
1176 1177
1177 1178
1178 1179 4517
1179 1180
1180 1181
1181 1182
1182 1183
1183 1184
1184 1185 4518
1185 1186
1186 1187
1187 1188 4520
1188 1189
1189 1190
1190 1191
1191 1192 4521
1192 1193
1193 1194 4524
1194 1195
1195 1196 4526
1196 1197
1197 1198
1198 1199
1199 1200 4527
1200 1201 4528
1201 1202
1202 1203 4530 4531
1203 1204
1204 1205
1205 1206
1206 1207 4533 4534
1207 1208
1208 1209
1209 1210
1210 1211
1211 1212
1212 1213
1213 1214
1214 1215
1215 1216
1216 1217 4536
1217 1218 4537 4538
1218 1219 4539
1219 1220 4541
1220 1221
1221 1222
1222 1223 4542
1223 1224
1224 1225 4544 4545
1225 1226
1226 1227 4547 4548
1227 1228
1228 1229 4549
1229 1230
1230 1231
1231 1232 4551
1232 1233 4552 4553
1233 1234
1234 1235
1235 1236
1236 1237 4554 4555 4556 4557
1237 1238
1238 1239 4558 4559 4560
1239 1240 4561
1240 1241
1241 1242 4564
1242 1243 4565
1243 1244 4566 4567
1244 1245 4568
1245 1246 4570
1246 1247 4571
1247 1248
1248 1249
1249 1250
1250 1251
1251 1252
1252 1253
1253 1254 4572
1254 1255 4573
1255 1256 4574
1256 1257 4575
1257 1258 4576 4577 4578
1258 1259 4579
1259 1260 4581 4582
1260 1261
1261 1262 4584
1262 1263 4585 4587
1263 1264
1264 1265
1265 1266
1266 1267 4588
1267 1268 4589
1268 1269 4590 4592
1269 1270
1270 1271
1271 1272
1272 1273
1273 1274
1274 1275 4593
1275 1276
1276 1277
1277 1278
1278 1279
1279 1280
1280 1281 4594 4595
1281 1282
1282 1283
1283 1284
1284 1285
1285 1286
1286 1287 4596
1287 1288 4598 4599 4600
1288 1289
1289 1290 4601 4602
1290 1291 4603
1291 1292 4604
1292 1293
1293 1294
1294 1295 4605
1295 1296 4606
1296 1297
1297 1298
1298 1299 4607
1299 1300 4609
1300 1301 4610
1301 1302 4611 4613
1302 1303 4615
1303 1304
1304 1305
1305 1306
1306 1307
1307 1308
1308 1309
1309 1310 4616
1310 1311
1311 1312 4618 4619 4620 4621
1312 1313 4624
1313 1314 4625
1314 1315
1315 1316 4626
1316 1317
1317 1318 4627 4628
1318 1319 4629
1319 1320 4630
1320 1321
1321 1322
1322 1323 4632 4633
1323 1324
1324 1325 4634
1325 1326
1326 1327
1327 1328 4636
1328 1329 4638 4639
1329 1330
1330 1331 4642
1331 1332
1332 1333
1333 1334 4643
1334 1335
1335 1336
1336 1337 4644 4645
1337 1338 4646
1338 1339 4649
1339 1340
1340 1341
1341 1342
1342 1343 4650
1343 1344
1344 1345 4651
1345 1346
1346 1347
1347 1348
1348 1349
1349 1350 4653 4654 4655
1350 1351
1351 1352 4656
1352 1353
1353 1354 4657
1354 1355
1355 1356 4658 4659 4660
1356 1357 4661 4663 4664
1357 1358
1358 1359 4665
1359 1360
1360 1361
1361 1362
1362 1363 4666 4667
1363 1364
1364 1365
1365 1366
1366 1367
1367 1368
1368 1369
1369 1370 4668 4669 4671 4672 4673
1370 1371 4674 4675
1371 1372
1372 1373
1373 1374
1374 1375 4676
1375 1376 4677 4680
1376 1377 4681
1377 1378 4682
1378 1379 4683
1379 1380 4685
1380 1381
1381 1382
1382 1383
1383 1384
1384 1385 4686
1385 1386 4687 4689 4691
1386 1387
1387 1388 4692 4693
1388 1389
1389 1390
1390 1391 4694
1391 1392
1392 1393 4695
1393 1394 4697
1394 1395
1395 1396 4699
1396 1397
1397 1398 4700
1398 1399 4701
1399 1400
1400 1401
1401 1402
1402 1403 4702 4703
1403 1404
1404 1405
1405 1406 4704 4705 4708 4710
1406 1407 4711
1407 1408 4712 4713 4714 4715
1408 1409 4717
1409 1410 4718
1410 1411 4719 4720 4721
1411 1412
1412 1413 4722
1413 1414
1414 1415
1415 1416
1416 1417
1417 1418
1418 1419 4724 4725
1419 1420 4727 4728
1420 1421 4729 4730 4731
1421 1422
1422 1423
1423 1424 4732 4735
1424 1425 4736 4738
1425 1426 4739 4740 4741
1426 1427
1427 1428
1428 1429
1429 1430
1430 1431
1431 1432 4742 4743
1432 1433 4745
1433 1434
1434 1435 4747
1435 1436
1436 1437
1437 1438 4749
1438 1439
1439 1440 4750
1440 1441
1441 1442
1442 1443
1443 1444 4751
1444 1445 4752
1445 1446 4753
1446 1447
1447 1448
1448 1449
1449 1450 4754 4755
1450 1451 4756
1451 1452
1452 1453 4757
1453 1454
1454 1455 4758
1455 1456
1456 1457
1457 1458
1458 1459 4761
1459 1460 4762 4764 4765 4766
1460 1461
1461 1462
1462 1463 4767
1463 1464
1464 1465 4768
1465 1466
1466 1467 4770 4771 4772 4773
1467 1468
1468 1469 4774
1469 1470 4775 4777
1470 1471 4778
1471 1472
1472 1473
1473 1474
1474 1475 4779 4781
1475 1476
1476 1477 4782
1477 1478 4783 4784
1478 1479 4785
1479 1480 4787
1480 1481 4788 4789
1481 1482
1482 1483
1483 1484 4790
1484 1485
1485 1486
1486 1487
1487 1488
1488 1489 4791
1489 1490 4792
1490 1491
1491 1492 4794
1492 1493
1493 1494
1494 1495
1495 1496 4795
1496 1497 4796
1497 1498
1498 1499
1499 1500 4797 4798 4799
1500 1501
1501 1502
1502 1503 4800
1503 1504
1504 1505 4802
1505 1506
1506 1507 4803
1507 1508
1508 1509
1509 1510
1510 1511
1511 1512 4804
1512 1513
1513 1514
1514 1515 4806 4807
1515 1516
1516 1517 4808 4809
1517 1518 4810 4811
1518 1519
1519 1520
1520 1521
1521 1522 4813 4814 4815 4816
1522 1523
1523 1524 4818
1524 1525
1525 1526
1526 1527
1527 1528 4821
1528 1529 4823
1529 1530
1530 1531
1531 1532 4824 4828
1532 1533 4829 4830
1533 1534
1534 1535 4832 4833
1535 1536 4835 4836
1536 1537
1537 1538
1538 1539
1539 1540
1540 1541
1541 1542 4837
1542 1543
1543 1544
1544 1545
1545 1546
1546 1547
1547 1548 4838
1548 1549
1549 1550
1550 1551
1551 1552
1552 1553 4839
1553 1554 4840 4841
1554 1555
1555 1556 4843
1556 1557 4845
1557 1558
1558 1559 4846
1559 1560 4847
1560 1561
1561 1562
1562 1563
1563 1564 4848
1564 1565 4850 4851
1565 1566
1566 1567 4854 4855 4856
1567 1568
1568 1569
1569 1570
1570 1571
1571 1572
1572 1573 4857
1573 1574
1574 1575
1575 1576
1576 1577 4858
1577 1578
1578 1579 4859
1579 1580
1580 1581
1581 1582
1582 1583
1583 1584 4860
1584 1585
1585 1586
1586 1587
1587 1588
1588 1589 4862
1589 1590
1590 1591 4867
1591 1592
1592 1593 4868 4872
1593 1594
1594 1595 4873
1595 1596 4874 4876
1596 1597 4877
1597 1598 4879 4880
1598 1599
1599 1600 4881
1600 1601 4882
1601 1602 4885
1602 1603
1603 1604 4887
1604 1605 4888
1605 1606 4889
1606 1607
1607 1608 4890
1608 1609 4891
1609 1610
1610 1611
1611 1612
1612 1613
1613 1614
1614 1615 4894
1615 1616 4896
1616 1617
1617 1618 4897
1618 1619 4898 4899
1619 1620 4900
1620 1621
1621 1622
1622 1623 4901
1623 1624
1624 1625
1625 1626 4904 4905
1626 1627
1627 1628 4906 4908
1628 1629
1629 1630
1630 1631
1631 1632
1632 1633
1633 1634
1634 1635
1635 1636
1636 1637
1637 1638 4909 4910
1638 1639
1639 1640 4912
1640 1641
1641 1642
1642 1643
1643 1644 4913
1644 1645
1645 1646
1646 1647
1647 1648
1648 1649
1649 1650
1650 1651
1651 1652
1652 1653
1653 1654
1654 1655
1655 1656
1656 1657
1657 1658
1658 1659
1659 1660
1660 1661
1661 1662 4914
1662 1663
1663 1664 4915
1664 1665
1665 1666
1666 1667 4916
1667 1668 4918 4920 4922
1668 1669 4923
1669 1670
1670 1671
1671 1672
1672 1673 4924 4925
1673 1674
1674 1675
1675 1676 4927
1676 1677
1677 1678 4928 4931
1678 1679 4932
1679 1680 4933
1680 1681
1681 1682
1682 1683 4934
1683 1684
1684 1685 4935
1685 1686 4936
1686 1687
1687 1688
1688 1689
1689 1690
1690 1691 4937 4939 4940 4941
1691 1692
1692 1693 4942 4943 4944 4945
1693 1694 4947
1694 1695 4948 4949
1695 1696
1696 1697 4950
1697 1698
1698 1699 4952
1699 1700
1700 1701
1701 1702 4953
1702 1703 4954 4955
1703 1704 4956
1704 1705 4958 4959
1705 1706
1706 1707
1707 1708
1708 1709
1709 1710 4960
1710 1711
1711 1712
1712 1713
1713 1714
1714 1715 4961
1715 1716
1716 1717 4962 4963
1717 1718
1718 1719
1719 1720 4964 4967
1720 1721
1721 1722 4968 4969
1722 1723 4970
1723 1724 4971
1724 1725 4972
1725 1726 4973 4977
1726 1727 4978
1727 1728 4979
1728 1729
1729 1730
1730 1731 4980
1731 1732
1732 1733
1733 1734 4982
1734 1735 4983
1735 1736 4985 4987 4991 4992
1736 1737
1737 1738
1738 1739
1739 1740 4993 4994 4996
1740 1741
1741 1742
1742 1743
1743 1744 4997
1744 1745
1745 1746 4998 5000
1746 1747
1747 1748
1748 1749 5002 5003 5004 5005
1749 1750
1750 1751
1751 1752 5006
1752 1753
1753 1754
1754 1755
1755 1756
1756 1757
1757 1758
1758 1759
1759 1760 5007
1760 1761
1761 1762
1762 1763
1763 1764 5012
1764 1765 5014
1765 1766
1766 1767
1767 1768
1768 1769 5016
1769 1770 5017
1770 1771
1771 1772
1772 1773
1773 1774
1774 1775
1775 1776
1776 1777
1777 1778
1778 1779 5019 5020 5022 5023
1779 1780
1780 1781 5025
1781 1782 5027 5029 5030 5031 5033
1782 1783 5034
1783 1784 5036 5038 5039
1784 1785
1785 1786
1786 1787
1787 1788 5040
1788 1789
1789 1790
1790 1791 5044 5046
1791 1792 5047 5048 5049
1792 1793
1793 1794
1794 1795 5051 5052
1795 1796
1796 1797
1797 1798
1798 1799
1799 1800 5054
1800 1801
1801 1802
1802 1803 5056 5057
1803 1804
1804 1805
1805 1806
1806 1807
1807 1808
1808 1809 5058 5060 5061 5062
1809 1810
1810 1811
1811 1812 5063
1812 1813
1813 1814
1814 1815
1815 1816 5064
1816 1817
1817 1818 5065
1818 1819 5066
1819 1820
1820 1821 5068
1821 1822 5070
1822 1823
1823 1824
1824 1825
1825 1826
1826 1827 5072
1827 1828
1828 1829
1829 1830 5073 5076
1830 1831
1831 1832 5077
1832 1833
1833 1834
1834 1835
1835 1836
1836 1837 5078
1837 1838 5080
1838 1839 5082
1839 1840 5083
1840 1841
1841 1842
1842 1843
1843 1844
1844 1845
1845 1846
1846 1847
1847 1848 5086
1848 1849
1849 1850 5087
1850 1851
1851 1852
1852 1853
1853 1854 5090
1854 1855
1855 1856
1856 1857 5091
1857 1858
1858 1859
1859 1860
1860 1861 5092
1861 1862
1862 1863
1863 1864 5095 5096
1864 1865
1865 1866
1866 1867
1867 1868 5097 5098 5099 5100
1868 1869
1869 1870
1870 1871
1871 1872
1872 1873
1873 1874 5101
1874 1875
1875 1876 5105 5106
1876 1877 5108 5112 5116
1877 1878
1878 1879 5117
1879 1880 5118
1880 1881
1881 1882
1882 1883 5119 5120
1883 1884 5121
1884 1885 5123
1885 1886
1886 1887
1887 1888
1888 1889 5124 5125
1889 1890
1890 1891
1891 1892 5127 5128 5129 5130 5131
1892 1893
1893 1894
1894 1895
1895 1896 5132
1896 1897 5133
1897 1898 5134 5136 5137 5138
1898 1899 5140
1899 1900
1900 1901
1901 1902
1902 1903
1903 1904 5141 5142
1904 1905
1905 1906
1906 1907
1907 1908 5143 5144
1908 1909 5145
1909 1910 5146
1910 1911 5148
1911 1912
1912 1913 5151
1913 1914
1914 1915 5153
1915 1916 5155 5156
1916 1917 5157 5158
1917 1918
1918 1919
1919 1920
1920 1921
1921 1922
1922 1923 5162 5163 5164 5165
1923 1924
1924 1925
1925 1926
1926 1927
1927 1928 5166 5167
1928 1929 5168
1929 1930 5169 5171 5172
1930 1931 5173
1931 1932
1932 1933 5174
1933 1934
1934 1935
1935 1936
1936 1937
1937 1938
1938 1939
1939 1940
1940 1941
1941 1942
1942 1943
1943 1944
1944 1945
1945 1946 5175
1946 1947
1947 1948
1948 1949
1949 1950 5176
1950 1951 5177
1951 1952 5178 5179 5181
1952 1953
1953 1954
1954 1955 5183 5185
1955 1956 5186
1956 1957
1957 1958 5187
1958 1959
1959 1960
1960 1961 5188
1961 1962 5189
1962 1963 5190 5196 5197
1963 1964 5199 5200
1964 1965
1965 1966
1966 1967 5201 5202 5203
1967 1968
1968 1969
1969 1970 5205 5206 5207 5209
1970 1971
1971 1972 5212
1972 1973 5213
1973 1974 5214
1974 1975 5216 5218 5219 5220
1975 1976 5223
1976 1977 5224
1977 1978
1978 1979 5225
1979 1980 5226 5227 5228
1980 1981 5231 5233 5234
1981 1982
1982 1983
1983 1984 5235 5237
1984 1985
1985 1986
1986 1987
1987 1988 5238
1988 1989 5243
1989 1990 5248
1990 1991 5250 5253 5254
1991 1992
1992 1993 5257 5258 5260 5262
1993 1994
1994 1995 5265
1995 1996
1996 1997 5266
1997 1998
1998 1999
1999 2000 5267
2000 2001
2001 2002 5268
2002 2003
2003 2004
2004 2005
2005 2006 5272 5273 5277
2006 2007
2007 2008
2008 2009 5278
2009 2010 5279
2010 2011 5280 5281
2011 2012
2012 2013 5282 5283
2013 2014 5284 5285
2014 2015 5287
2015 2016
2016 2017 5289 5291
2017 2018
2018 2019
2019 2020
2020 2021 5292
2021 2022 5293 5294 5295 5296
2022 2023 5298
2023 2024 5300
2024 2025
2025 2026
2026 2027
2027 2028
2028 2029
2029 2030
2030 2031 5301 5303 5304
2031 2032
2032 2033
2033 2034 5305 5306
2034 2035 5307
2035 2036
2036 2037
2037 2038
2038 2039
2039 2040 5308
2040 2041 5309
2041 2042 5311 5313 5314
2042 2043
2043 2044 5315
2044 2045
2045 2046
2046 2047 5317 5318
2047 2048
2048 2049
2049 2050
2050 2051 5320 5322
2051 2052 5325
2052 2053
2053 2054 5326
2054 2055
2055 2056
2056 2057 5327 5329 5330 5332 5333
2057 2058 5334 5336 5337
2058 2059 5340 5341
2059 2060 5343
2060 2061 5344 5346 5347 5349
2061 2062 5352 5353
2062 2063
2063 2064
2064 2065
2065 2066
2066 2067 5354 5357 5358
2067 2068 5360
2068 2069
2069 2070
2070 2071
2071 2072
2072 2073
2073 2074 5361
2074 2075
2075 2076
2076 2077 5362
2077 2078
2078 2079
2079 2080 5363
2080 2081
2081 2082
2082 2083 5365
2083 2084
2084 2085
2085 2086 5366 5367 5368
2086 2087
2087 2088
2088 2089 5369
2089 2090
2090 2091
2091 2092
2092 2093 5371 5372 5373 5374
2093 2094
2094 2095
2095 2096 5375 5378 5380
2096 2097 5381 5384 5385 5386
2097 2098
2098 2099 5387 5388 5389 5390
2099 2100 5391
2100 2101 5392
2101 2102 5394
2102 2103 5395
2103 2104 5396
2104 2105 5397 5398 5399
2105 2106
2106 2107
2107 2108 5400 5402
2108 2109
2109 2110
2110 2111
2111 2112 5403 5404
2112 2113
2113 2114 5405 5406
2114 2115 5407
2115 2116
2116 2117
2117 2118 5409 5411
2118 2119 5412
2119 2120 5413 5414 5415 5416 5418 5420
2120 2121 5421
2121 2122 5422
2122 2123
2123 2124 5424 5425
2124 2125 5429 5430
2125 2126
2126 2127 5431 5434 5435 5438
2127 2128
2128 2129 5439 5440
2129 2130 5442 5443
2130 2131 5444
2131 2132
2132 2133 5445 5446
2133 2134 5447 5448 5449
2134 2135 5451
2135 2136
2136 2137
2137 2138
2138 2139 5452
2139 2140 5454 5455
2140 2141
2141 2142 5458
2142 2143
2143 2144
2144 2145 5459
2145 2146 5460
2146 2147 5461
2147 2148
2148 2149 5462
2149 2150
2150 2151 5464 5465
2151 2152 5466
2152 2153
2153 2154
2154 2155
2155 2156
2156 2157
2157 2158
2158 2159 5467
2159 2160 5468
2160 2161 5469
2161 2162
2162 2163 5470
2163 2164 5472
2164 2165
2165 2166 5475
2166 2167
2167 2168
2168 2169
2169 2170
2170 2171
2171 2172
2172 2173
2173 2174
2174 2175 5476
2175 2176
2176 2177 5477 5478
2177 2178
2178 2179 5479 5480
2179 2180 5481
2180 2181 5482
2181 2182 5483 5484
2182 2183 5485 5488 5489
2183 2184
2184 2185
2185 2186 5491
2186 2187 5492 5493 5494
2187 2188 5495 5496
2188 2189
2189 2190 5497
2190 2191
2191 2192 5498 5499 5500 5501
2192 2193
2193 2194 5502
2194 2195 5503 5504
2195 2196 5505
2196 2197
2197 2198
2198 2199
2199 2200 5506
2200 2201 5507
2201 2202
2202 2203 5508
2203 2204
2204 2205
2205 2206
2206 2207
2207 2208 5509 5510 5511
2208 2209 5512
2209 2210
2210 2211 5513 5515 5516 5517
2211 2212
2212 2213
2213 2214
2214 2215
2215 2216
2216 2217 5519 5521
2217 2218 5523
2218 2219
2219 2220
2220 2221
2221 2222
2222 2223
2223 2224 5526
2224 2225
2225 2226 5527
2226 2227
2227 2228 5528
2228 2229
2229 2230 5532 5533 5534
2230 2231 5536
2231 2232
2232 2233
2233 2234
2234 2235
2235 2236 5538
2236 2237
2237 2238 5539
2238 2239
2239 2240
2240 2241
2241 2242
2242 2243
2243 2244 5540 5541 5542
2244 2245 5543
2245 2246
2246 2247
2247 2248
2248 2249
2249 2250
2250 2251 5544 5546
2251 2252 5547 5549
2252 2253
2253 2254
2254 2255
2255 2256
2256 2257
2257 2258
2258 2259 5550 5551
2259 2260
2260 2261 5552 5553 5554
2261 2262
2262 2263 5555
2263 2264 5556
2264 2265 5557
2265 2266 5558
2266 2267 5560
2267 2268
2268 2269 5562
2269 2270
2270 2271
2271 2272 5563
2272 2273
2273 2274 5567 5568 5569 5571
2274 2275 5572 5574 5576 5577
2275 2276 5581
2276 2277
2277 2278
2278 2279
2279 2280 5582
2280 2281
2281 2282 5583 5588 5589 5590 5591 5593 5594
2282 2283
2283 2284 5595
2284 2285
2285 2286 5597
2286 2287
2287 2288
2288 2289
2289 2290 5598
2290 2291
2291 2292
2292 2293 5599 5600
2293 2294
2294 2295 5601
2295 2296 5602
2296 2297
2297 2298
2298 2299
2299 2300
2300 2301
2301 2302 5605
2302 2303 5607
2303 2304
2304 2305 5608 5609
2305 2306
2306 2307 5610 5611
2307 2308
2308 2309
2309 2310 5613 5615
2310 2311 5616
2311 2312
2312 2313
2313 2314
2314 2315
2315 2316
2316 2317 5617
2317 2318
2318 2319 5618
2319 2320 5619 5620 5624
2320 2321
2321 2322 5626
2322 2323
2323 2324
2324 2325 5628
2325 2326
2326 2327
2327 2328
2328 2329
2329 2330
2330 2331 5629
2331 2332
2332 2333
2333 2334
2334 2335
2335 2336
2336 2337
2337 2338
2338 2339
2339 2340
2340 2341
2341 2342 5630 5632
2342 2343 5633 5635
2343 2344
2344 2345
2345 2346 5636 5637 5638
2346 2347
2347 2348 5639
2348 2349
2349 2350
2350 2351 5640
2351 2352
2352 2353 5641
2353 2354 5643 5644
2354 2355
2355 2356 5645
2356 2357
2357 2358
2358 2359 5646
2359 2360
2360 2361
2361 2362 5647
2362 2363 5648
2363 2364
2364 2365 5649
2365 2366
2366 2367
2367 2368
2368 2369 5650
2369 2370
2370 2371
2371 2372
2372 2373
2373 2374
2374 2375
2375 2376 5651
2376 2377 5652
2377 2378
2378 2379 5654 5655 5656
2379 2380
2380 2381
2381 2382
2382 2383
2383 2384
2384 2385 5658
2385 2386 5659
2386 2387 5662
2387 2388
2388 2389 5664 5665
2389 2390 5666
2390 2391
2391 2392
2392 2393
2393 2394 5667
2394 2395 5668
2395 2396 5669 5670 5671 5672
2396 2397
2397 2398
2398 2399
2399 2400
2400 2401
2401 2402
2402 2403
2403 2404
2404 2405 5673 5674 5675 5678 5680
2405 2406
2406 2407
2407 2408
2408 2409 5681 5684 5685 5686
2409 2410
2410 2411
2411 2412
2412 2413
2413 2414
2414 2415
2415 2416 5687
2416 2417
2417 2418
2418 2419
2419 2420
2420 2421
2421 2422
2422 2423 5688 5690
2423 2424
2424 2425
2425 2426 5691
2426 2427
2427 2428
2428 2429
2429 2430 5692 5693 5694 5695 5696
2430 2431
2431 2432 5697 5699 5700 5701 5703
2432 2433 5704
2433 2434 5706
2434 2435
2435 2436
2436 2437
2437 2438
2438 2439
2439 2440
2440 2441 5708
2441 2442
2442 2443
2443 2444 5710
2444 2445 5714 5715 5716
2445 2446
2446 2447 5717 5718
2447 2448 5719 5722
2448 2449
2449 2450 5723
2450 2451
2451 2452
2452 2453
2453 2454
2454 2455 5724 5725
2455 2456 5726 5727
2456 2457
2457 2458 5729
2458 2459 5730
2459 2460 5731
2460 2461 5732 5733
2461 2462 5735
2462 2463
2463 2464 5736
2464 2465
2465 2466
2466 2467
2467 2468
2468 2469
2469 2470 5739
2470 2471
2471 2472 5740 5741
2472 2473 5742 5744
2473 2474
2474 2475
2475 2476
2476 2477
2477 2478
2478 2479
2479 2480
2480 2481
2481 2482
2482 2483
2483 2484 5745
2484 2485 5746 5747 5748
2485 2486 5749
2486 2487 5750
2487 2488
2488 2489 5751
2489 2490 5752
2490 2491
2491 2492
2492 2493 5753
2493 2494
2494 2495 5754
2495 2496 5756 5758
2496 2497 5760 5761 5763
2497 2498
2498 2499 5765
2499 2500 5766
2500 2501 5768
2501 2502
2502 2503 5769
2503 2504
2504 2505 5770
2505 2506 5773
2506 2507 5776 5778
2507 2508 5779
2508 2509
2509 2510 5780
2510 2511 5781
2511 2512 5782
2512 2513
2513 2514
2514 2515
2515 2516 5784
2516 2517
2517 2518
2518 2519
2519 2520
2520 2521
2521 2522 5785 5787 5788 5789
2522 2523 5790
2523 2524 5792
2524 2525 5793
2525 2526 5796 5799
2526 2527 5800 5801
2527 2528 5802 5804 5805 5806 5807
2528 2529
2529 2530
2530 2531
2531 2532
2532 2533 5809 5810 5811
2533 2534
2534 2535
2535 2536
2536 2537 5814 5815
2537 2538 5816 5817
2538 2539 5819
2539 2540 5821
2540 2541
2541 2542 5822
2542 2543
2543 2544 5823
2544 2545 5824
2545 2546
2546 2547 5826
2547 2548 5827
2548 2549 5828 5830
2549 2550 5831
2550 2551 5832 5833
2551 2552
2552 2553
2553 2554
2554 2555
2555 2556 5835 5837 5839 5842 5843 5844
2556 2557
2557 2558 5845
2558 2559
2559 2560
2560 2561 5846
2561 2562
2562 2563 5847
2563 2564
2564 2565 5848
2565 2566
2566 2567 5849
2567 2568 5850
2568 2569
2569 2570
2570 2571 5851 5855 5858
2571 2572
2572 2573
2573 2574 5859
2574 2575
2575 2576
2576 2577
2577 2578
2578 2579
2579 2580
2580 2581
2581 2582 5860
2582 2583 5861
2583 2584 5862 5863
2584 2585 5864
2585 2586 5865 5867
2586 2587
2587 2588
2588 2589 5868 5869 5870 5873
2589 2590
2590 2591
2591 2592
2592 2593
2593 2594
2594 2595
2595 2596
2596 2597 5875
2597 2598 5876
2598 2599
2599 2600
2600 2601 5878
2601 2602
2602 2603 5879
2603 2604
2604 2605 5881
2605 2606
2606 2607 5883
2607 2608
2608 2609
2609 2610
2610 2611
2611 2612 5884 5888
2612 2613
2613 2614 5890
2614 2615
2615 2616 5891 5892
2616 2617
2617 2618
2618 2619
2619 2620 5893
2620 2621
2621 2622 5894 5895
2622 2623 5896 5898 5900
2623 2624
2624 2625
2625 2626 5901 5902
2626 2627
2627 2628
2628 2629 5903
2629 2630
2630 2631 5905
2631 2632
2632 2633 5906
2633 2634
2634 2635 5908
2635 2636
2636 2637 5909
2637 2638 5910 5912
2638 2639 5913 5914
2639 2640
2640 2641 5915 5916 5918 5920
2641 2642
2642 2643
2643 2644
2644 2645
2645 2646
2646 2647 5921 5922
2647 2648
2648 2649
2649 2650 5924
2650 2651 5925
2651 2652
2652 2653
2653 2654
2654 2655
2655 2656
2656 2657
2657 2658
2658 2659
2659 2660 5926 5927 5929
2660 2661
2661 2662
2662 2663 5931
2663 2664
2664 2665
2665 2666
2666 2667
2667 2668
2668 2669
2669 2670 5933
2670 2671
2671 2672 5936
2672 2673 5938
2673 2674
2674 2675 5939 5941
2675 2676
2676 2677
2677 2678
2678 2679
2679 2680
2680 2681 5942 5943 5944
2681 2682 5945
2682 2683 5946 5948
2683 2684
2684 2685
2685 2686
2686 2687 5949
2687 2688 5950
2688 2689
2689 2690
2690 2691
2691 2692
2692 2693
2693 2694
2694 2695 5952 5953 5954
2695 2696
2696 2697 5957
2697 2698
2698 2699 5958
2699 2700
2700 2701
2701 2702
2702 2703
2703 2704 5960 5962
2704 2705
2705 2706
2706 2707 5963
2707 2708
2708 2709
2709 2710
2710 2711
2711 2712
2712 2713
2713 2714 5964 5965
2714 2715 5966
2715 2716
2716 2717 5967 5968 5969 5970
2717 2718 5971 5972
2718 2719
2719 2720 5973 5976 5978 5979
2720 2721
2721 2722
2722 2723 5980
2723 2724
2724 2725
2725 2726 5981
2726 2727
2727 2728
2728 2729
2729 2730 5982 5983 5985
2730 2731 5986 5987
2731 2732
2732 2733 5989 5991 5992
2733 2734 5993
2734 2735
2735 2736
2736 2737
2737 2738
2738 2739 5995
2739 2740
2740 2741
2741 2742 5998 5999 6000
2742 2743
2743 2744 6002
2744 2745 6003 6005
2745 2746 6006
2746 2747
2747 2748
2748 2749 6009
2749 2750
2750 2751
2751 2752 6010
2752 2753
2753 2754
2754 2755
2755 2756
2756 2757 6011
2757 2758 6012
2758 2759
2759 2760 6013 6014
2760 2761
2761 2762
2762 2763
2763 2764 6015
2764 2765 6016 6017 6020
2765 2766
2766 2767
2767 2768 6021
2768 2769
2769 2770
2770 2771
2771 2772 6022
2772 2773
2773 2774 6023
2774 2775
2775 2776
2776 2777 6024 6026
2777 2778
2778 2779 6027 6028
2779 2780
2780 2781 6029 6030
2781 2782
2782 2783
2783 2784 6031
2784 2785
2785 2786
2786 2787
2787 2788 6033 6034 6035 6036
2788 2789 6037 6038 6039
2789 2790
2790 2791
2791 2792 6040 6041
2792 2793
2793 2794
2794 2795
2795 2796 6044
2796 2797 6045
2797 2798
2798 2799
2799 2800
2800 2801
2801 2802
2802 2803 6046
2803 2804 6048
2804 2805 6050
2805 2806
2806 2807
2807 2808 6051
2808 2809
2809 2810
2810 2811
2811 2812 6052 6053
2812 2813 6055
2813 2814
2814 2815 6056
2815 2816
2816 2817 6057 6058 6060 6062
2817 2818 6063 6064
2818 2819 6065 6066
2819 2820 6067 6068
2820 2821
2821 2822 6070 6071
2822 2823 6072
2823 2824 6074
2824 2825
2825 2826 6075 6077
2826 2827 6079 6085 6087
2827 2828
2828 2829
2829 2830
2830 2831 6088
2831 2832
2832 2833 6089
2833 2834
2834 2835
2835 2836
2836 2837 6091 6092
2837 2838
2838 2839
2839 2840
2840 2841
2841 2842 6093
2842 2843
2843 2844 6095
2844 2845
2845 2846 6096 6097
2846 2847 6098 6100
2847 2848 6102
2848 2849 6103 6105
2849 2850
2850 2851
2851 2852
2852 2853
2853 2854
2854 2855
2855 2856
2856 2857
2857 2858
2858 2859 6106 6107
2859 2860
2860 2861 6108
2861 2862
2862 2863
2863 2864 6110 6111
2864 2865 6114
2865 2866
2866 2867 6115 6116
2867 2868 6118 6120
2868 2869 6121 6122 6123
2869 2870 6124 6125
2870 2871
2871 2872
2872 2873 6126
2873 2874
2874 2875
2875 2876 6127
2876 2877
2877 2878 6128 6129 6130
2878 2879 6131
2879 2880
2880 2881 6132 6133
2881 2882
2882 2883
2883 2884 6134 6135
2884 2885
2885 2886
2886 2887 6136 6138 6139
2887 2888 6140
2888 2889
2889 2890 6141 6143
2890 2891
2891 2892
2892 2893
2893 2894
2894 2895 6144
2895 2896
2896 2897 6145 6146
2897 2898
2898 2899
2899 2900
2900 2901
2901 2902
2902 2903 6147 6149 6151 6152 6154
2903 2904 6155
2904 2905
2905 2906
2906 2907
2907 2908 6158
2908 2909
2909 2910 6159 6160 6161
2910 2911 6162 6163 6164
2911 2912
2912 2913
2913 2914
2914 2915 6166 6167 6168 6169
2915 2916 6172 6175
2916 2917
2917 2918 6176
2918 2919
2919 2920
2920 2921
2921 2922 6177 6178 6179
2922 2923 6180
2923 2924
2924 2925 6181
2925 2926
2926 2927 6182 6184 6189
2927 2928 6190
2928 2929
2929 2930 6191
2930 2931
2931 2932 6192
2932 2933
2933 2934 6193
2934 2935 6195
2935 2936
2936 2937 6196 6197
2937 2938
2938 2939
2939 2940
2940 2941 6198
2941 2942
2942 2943
2943 2944 6199
2944 2945
2945 2946 6200
2946 2947 6201
2947 2948
2948 2949 6204 6205
2949 2950
2950 2951 6206
2951 2952
2952 2953
2953 2954
2954 2955 6207
2955 2956
2956 2957
2957 2958 6209
2958 2959
2959 2960 6210 6211 6212
2960 2961
2961 2962 6214
2962 2963 6215 6218
2963 2964
2964 2965
2965 2966
2966 2967
2967 2968 6219 6220 6221 6223
2968 2969 6225
2969 2970
2970 2971
2971 2972
2972 2973 6226
2973 2974
2974 2975 6227
2975 2976
2976 2977
2977 2978 6229
2978 2979
2979 2980
2980 2981
2981 2982
2982 2983
2983 2984
2984 2985 6230
2985 2986 6231
2986 2987 6233
2987 2988 6234 6235 6236
2988 2989 6237
2989 2990 6238
2990 2991 6239
2991 2992
2992 2993 6242
2993 2994 6243
2994 2995
2995 2996
2996 2997
2997 2998 6244
2998 2999
2999 3000
3000 3001 6247
3001 3002 6249 6250 6251 6253 6254
3002 3003
3003 3004 6255 6256 6257 6258
3004 3005 6259 6261 6262
3005 3006 6265 6266 6267 6268 6269
3006 3007
3007 3008
3008 3009 6270
3009 3010 6271
3010 3011 6272
3011 3012
3012 3013 6273 6274 6275 6278
3013 3014
3014 3015 6279 6280
3015 3016
3016 3017
3017 3018
3018 3019
3019 3020 6282
3020 3021
3021 3022 6284 6285 6286 6288
3022 3023 6290
3023 3024
3024 3025
3025 3026
3026 3027
3027 3028
3028 3029
3029 3030
3030 3031 6291
3031 3032
3032 3033
3033 3034
3034 3035 6292
3035 3036
3036 3037 6293
3037 3038
3038 3039
3039 3040
3040 3041
3041 3042 6294
3042 3043
3043 3044
3044 3045 6295
3045 3046 6296
3046 3047
3047 3048 6297 6298
3048 3049 6300
3049 3050
3050 3051
3051 3052 6302
3052 3053
3053 3054 6304
3054 3055
3055 3056 6306
3056 3057
3057 3058
3058 3059
3059 3060
3060 3061
3061 3062
3062 3063 6307
3063 3064
3064 3065 6309
3065 3066 6310 6311
3066 3067 6313
3067 3068
3068 3069
3069 3070 6315
3070 3071
3071 3072
3072 3073
3073 3074
3074 3075
3075 3076 6316
3076 3077
3077 3078
3078 3079
3079 3080
3080 3081 6318
3081 3082
3082 3083 6319
3083 3084
3084 3085 6320 6322
3085 3086
3086 3087
3087 3088 6324 6325
3088 3089
3089 3090 6327
3090 3091
3091 3092
3092 3093 6328
3093 3094
3094 3095
3095 3096
3096 3097 6329 6330
3097 3098
3098 3099
3099 3100
3100 3101
3101 3102 6331
3102 3103 6332 6334
3103 3104
3104 3105
3105 3106
3106 3107
3107 3108 6336
3108 3109
3109 3110
3110 3111
3111 3112
3112 3113
3113 3114
3114 3115 6337
3115 3116
3116 3117 6339 6340
3117 3118
3118 3119
3119 3120
3120 3121
3121 3122 6342
3122 3123 6343
3123 3124
3124 3125 6346
3125 3126 6347
3126 3127 6348 6349 6350
3127 3128
3128 3129 6351 6352 6353
3129 3130
3130 3131
3131 3132
3132 3133
3133 3134
3134 3135 6354
3135 3136
3136 3137
3137 3138
3138 3139
3139 3140 6355
3140 3141
3141 3142 6356
3142 3143
3143 3144
3144 3145
3145 3146
3146 3147 6357
3147 3148
3148 3149 6359
3149 3150
3150 3151 6360
3151 3152 6361 6363
3152 3153
3153 3154
3154 3155 6365
3155 3156 6366 6367
3156 3157 6368 6369
3157 3158
3158 3159 6370
3159 3160
3160 3161
3161 3162
3162 3163 6373
3163 3164
3164 3165
3165 3166
3166 3167
3167 3168
3168 3169 6374
3169 3170
3170 3171 6375
3171 3172 6376 6377
3172 3173 6378 6379
3173 3174 6380 6382
3174 3175
3175 3176 6383 6384 6385 6386
3176 3177
3177 3178
3178 3179 6387
3179 3180
3180 3181
3181 3182
3182 3183 6390 6391
3183 3184 6393 6394
3184 3185
3185 3186 6395
3186 3187
3187 3188
3188 3189
3189 3190
3190 3191
3191 3192
3192 3193
3193 3194 6396 6398 6399
3194 3195 6402
3195 3196
3196 3197 6404
3197 3198 6405
3198 3199
3199 3200
3200 3201
3201 3202
3202 3203
3203 3204 6406
3204 3205
3205 3206 6407
3206 3207 6409
3207 3208 6413
3208 3209
3209 3210 6416
3210 3211 6418 6420 6421
3211 3212 6422 6423
3212 3213
3213 3214 6426
3214 3215 6427
3215 3216
3216 3217
3217 3218
3218 3219
3219 3220
3220 3221
3221 3222
3222 3223 6429
3223 3224 6430
3224 3225
3225 3226
3226 3227 6431
3227 3228
3228 3229 6434
3229 3230
3230 3231
3231 3232
3232 3233 6437 6438
3233 3234 6439
3234 3235 6441 6443 6444
3235 3236
3236 3237 6445 6446
3237 3238
3238 3239
3239 3240 6447
3240 3241 6448
3241 3242
3242 3243
3243 3244 6450 6451
3244 3245 6452
3245 3246
3246 3247
3247 3248 6453
3248 3249 6454 6455
3249 3250
3250 3251 6457
3251 3252
3252 3253 6459 6460
3253 3254 6461
3254 3255 6462
3255 3256
3256 3257
3257 3258
3258 3259 6463
3259 3260
3260 3261 6464
3261 3262 6465 6466 6467 6468 6469 6470
3262 3263 6471
3263 3264
3264 3265 6472
3265 3266
3266 3267 6474 6475
3267 3268 6476
3268 3269 6477 6479
3269 3270
3270 3271 6480
3271 3272 6481
3272 3273
3273 3274 6483
3274 3275
3275 3276
3276 3277
3277 3278 6484
3278 3279
3279 3280
3280 3281 6485
3281 3282
3282 3283
3283 3284
3284 3285
3285 3286 6486 6487 6488 6489
3286 3287 6490 6494
3287 3288 6495 6497 6498 6499
3288 3289
3289 3290
3290 3291
3291 3292
3292 3293
3293 3294
3294 3295
3295 3296
3296 3297
3297 3298 6500
3298 3299 6501 6502 6503
3299 3300
3300 3301
3301 3302 6505
3302 3303
3303 3304
3304 3305
3305 3306 6506 6507
3306 3307
3307 3308
3308 3309 6508 6510 6512
3309 3310 6513
3310 3311 6514
3311 3312
3312 3313
3313 3314 6516
3314 6517
3315 3316
3316
3317
3318
3319 3320 3321
3320
3321
3322
3323
3324
3325
3326
3327
3328
3329
3330
3331
3332 3333
3333
3334 3335
3335
3336
3337
3338
3339
3340
3341 3342 3343 3344 3345
3342
3343
3344
3345
3346
3347
3348
3349 3350
3350
3351
3352 3353
3353
3354
3355
3356
3357
3358
3359 3360
3360
3361
3362
3363
3364 3365 3366 3367 3368
3365
3366
3367
3368
3369
3370
3371 3372
3372
3373 3374
3374
3375 3376 3377
3376
3377
3378
3379
3380
3381 3382
3382
3383
3384 3385 3386
3385
3386
3387 3388 3389
3388
3389
3390 3391 3392
3391
3392
3393
3394 3395
3395
3396 3397 3398
3397
3398
3399
3400
3401
3402 3403
3403
3404
3405
3406
3407 3408
3408
3409 3410
3410
3411
3412
3413
3414
3415
3416 3417 3418
3417
3418
3419 3420
3420
3421
3422
3423
3424
3425 3426
3426
3427
3428
3429
3430 3431 3432
3431
3432
3433
3434
3435
3436
3437
3438
3439
3440 3441
3441
3442
3443 3444
3444
3445
3446
3447 3448
3448
3449
3450
3451
3452
3453 3454
3454
3455
3456 3457
3457
3458 3459 3460
3459
3460
3461
3462 3463 3464
3463
3464
3465
3466
3467
3468
3469
3470
3471
3472
3473
3474 3475
3475
3476 3477
3477
3478
3479
3480
3481
3482
3483
3484
3485
3486 3487 3488 3489
3487
3488
3489
3490
3491
3492
3493
3494 3495
3495
3496 3497
3497
3498
3499 3500
3500
3501 3502
3502
3503
3504 3505 3506
3505
3506
3507
3508
3509
3510 3511
3511
3512
3513 3514
3514
3515 3516
3516
3517 3518
3518
3519
3520
3521
3522
3523 3524
3524
3525
3526 3527
3527
3528 3529
3529
3530
3531
3532
3533
3534 3535
3535
3536 3537
3537
3538
3539
3540
3541
3542
3543 3544 3545
3544
3545
3546
3547
3548
3549
3550 3551 3552 3553
3551
3552
3553
3554
3555
3556 3557
3557
3558 3559
3559
3560
3561
3562 3563 3564 3565
3563
3564
3565
3566 3567
3567
3568
3569
3570
3571 3572
3572
3573 3574
3574
3575 3576 3577
3576
3577
3578 3579
3579
3580 3581
3581
3582 3583
3583
3584
3585
3586 3587 3588
3587
3588
3589 3590
3590
3591
3592
3593
3594
3595
3596
3597
3598
3599 3600
3600
3601 3602
3602
3603
3604 3605
3605
3606
3607 3608 3609 3610
3608
3609
3610
3611 3612
3612
3613 3614 3615
3614
3615
3616
3617
3618
3619
3620
3621
3622
3623 3624
3624
3625
3626
3627
3628
3629 3630
3630
3631
3632
3633 3634 3635
3634
3635
3636 3637
3637
3638
3639 3640
3640
3641
3642
3643
3644 3645 3646 3647
3645
3646
3647
3648
3649
3650 3651
3651
3652
3653
3654 3655
3655
3656 3657
3657
3658
3659 3660 3661
3660
3661
3662 3663
3663
3664
3665
3666
3667
3668
3669
3670
3671
3672
3673
3674 3675
3675
3676
3677 3678
3678
3679 3680
3680
3681
3682
3683
3684
3685 3686
3686
3687
3688
3689 3690
3690
3691
3692
3693
3694
3695
3696
3697
3698
3699
3700
3701 3702
3702
3703
3704
3705
3706 3707
3707
3708
3709
3710
3711
3712
3713
3714 3715
3715
3716
3717
3718
3719
3720
3721
3722
3723
3724
3725 3726
3726
3727 3728 3729
3728
3729
3730
3731
3732
3733
3734
3735 3736 3737 3738
3736
3737
3738
3739
3740
3741
3742 3743
3743
3744
3745
3746
3747 3748
3748
3749
3750
3751
3752 3753 3754
3753
3754
3755
3756
3757 3758
3758
3759 3760
3760
3761
3762
3763
3764
3765 3766
3766
3767
3768
3769
3770 3771 3772
3771
3772
3773
3774
3775
3776
3777
3778
3779 3780
3780
3781 3782
3782
3783
3784
3785
3786
3787 3788
3788
3789 3790
3790
3791 3792
3792
3793 3794 3795
3794
3795
3796 3797 3798
3797
3798
3799
3800
3801 3802
3802
3803
3804 3805
3805
3806
3807
3808
3809
3810 3811
3811
3812 3813 3814
3813
3814
3815 3816
3816
3817
3818
3819
3820 3821
3821
3822
3823
3824
3825
3826 3827 3828
3827
3828
3829
3830
3831 3832
3832
3833 3834
3834
3835
3836
3837
3838
3839
3840 3841
3841
3842
3843
3844
3845
3846
3847
3848
3849 3850 3851
3850
3851
3852 3853
3853
3854
3855
3856 3857
3857
3858
3859
3860 3861 3862
3861
3862
3863
3864
3865
3866
3867
3868 3869
3869
3870
3871 3872
3872
3873
3874 3875
3875
3876
3877 3878
3878
3879
3880 3881
3881
3882 3883
3883
3884
3885
3886
3887
3888
3889
3890
3891 3892 3893 3894
3892
3893
3894
3895
3896 3897
3897
3898
3899
3900
3901 3902 3903
3902
3903
3904
3905
3906 3907
3907
3908
3909
3910
3911
3912
3913
3914 3915 3916
3915
3916
3917
3918
3919
3920
3921
3922
3923
3924 3925
3925
3926
3927
3928
3929 3930
3930
3931
3932
3933
3934
3935
3936
3937
3938
3939
3940 3941
3941
3942
3943
3944 3945
3945
3946 3947
3947
3948 3949
3949
3950
3951
3952
3953
3954
3955
3956
3957 3958 3959
3958
3959
3960
3961
3962
3963
3964
3965
3966 3967 3968
3967
3968
3969
3970
3971 3972 3973 3974 3975 3976 3977
3972
3973
3974
3975
3976
3977
3978 3979 3980
3979
3980
3981 3982
3982
3983
3984 3985 3986
3985
3986
3987
3988
3989
3990
3991
3992
3993
3994 3995
3995
3996
3997 3998 3999 4000 4001 4002 4003
3998
3999
4000
4001
4002
4003
4004 4005 4006
4005
4006
4007
4008
4009
4010 4011
4011
4012
4013 4014
4014
4015
4016 4017
4017
4018 4019
4019
4020
4021 4022
4022
4023
4024
4025
4026
4027
4028
4029
4030
4031
4032
4033
4034
4035
4036
4037 4038 4039 4040
4038
4039
4040
4041
4042
4043 4044
4044
4045
4046
4047
4048
4049 4050
4050
4051
4052
4053
4054
4055
4056
4057
4058
4059 4060
4060
4061
4062 4063
4063
4064
4065
4066
4067
4068
4069
4070 4071 4072
4071
4072
4073
4074
4075
4076
4077
4078
4079 4080
4080
4081
4082
4083
4084
4085
4086
4087
4088 4089
4089
4090
4091
4092 4093
4093
4094
4095
4096
4097
4098
4099 4100
4100
4101
4102 4103
4103
4104
4105
4106
4107 4108
4108
4109
4110
4111 4112
4112
4113
4114 4115
4115
4116
4117 4118 4119
4118
4119
4120
4121 4122
4122
4123 4124
4124
4125
4126
4127
4128
4129
4130
4131
4132 4133
4133
4134
4135
4136
4137
4138
4139
4140 4141
4141
4142 4143
4143
4144 4145
4145
4146
4147 4148 4149
4148
4149
4150
4151 4152 4153
4152
4153
4154
4155 4156
4156
4157
4158
4159
4160
4161
4162
4163
4164
4165
4166
4167
4168 4169
4169
4170 4171
4171
4172
4173
4174
4175
4176
4177 4178 4179
4178
4179
4180
4181
4182
4183
4184
4185
4186
4187 4188
4188
4189 4190
4190
4191 4192
4192
4193
4194
4195 4196
4196
4197 4198
4198
4199 4200
4200
4201
4202
4203
4204
4205
4206
4207
4208
4209
4210
4211
4212 4213
4213
4214
4215
4216 4217
4217
4218
4219
4220 4221 4222
4221
4222
4223
4224
4225
4226
4227
4228
4229
4230
4231
4232
4233
4234 4235
4235
4236
4237 4238
4238
4239 4240
4240
4241 4242
4242
4243
4244
4245
4246
4247 4248 4249
4248
4249
4250
4251
4252
4253
4254
4255
4256
4257
4258
4259
4260
4261
4262
4263 4264
4264
4265
4266 4267
4267
4268
4269 4270
4270
4271
4272
4273 4274 4275
4274
4275
4276
4277
4278 4279
4279
4280
4281
4282
4283
4284
4285
4286
4287
4288
4289
4290
4291 4292
4292
4293
4294
4295
4296
4297
4298
4299
4300
4301
4302
4303
4304
4305
4306
4307
4308 4309
4309
4310
4311 4312
4312
4313 4314
4314
4315 4316
4316
4317
4318
4319 4320
4320
4321
4322
4323
4324 4325
4325
4326
4327
4328
4329
4330
4331 4332
4332
4333 4334
4334
4335
4336
4337
4338
4339
4340 4341
4341
4342
4343
4344
4345
4346
4347
4348 4349
4349
4350 4351 4352
4351
4352
4353
4354 4355 4356
4355
4356
4357
4358
4359 4360
4360
4361
4362
4363
4364
4365 4366 4367
4366
4367
4368 4369
4369
4370
4371
4372
4373 4374
4374
4375
4376 4377
4377
4378
4379
4380
4381 4382
4382
4383
4384 4385
4385
4386
4387
4388
4389
4390
4391
4392
4393 4394 4395
4394
4395
4396
4397
4398
4399
4400 4401
4401
4402 4403 4404 4405
4403
4404
4405
4406
4407
4408 4409
4409
4410
4411
4412 4413 4414 4415 4416
4413
4414
4415
4416
4417
4418
4419
4420 4421 4422 4423
4421
4422
4423
4424 4425 4426
4425
4426
4427 4428
4428
4429
4430
4431 4432
4432
4433
4434 4435
4435
4436
4437
4438
4439
4440
4441
4442
4443
4444 4445
4445
4446
4447
4448 4449 4450 4451 4452
4449
4450
4451
4452
4453
4454 4455 4456
4455
4456
4457 4458 4459 4460
4458
4459
4460
4461
4462
4463
4464 4465
4465
4466 4467
4467
4468
4469
4470 4471
4471
4472
4473
4474
4475
4476
4477
4478
4479 4480
4480
4481 4482
4482
4483 4484
4484
4485
4486
4487
4488
4489 4490
4490
4491
4492 4493
4493
4494
4495
4496 4497
4497
4498 4499
4499
4500
4501
4502
4503
4504
4505
4506 4507
4507
4508
4509 4510
4510
4511
4512 4513 4514 4515
4513
4514
4515
4516
4517
4518 4519
4519
4520
4521 4522 4523
4522
4523
4524 4525
4525
4526
4527
4528 4529
4529
4530
4531 4532
4532
4533
4534 4535
4535
4536
4537
4538
4539 4540
4540
4541
4542 4543
4543
4544
4545 4546
4546
4547
4548
4549 4550
4550
4551
4552
4553
4554
4555
4556
4557
4558
4559
4560
4561 4562 4563
4562
4563
4564
4565
4566
4567
4568 4569
4569
4570
4571
4572
4573
4574
4575
4576
4577
4578
4579 4580
4580
4581
4582 4583
4583
4584
4585 4586
4586
4587
4588
4589
4590 4591
4591
4592
4593
4594
4595
4596 4597
4597
4598
4599
4600
4601
4602
4603
4604
4605
4606
4607 4608
4608
4609
4610
4611 4612
4612
4613 4614
4614
4615
4616 4617
4617
4618
4619
4620
4621 4622 4623
4622
4623
4624
4625
4626
4627
4628
4629
4630 4631
4631
4632
4633
4634 4635
4635
4636 4637
4637
4638
4639 4640 4641
4640
4641
4642
4643
4644
4645
4646 4647 4648
4647
4648
4649
4650
4651 4652
4652
4653
4654
4655
4656
4657
4658
4659
4660
4661 4662
4662
4663
4664
4665
4666
4667
4668
4669 4670
4670
4671
4672
4673
4674
4675
4676
4677 4678 4679
4678
4679
4680
4681
4682
4683 4684
4684
4685
4686
4687 4688
4688
4689 4690
4690
4691
4692
4693
4694
4695 4696
4696
4697 4698
4698
4699
4700
4701
4702
4703
4704
4705 4706 4707
4706
4707
4708 4709
4709
4710
4711
4712
4713
4714
4715 4716
4716
4717
4718
4719
4720
4721
4722 4723
4723
4724
4725 4726
4726
4727
4728
4729
4730
4731
4732 4733 4734
4733
4734
4735
4736 4737
4737
4738
4739
4740
4741
4742
4743 4744
4744
4745 4746
4746
4747 4748
4748
4749
4750
4751
4752
4753
4754
4755
4756
4757
4758 4759 4760
4759
4760
4761
4762 4763
4763
4764
4765
4766
4767
4768 4769
4769
4770
4771
4772
4773
4774
4775 4776
4776
4777
4778
4779 4780
4780
4781
4782
4783
4784
4785 4786
4786
4787
4788
4789
4790
4791
4792 4793
4793
4794
4795
4796
4797
4798
4799
4800 4801
4801
4802
4803
4804 4805
4805
4806
4807
4808
4809
4810
4811 4812
4812
4813
4814
4815
4816 4817
4817
4818 4819 4820
4819
4820
4821 4822
4822
4823
4824 4825 4826 4827
4825
4826
4827
4828
4829
4830 4831
4831
4832
4833 4834
4834
4835
4836
4837
4838
4839
4840
4841 4842
4842
4843 4844
4844
4845
4846
4847
4848 4849
4849
4850
4851 4852 4853
4852
4853
4854
4855
4856
4857
4858
4859
4860 4861
4861
4862 4863 4864 4865 4866
4863
4864
4865
4866
4867
4868 4869 4870 4871
4869
4870
4871
4872
4873
4874 4875
4875
4876
4877 4878
4878
4879
4880
4881
4882 4883 4884
4883
4884
4885 4886
4886
4887
4888
4889
4890
4891 4892 4893
4892
4893
4894 4895
4895
4896
4897
4898
4899
4900
4901 4902 4903
4902
4903
4904
4905
4906 4907
4907
4908
4909
4910 4911
4911
4912
4913
4914
4915
4916 4917
4917
4918 4919
4919
4920 4921
4921
4922
4923
4924
4925 4926
4926
4927
4928 4929 4930
4929
4930
4931
4932
4933
4934
4935
4936
4937 4938
4938
4939
4940
4941
4942
4943
4944
4945 4946
4946
4947
4948
4949
4950 4951
4951
4952
4953
4954
4955
4956 4957
4957
4958
4959
4960
4961
4962
4963
4964 4965 4966
4965
4966
4967
4968
4969
4970
4971
4972
4973 4974 4975 4976
4974
4975
4976
4977
4978
4979
4980 4981
4981
4982
4983 4984
4984
4985 4986
4986
4987 4988 4989 4990
4988
4989
4990
4991
4992
4993
4994 4995
4995
4996
4997
4998 4999
4999
5000 5001
5001
5002
5003
5004
5005
5006
5007 5008 5009 5010 5011
5008
5009
5010
5011
5012 5013
5013
5014 5015
5015
5016
5017 5018
5018
5019
5020 5021
5021
5022
5023 5024
5024
5025 5026
5026
5027 5028
5028
5029
5030
5031 5032
5032
5033
5034 5035
5035
5036 5037
5037
5038
5039
5040 5041 5042 5043
5041
5042
5043
5044 5045
5045
5046
5047
5048
5049 5050
5050
5051
5052 5053
5053
5054 5055
5055
5056
5057
5058 5059
5059
5060
5061
5062
5063
5064
5065
5066 5067
5067
5068 5069
5069
5070 5071
5071
5072
5073 5074 5075
5074
5075
5076
5077
5078 5079
5079
5080 5081
5081
5082
5083 5084 5085
5084
5085
5086
5087 5088 5089
5088
5089
5090
5091
5092 5093 5094
5093
5094
5095
5096
5097
5098
5099
5100
5101 5102 5103 5104
5102
5103
5104
5105
5106 5107
5107
5108 5109 5110 5111
5109
5110
5111
5112 5113 5114 5115
5113
5114
5115
5116
5117
5118
5119
5120
5121 5122
5122
5123
5124
5125 5126
5126
5127
5128
5129
5130
5131
5132
5133
5134 5135
5135
5136
5137
5138 5139
5139
5140
5141
5142
5143
5144
5145
5146 5147
5147
5148 5149 5150
5149
5150
5151 5152
5152
5153 5154
5154
5155
5156
5157
5158 5159 5160 5161
5159
5160
5161
5162
5163
5164
5165
5166
5167
5168
5169 5170
5170
5171
5172
5173
5174
5175
5176
5177
5178
5179 5180
5180
5181 5182
5182
5183 5184
5184
5185
5186
5187
5188
5189
5190 5191 5192 5193 5194 5195
5191
5192
5193
5194
5195
5196
5197 5198
5198
5199
5200
5201
5202
5203 5204
5204
5205
5206
5207 5208
5208
5209 5210 5211
5210
5211
5212
5213
5214 5215
5215
5216 5217
5217
5218
5219
5220 5221 5222
5221
5222
5223
5224
5225
5226
5227
5228 5229 5230
5229
5230
5231 5232
5232
5233
5234
5235 5236
5236
5237
5238 5239 5240 5241 5242
5239
5240
5241
5242
5243 5244 5245 5246 5247
5244
5245
5246
5247
5248 5249
5249
5250 5251 5252
5251
5252
5253
5254 5255 5256
5255
5256
5257
5258 5259
5259
5260 5261
5261
5262 5263 5264
5263
5264
5265
5266
5267
5268 5269 5270 5271
5269
5270
5271
5272
5273 5274 5275 5276
5274
5275
5276
5277
5278
5279
5280
5281
5282
5283
5284
5285 5286
5286
5287 5288
5288
5289 5290
5290
5291
5292
5293
5294
5295
5296 5297
5297
5298 5299
5299
5300
5301 5302
5302
5303
5304
5305
5306
5307
5308
5309 5310
5310
5311 5312
5312
5313
5314
5315 5316
5316
5317
5318 5319
5319
5320 5321
5321
5322 5323 5324
5323
5324
5325
5326
5327 5328
5328
5329
5330 5331
5331
5332
5333
5334 5335
5335
5336
5337 5338 5339
5338
5339
5340
5341 5342
5342
5343
5344 5345
5345
5346
5347 5348
5348
5349 5350 5351
5350
5351
5352
5353
5354 5355 5356
5355
5356
5357
5358 5359
5359
5360
5361
5362
5363 5364
5364
5365
5366
5367
5368
5369 5370
5370
5371
5372
5373
5374
5375 5376 5377
5376
5377
5378 5379
5379
5380
5381 5382 5383
5382
5383
5384
5385
5386
5387
5388
5389
5390
5391
5392 5393
5393
5394
5395
5396
5397
5398
5399
5400 5401
5401
5402
5403
5404
5405
5406
5407 5408
5408
5409 5410
5410
5411
5412
5413
5414
5415
5416 5417
5417
5418 5419
5419
5420
5421
5422 5423
5423
5424
5425 5426 5427 5428
5426
5427
5428
5429
5430
5431 5432 5433
5432
5433
5434
5435 5436 5437
5436
5437
5438
5439
5440 5441
5441
5442
5443
5444
5445
5446
5447
5448
5449 5450
5450
5451
5452 5453
5453
5454
5455 5456 5457
5456
5457
5458
5459
5460
5461
5462 5463
5463
5464
5465
5466
5467
5468
5469
5470 5471
5471
5472 5473 5474
5473
5474
5475
5476
5477
5478
5479
5480
5481
5482
5483
5484
5485 5486 5487
5486
5487
5488
5489 5490
5490
5491
5492
5493
5494
5495
5496
5497
5498
5499
5500
5501
5502
5503
5504
5505
5506
5507
5508
5509
5510
5511
5512
5513 5514
5514
5515
5516
5517 5518
5518
5519 5520
5520
5521 5522
5522
5523 5524 5525
5524
5525
5526
5527
5528 5529 5530 5531
5529
5530
5531
5532
5533
5534 5535
5535
5536 5537
5537
5538
5539
5540
5541
5542
5543
5544 5545
5545
5546
5547 5548
5548
5549
5550
5551
5552
5553
5554
5555
5556
5557
5558 5559
5559
5560 5561
5561
5562
5563 5564 5565 5566
5564
5565
5566
5567
5568
5569 5570
5570
5571
5572 5573
5573
5574 5575
5575
5576
5577 5578 5579 5580
5578
5579
5580
5581
5582
5583 5584 5585 5586 5587
5584
5585
5586
5587
5588
5589
5590
5591 5592
5592
5593
5594
5595 5596
5596
5597
5598
5599
5600
5601
5602 5603 5604
5603
5604
5605 5606
5606
5607
5608
5609
5610
5611 5612
5612
5613 5614
5614
5615
5616
5617
5618
5619
5620 5621 5622 5623
5621
5622
5623
5624 5625
5625
5626 5627
5627
5628
5629
5630 5631
5631
5632
5633 5634
5634
5635
5636
5637
5638
5639
5640
5641 5642
5642
5643
5644
5645
5646
5647
5648
5649
5650
5651
5652 5653
5653
5654
5655
5656 5657
5657
5658
5659 5660 5661
5660
5661
5662 5663
5663
5664
5665
5666
5667
5668
5669
5670
5671
5672
5673
5674
5675 5676 5677
5676
5677
5678 5679
5679
5680
5681 5682 5683
5682
5683
5684
5685
5686
5687
5688 5689
5689
5690
5691
5692
5693
5694
5695
5696
5697 5698
5698
5699
5700
5701 5702
5702
5703
5704 5705
5705
5706 5707
5707
5708 5709
5709
5710 5711 5712 5713
5711
5712
5713
5714
5715
5716
5717
5718
5719 5720 5721
5720
5721
5722
5723
5724
5725
5726
5727 5728
5728
5729
5730
5731
5732
5733 5734
5734
5735
5736 5737 5738
5737
5738
5739
5740
5741
5742 5743
5743
5744
5745
5746
5747
5748
5749
5750
5751
5752
5753
5754 5755
5755
5756 5757
5757
5758 5759
5759
5760
5761 5762
5762
5763 5764
5764
5765
5766 5767
5767
5768
5769
5770 5771 5772
5771
5772
5773 5774 5775
5774
5775
5776 5777
5777
5778
5779
5780
5781
5782 5783
5783
5784
5785 5786
5786
5787
5788
5789
5790 5791
5791
5792
5793 5794 5795
5794
5795
5796 5797 5798
5797
5798
5799
5800
5801
5802 5803
5803
5804
5805
5806
5807 5808
5808
5809
5810
5811 5812 5813
5812
5813
5814
5815
5816
5817 5818
5818
5819 5820
5820
5821
5822
5823
5824 5825
5825
5826
5827
5828 5829
5829
5830
5831
5832
5833 5834
5834
5835 5836
5836
5837 5838
5838
5839 5840 5841
5840
5841
5842
5843
5844
5845
5846
5847
5848
5849
5850
5851 5852 5853 5854
5852
5853
5854
5855 5856 5857
5856
5857
5858
5859
5860
5861
5862
5863
5864
5865 5866
5866
5867
5868
5869
5870 5871 5872
5871
5872
5873 5874
5874
5875
5876 5877
5877
5878
5879 5880
5880
5881 5882
5882
5883
5884 5885 5886 5887
5885
5886
5887
5888 5889
5889
5890
5891
5892
5893
5894
5895
5896 5897
5897
5898 5899
5899
5900
5901
5902
5903 5904
5904
5905
5906 5907
5907
5908
5909
5910 5911
5911
5912
5913
5914
5915
5916 5917
5917
5918 5919
5919
5920
5921
5922 5923
5923
5924
5925
5926
5927 5928
5928
5929 5930
5930
5931 5932
5932
5933 5934 5935
5934
5935
5936 5937
5937
5938
5939 5940
5940
5941
5942
5943
5944
5945
5946 5947
5947
5948
5949
5950 5951
5951
5952
5953
5954 5955 5956
5955
5956
5957
5958 5959
5959
5960 5961
5961
5962
5963
5964
5965
5966
5967
5968
5969
5970
5971
5972
5973 5974 5975
5974
5975
5976 5977
5977
5978
5979
5980
5981
5982
5983 5984
5984
5985
5986
5987 5988
5988
5989 5990
5990
5991
5992
5993 5994
5994
5995 5996 5997
5996
5997
5998
5999
6000 6001
6001
6002
6003 6004
6004
6005
6006 6007 6008
6007
6008
6009
6010
6011
6012
6013
6014
6015
6016
6017 6018 6019
6018
6019
6020
6021
6022
6023
6024 6025
6025
6026
6027
6028
6029
6030
6031 6032
6032
6033
6034
6035
6036
6037
6038
6039
6040
6041 6042 6043
6042
6043
6044
6045
6046 6047
6047
6048 6049
6049
6050
6051
6052
6053 6054
6054
6055
6056
6057
6058 6059
6059
6060 6061
6061
6062
6063
6064
6065
6066
6067
6068 6069
6069
6070
6071
6072 6073
6073
6074
6075 6076
6076
6077 6078
6078
6079 6080 6081 6082 6083 6084
6080
6081
6082
6083
6084
6085 6086
6086
6087
6088
6089 6090
6090
6091
6092
6093 6094
6094
6095
6096
6097
6098 6099
6099
6100 6101
6101
6102
6103 6104
6104
6105
6106
6107
6108 6109
6109
6110
6111 6112 6113
6112
6113
6114
6115
6116 6117
6117
6118 6119
6119
6120
6121
6122
6123
6124
6125
6126
6127
6128
6129
6130
6131
6132
6133
6134
6135
6136 6137
6137
6138
6139
6140
6141 6142
6142
6143
6144
6145
6146
6147 6148
6148
6149 6150
6150
6151
6152 6153
6153
6154
6155 6156 6157
6156
6157
6158
6159
6160
6161
6162
6163
6164 6165
6165
6166
6167
6168
6169 6170 6171
6170
6171
6172 6173 6174
6173
6174
6175
6176
6177
6178
6179
6180
6181
6182 6183
6183
6184 6185 6186 6187 6188
6185
6186
6187
6188
6189
6190
6191
6192
6193 6194
6194
6195
6196
6197
6198
6199
6200
6201 6202 6203
6202
6203
6204
6205
6206
6207 6208
6208
6209
6210
6211
6212 6213
6213
6214
6215 6216 6217
6216
6217
6218
6219
6220
6221 6222
6222
6223 6224
6224
6225
6226
6227 6228
6228
6229
6230
6231 6232
6232
6233
6234
6235
6236
6237
6238
6239 6240 6241
6240
6241
6242
6243
6244 6245 6246
6245
6246
6247 6248
6248
6249
6250
6251 6252
6252
6253
6254
6255
6256
6257
6258
6259 6260
6260
6261
6262 6263 6264
6263
6264
6265
6266
6267
6268
6269
6270
6271
6272
6273
6274
6275 6276 6277
6276
6277
6278
6279
6280 6281
6281
6282 6283
6283
6284
6285
6286 6287
6287
6288 6289
6289
6290
6291
6292
6293
6294
6295
6296
6297
6298 6299
6299
6300 6301
6301
6302 6303
6303
6304 6305
6305
6306
6307 6308
6308
6309
6310
6311 6312
6312
6313 6314
6314
6315
6316 6317
6317
6318
6319
6320 6321
6321
6322 6323
6323
6324
6325 6326
6326
6327
6328
6329
6330
6331
6332 6333
6333
6334 6335
6335
6336
6337 6338
6338
6339
6340 6341
6341
6342
6343 6344 6345
6344
6345
6346
6347
6348
6349
6350
6351
6352
6353
6354
6355
6356
6357 6358
6358
6359
6360
6361 6362
6362
6363 6364
6364
6365
6366
6367
6368
6369
6370 6371 6372
6371
6372
6373
6374
6375
6376
6377
6378
6379
6380 6381
6381
6382
6383
6384
6385
6386
6387 6388 6389
6388
6389
6390
6391 6392
6392
6393
6394
6395
6396 6397
6397
6398
6399 6400 6401
6400
6401
6402 6403
6403
6404
6405
6406
6407 6408
6408
6409 6410 6411 6412
6410
6411
6412
6413 6414 6415
6414
6415
6416 6417
6417
6418 6419
6419
6420
6421
6422
6423 6424 6425
6424
6425
6426
6427 6428
6428
6429
6430
6431 6432 6433
6432
6433
6434 6435 6436
6435
6436
6437
6438
6439 6440
6440
6441 6442
6442
6443
6444
6445
6446
6447
6448 6449
6449
6450
6451
6452
6453
6454
6455 6456
6456
6457 6458
6458
6459
6460
6461
6462
6463
6464
6465
6466
6467
6468
6469
6470
6471
6472 6473
6473
6474
6475
6476
6477 6478
6478
6479
6480
6481 6482
6482
6483
6484
6485
6486
6487
6488
6489
6490 6491 6492 6493
6491
6492
6493
6494
6495 6496
6496
6497
6498
6499
6500
6501
6502
6503 6504
6504
6505
6506
6507
6508 6509
6509
6510 6511
6511
6512
6513
6514 6515
6515
6516
6517
