#/opt/homebrew/Caskroom/miniconda/base/envs/hack25/lib/python3.12/site-packages/ipykernel_launcher.py --f=/Users/jpinney/Library/Jupyter/runtime/kernel-v352576b36ed274793969b57d69d8306c9df606370.json
# GMT Sun Jul 20 14:08:16 2025
# 
0 1
1 2
2 3 106 108 112 114 119
3 4
4 5 121 126 129
5 6
6 7
7 8
8 9
9 10
10 11
11 12
12 13
13 14 130
14 15
15 16
16 17 133
17 18
18 19
19 20 134
20 21
21 22
22 23
23 24 135 136
24 25 137
25 26
26 27 138
27 28
28 29
29 30
30 31
31 32
32 33 143 144 146 149
33 34
34 35 150
35 36 152
36 37
37 38
38 39 153
39 40
40 41
41 42 154
42 43
43 44
44 45
45 46 155 158
46 47
47 48
48 49 159
49 50 162
50 51 165
51 52
52 53
53 54 166
54 55
55 56 167
56 57
57 58
58 59
59 60 168 169
60 61
61 62 171
62 63
63 64
64 65 173
65 66 174
66 67 175
67 68
68 69
69 70
70 71
71 72
72 73 179 183
73 74 184 185
74 75 187
75 76
76 77 189 190
77 78
78 79
79 80 193
80 81
81 82 194 197
82 83
83 84
84 85 198
85 86
86 87
87 88 200
88 89
89 90
90 91
91 92
92 93 203
93 94
94 95
95 96
96 97
97 98 205
98 99 206
99 100
100 101
101 102 210 215
102 103 216 218 225 226
103 104 227 228
104 105 230
105
106 107
107
108 109 110 111
109
110
111
112 113
113
114 115 116 117 118
115
116
117
118
119 120
120
121 122 123 124 125
122
123
124
125
126 127 128
127
128
129
130 131 132
131
132
133
134
135
136
137
138 139 140 141 142
139
140
141
142
143
144 145
145
146 147 148
147
148
149
150 151
151
152
153
154
155 156 157
156
157
158
159 160 161
160
161
162 163 164
163
164
165
166
167
168
169 170
170
171 172
172
173
174
175 176 177 178
176
177
178
179 180 181 182
180
181
182
183
184
185 186
186
187 188
188
189
190 191 192
191
192
193
194 195 196
195
196
197
198 199
199
200 201 202
201
202
203 204
204
205
206 207 208 209
207
208
209
210 211 212 213 214
211
212
213
214
215
216 217
217
218 219 220 221 222 223 224
219
220
221
222
223
224
225
226
227
228 229
229
230
