#/opt/homebrew/Caskroom/miniconda/base/envs/hack25/lib/python3.12/site-packages/ipykernel_launcher.py --f=/Users/jpinney/Library/Jupyter/runtime/kernel-v352576b36ed274793969b57d69d8306c9df606370.json
# GMT Sun Jul 20 12:23:30 2025
# 
0 279 377 522
1 66 322 423
2 47 190 280 402 475 548
3 20 55 107 223 281 389 522
4 80 98 170 326 429 486
5 187 379 495 524
6 259 323 406 421 468 524
7 227 239 403
8 32 69 154 203 209 329 385 410 473
9 277 356 402 455 538 563
10 174 194 213 239 318 361 405 464
11 49 304 502
12 80 111 163 317 518 542
13 74 92 190 205 349 443 485 498 523
14 169 217 236 376 472 478
15 247 249 552
16 129 229 324 328
17 27 187 203 210 242 256 474 562
18 121 175 266 268 336 435
19 167 222 223 457 485 546
20 126 200 257 392 461 541
21
22 222 455 486 489
23 60 383 391 450 518
24 168 262 281 435 437 489 493
25 81 103 199 203 255 287 436
26 220 452 490
27 109 120 327
28 164 170 278 403 422 486
29 264 362 435
30 265 469 502
31 197 385 553
32 128 334 345 369 453 479 511 535
33 434 497 512 534
34 128 146 168 214 246 286 331 341
35 80 87 263 292 296
36 228
37 40 150 371 456 503
38 147 149 172 175 331 366 562
39 452
40 464
41 161 500 522
42 57 341 349 358 367 379 403 493
43 105 110 317
44 55 119 556 560
45 131 337 361 510 559
46 197 259 331 538 540
47 285 330 388 433 458 513 521
48 168 198 264 265 333 350 362 363 458 497
49 205 414
50 95
51 67 106 222 352 430 508 563
52 175 480 487 547
53 393
54 412 418 466
55 272 354 375 466 528
56 66 159 438 483
57 118 370 442 464 525 546 549
58 99 145 297
59 119 225 237 276 304 306
60 64 170 277 365
61 96 147 421
62 72 258 428
63 121 196 319 436 445 449
64 123 173 394 487 495
65 324 476 503
66 145 270
67 130 135 207 296 332 365 474 478
68 152 202 324
69 397 454 477 504
70 118 399
71 186 335 410 468 530
72 108 186 204 472 478 505 521 543
73 294 360 363
74 145 186 241 447
75 99 398 544 561
76 187 365 392 430
77 172
78 227 231 530
79 370 382 464 543
80 142 179 238 309 423
81 213 522
82 190 210 340 381 483 488
83 120 170
84 124 309 508
85 222 332 336 340 448 498 509 540
86 93 194 278 290 334
87 424 561
88 285 401 434 465 499
89 134 196 263 450 482 531
90 118 471
91 159 211 217 300 392
92 98 336 563
93 549 558
94 213 280
95 148 401 460
96 139 331 378 390 395
97 269 366
98 107 169 244 320 493 527 554
99 242 449 554
100
101 277 424 477 498
102 242 395 433
103 209 281 401 489 564
104 221 260 286 354 366 530
105 282 323 374 409 469 537
106 218 238 424 449
107 114 181 261 431
108 133 271 279 513
109 265 451 472 551
110 152 252 341 559
111 168 247
112 145 348 422 505 555
113 124 258
114 123 132 296 385 445
115 248 462
116 186 261 432
117 144 378 443 514 524 557
118 232 395 500
119 340
120 121 140 152 201 303 415 497 534
121 256 314 363 370 434
122 194 206 257 397 445 543
123 303 326 381 393
124 148 181 363 376 455 472
125 466 497
126 266 368 384 471
127 130 252 422 423 531
128 129 198 271 272 335 371 424 476 509
129 279 297 440
130 447 458
131 262 348 376 387 561
132 142 381 388 445 515
133 164 184 367 534 540
134 284 561
135 458
136 431 550
137 150 244 335 342 490 522
138 169 259
139 215 438 541 545
140 252 275 301 470 473 551
141 156 328 394 428
142 314
143 361 367 454 493 502
144 423 426 488
145 356 365 534
146 180 312 346 375 503
147 341
148 255 435 440 479
149 249 475 535
150 208 217 412 550
151 225 543
152 398 534 553 557
153 215 247 267 334 349 442
154 235 506
155 415
156 217 307 387 475 528
157 343 365 437 489 500
158 191 255 271 307 424
159 173 204 532
160 165 375
161 227 236 289 429
162 183 284 348 545
163 301 513
164 256 328 374 552 561
165 214 329 474
166 169 176 221 246 364 512
167 195 407 491
168 425 537
169 261 356 447 473
170 184 283
171 209 287 444 554
172 540
173 193 338 342 509
174 260 427 549
175 256 321 341
176 262 428 538 542 549
177 492
178 201 302 358 388 445
179 319
180 373 415
181 241 266 317 389 506 508 516
182 207 386 507
183 294
184 427 520
185 191
186 189 311 418
187 411 558
188 313 370
189 204
190 359 378 519
191 250 516 527
192 495 525
193 224 256 476
194
195 442
196 309 364
197 257 259 373 431 440
198 214 265 424 481 506 516
199 556
200 255 285 386 387 484
201 227 513 537
202 321 345 549
203 321 325
204
205 266 348
206 398 460 463
207 389 427 433 439
208 319 345
209
210 255 332 377 389 543
211 385
212 382 383 447 459 466 506
213 444 458 492 503
214 274 328 339 399 415 487
215 255 408 527
216 327 413 481
217 464 477 546
218 219 264 385 466 499 508
219 252 257 275 379 464
220 268 297 350 415
221 224 361 560
222 271 311 338 390
223
224 490
225 243 283 382 411 549 551
226 246 356 452 554
227
228 426 497
229 269 354 392 470 491 497
230 513
231 462
232 374 428 465 483 507 531
233 302 483
234 243 428 460 462 522 539
235 379 446 487
236 292
237 382 521 524
238 416 442
239 244 420 447 478
240 362 505
241 243 325 374 400 413 529 546
242 309 475 491 562
243 262 298
244 290 298
245
246 318 401 406
247 271 405 415
248 326 381
249 272 301 305 423 535
250 387 493 530
251
252 337 462 477
253 424 548 550
254 281 438 461 523 524
255 290 357 373 392 461 466 530
256 382
257 397
258 557
259 302 354 371 499
260 298
261 277 349 535 562
262 289 316 381 457
263 393 410 415 460
264 289 350 438
265 297 317
266 428 458 481
267 316 541 559
268
269 293 308 379 402 416 432 477 534
270 271 470 528
271 403 433
272 324 392 443 488 502
273 530
274 331 395 398 493
275 292 537
276 361 556
277 307 429 468
278 365 432 561
279 318 336 437 494
280 560
281 363 444 469 474 556
282 312 345 534
283 455 511
284 314 386 459 486
285 394
286 347 367 371
287 407 517
288 402 408 454
289 355 483 502
290 303 313 333 350 387 513
291 541 559
292 296
293 358 418
294 346 454
295 311 350 356
296 409 550
297 434 452 538 539
298 353 434 508
299 354
300 502
301 317 327 355 540
302 496
303 340 355 504
304 307 315 498
305 448
306 560
307 351 359 408 433
308 353 368 501
309 545
310 439
311 407 452
312 330 396 455 464 545
313 398 461
314 317 322 355 501
315 422 466 511 555 556
316 318 338 429 519
317 444
318 340 349 392
319 510 557
320 420 556
321 491 542
322 350 358 390
323 490
324 383 487
325 407 525
326 457
327 363 388 500
328 354 511
329 413 502 512
330 351 378 383 424 447
331 371 404 449 495
332 555
333 466 471 483 538
334 443 474
335 375 433 439 480
336 415 430
337 386 393
338
339 369 442 544
340
341 349 455
342 385 461
343 372 470 521
344 525
345 348 349 389 478 538
346 382 399
347 370 530
348 349 373 435 495
349 376 389
350 530 531
351 383 406 464 498 533
352 389 416
353 380 406 423 481
354 376 483 553
355 405
356 383 464 551
357
358 435 449 492
359 468 500
360 456
361 378 544 549
362 373 422 442
363 416 451 456
364 408 410 443
365 380 462
366 375 450 500 544
367 422 550
368 539
369 392 429 438 459 504
370 420 532
371 534 558
372 481
373 480
374 451
375 477 485
376 399 557
377 400
378 408 436 459
379 405 507
380 521
381 439
382 462 489 546
383 460
384 386
385 439 457 540
386 500 549
387 457 482
388 493 523
389 530 557
390 400 458 479 490
391 470 483 520 556
392 470
393
394 454 534 559
395
396 522
397 418
398 411
399 493 527
400 423 425 428 519
401
402
403 408 507
404
405
406
407 424 462 486 546 552
408 410 474
409 449 535
410 559
411 416 443
412 423 518
413 493
414 475 538
415
416 491 552
417
418 469 479
419 486
420 501 527 546
421 465 506
422 490 524
423 441 482
424 446 535 562
425 514
426 498 554
427
428 468
429 498
430 455
431
432
433 441
434 494
435
436 519
437 560
438 459 551
439
440 504 551
441 458
442 454 483 549
443 477 481
444
445
446
447
448
449 477
450 507
451 533
452
453 460 504
454 512 549
455
456
457 480
458
459 523
460 533
461 517
462 463
463 471 537
464 488 543
465
466 477
467
468
469 543
470 525
471
472 496
473
474 492 564
475 491
476
477 531
478 551
479
480 513
481
482
483
484 520 545
485 512
486
487
488 521 554
489 548
490 524
491
492
493
494 533
495 537
496 514 527 560
497 534 540
498 521
499
500 527
501
502 520
503 535 557
504
505 536
506 525
507
508
509
510 515
511 558
512
513
514 553
515
516
517
518
519 520
520
521 552
522
523
524
525 551
526
527
528 529
529
530
531 533
532 549
533
534
535 561
536 546
537
538
539
540
541
542 545
543 544
544
545 563
546
547
548
549 557 564
550
551 563
552
553
554
555
556
557
558
559
560
561
562
563
564
