#/opt/homebrew/Caskroom/miniconda/base/envs/hack25/lib/python3.12/site-packages/ipykernel_launcher.py --f=/Users/jpinney/Library/Jupyter/runtime/kernel-v352576b36ed274793969b57d69d8306c9df606370.json
# GMT Sun Jul 20 12:23:30 2025
# 
0 289 338 557 620 651 748 806 824 838 902 959
1 46 154 225 237 276 553 706 751 801
2 341 688 819
3 32 162 626 665 975
4 72 175 181 352 575 723 729 994
5 361 365 392 545 562 887
6 65 181 246 346 430 440 825 856
7 53 202 241 302 425 434 515 916
8 15 165 185 273 356 389 598 666 883 973
9 143 355 386 524 563
10 143 165 427 436 456 699 983
11 119 138 179 254 326 486 496 756 853
12 89 113 168 463 961 968
13 50 107 117 127 264 333 515 573 617 704 776 816 883
14 192 528 736 843
15 52 205 391 517 537 580 707 895
16 48 53 177 323 324 711
17 48 288 451 497 641
18 27 89 208 896
19 488 657 708 882 971
20 207 345 420 437 471 511 531 733 775 832 911 969
21 253 255 378 407 424 479 755 825 936 952
22 96 98 129 380 406 718 970
23 316 408 528 651 660 745 896 932 949 991
24 34 52 142 155 256 257 312 429 442 470 673 811 920
25 114 242 401 428 466 527 763
26 33 298 391 406 563 608 957
27 150 167 418 489 599 648 692
28 112 270 482 525 545
29 96 185 427 756 803 894 989
30 48 84 375 442 464 491 571 697 826 850 892
31 50 229 415 615 669 913
32 120 473 732 800
33 78 163 364 918
34 267 546 701
35 89 451 649 848 851 882 953 961
36 208 272 343 369 451 463 708 853
37 321 518 935
38 43 49 183 254 832 893 908 967
39 157 224 353 356 528 704 710 792 934
40 123 520 974
41 133 292 638 916 992
42 68 423 571 753
43 44 133 242 585 768
44 57 75 179 191 635 749 786 963
45 182 325 398 425 598 692 813 976 982
46 260 650
47 404 408 777 852
48 54 113 158 212 345 480 643 674
49 214 408 426 466 815
50 409 524 598 629 636 733
51 116 309 319 353 372 423 448 756 786 828 963
52 71 93 172 189 205 394 613
53 57 375 472 607 738 820
54 96 396 470 640 694
55 434 629 634 640 699 711 791 796 848
56 120 380 652 829
57 73 479 498 578 711 739 758 761 972
58 146 257 380 400 507 629 670 720
59 248 304 418 424 443 536
60 98 232 261 444 494 570 948
61 127 356 457 488 494 892 901 938
62 510 575 692 706 939 988
63 82 259 393 637 709 950
64 118 171 214 406 618 841
65 109 113 199 223 327 750 836
66 82 100 438 464 807 818 916
67 251 327 518
68 253 277 425 458 612 802 824 873 885 889 985
69 207 263 287 308 327 461 481 665 916 988
70 190 231 298 494 602 828 918
71 344 523 778 785 948
72 969
73 104 344 383 406 606 856 979
74 190 221 286 612 630 687 750 932
75 205 251 394 537 694 782 963 979 986
76 227 265 284 401 632 651 673 774 950
77 113 157 178 583 980
78 476 481 617 628 705 765 882 905 975
79 105 167 291 344 448 510 525
80 183 226 285 852
81
82 96 277 755 806 877 910 968
83 220 230
84 477 491 505 643 715 771 879 954 980
85 357 709 784
86 109 162 191 336 370 787
87 103 200 298 308 354 668 765 786
88 217 250 251 266 308 767 863
89 153 209 272 458 583 720 765 806
90 340 401 442 516
91 93 115 221 625 871 876 939
92 155 163 195 309 530 705 954 963
93 203 217 456 501 552 902 904 913
94 173 221 292 322 331 447 868
95 298 509 815
96 205 213 245 508 607 625 679
97 228 468
98 167 213 608 616 635 668 719
99 127 142 156 252 412 577 892 957 995
100 196 327 477 599
101 132 158 556 890
102 115 380 721
103 124 162 170 522 527 663 994
104 203 343 480 501 538 546 710 750 763 794 821 823 925 976 993
105 341 719
106 214 294 526 587 824 873 942 953
107 308 841 892
108 338 364 423 492 564 597 782 787
109 267 449 522 827 833
110 506 652 738 898
111 149 220 289 869
112 293 483 533 535 569 663 717 775 904
113 176 410 470 569 620 727
114 127 342 527 664 711 942 969
115 140 292 366 525 573 631 710 827 933
116 232 402 442 445 593 731 807 897
117 182 198 428 525 911
118 351 573 788 951 987
119 342 497 701 903 955
120 144 162 316 478 488 535 600 851 878
121 246 492 687 699 852
122 413 588 654 683 696 894 918 992
123 195 550 642 695
124 419 497 687
125 203 212 283 433 436 660 744 864 946
126 318 733 837
127 601 880
128 297 404 407 539 559 574 783 841 872
129 282 834 900 973
130 176 257 294 323 582 641 677 735 770 773
131 155 618 740 752 944
132 287 394 446 451
133 263 527 713 727
134 181 429 457 548 592 648 832
135 287 827 946
136 146 160 377 650 851 922
137 143 344 488 499 702 910 973
138 372 624 762 877 921
139 388 446 628
140 221
141 455 601 615 789
142 232 263 617 737 944
143 352 363 379 531 655 889 951
144 206 306 318 402 414 455 578 659
145 191 339 418 469 860 889
146 265 370 493
147 309 751
148 163 613 632 645 941
149 165 364 496 770 780 912 966
150 198 208 607
151 272 303
152 162 238 375 416 818
153 376 410 414 522 697 747 781 938 943 970 995
154 347 535 842
155 163 306 404 589 609 679 773
156 169 223 225 341 831 868
157 642 910
158 975
159 172 450 532 681 792 807 900
160 220 335 386 426 682 824 832 917
161 163 192 208 272 411
162 560 908 921
163 415 491 523 611 622 714 760 838 875 911 955
164 440 708 980
165 327 513 806 920 955 993
166 295 301 317 326 632 667 766 771
167 708 730 833 882
168 188 381
169 207 485 589
170 453 750 771 912
171 207 504 643 902
172 455 647 697
173 274 534 652 729 828 838 881 967 968
174 224 472 586 653 740
175 211 987
176 301 350 382 390 492 596
177 182 307 358 447 797 819 920
178 216 267 292 329 579 627 975
179 327 725 792
180 597
181 203 312 319 687 842 844 956
182 211 485 638 681 727 898
183 336 439 534 578 826 828 993
184 188 206 295 330 366 398 441 718 886 894 909
185 545 650 770
186 293 455 462 472 584 760 864 886 969
187
188 298 327 342 391 418 548 786 896
189 205 253 977
190 285 338 361 396 522 555 824
191 287 673
192 236 250 873
193 363 441 546 843 978
194 297 330 673 839 904
195 245
196 507 604 622 750 766 836 963
197 362 508 554 588 836 877 881 950 964
198 320 424 731
199 238 544 726
200 494 591 612 623 671 789 800 819 835
201 335 508 798 903 918
202 340 481 539 658 759 845 885
203 234 308 331 358 442 564 785 832 982
204 309 355 387 403 523 610 746 792 831 860 995
205 256 554 572
206 384 440 921
207 221 251 319 727 787
208 335 688 808 876 919
209 471 724 765 855
210 247 356 659 699 743 849 990
211 267 529 535 612 621
212 252 340 405 568 773
213 314 485 503 643 755 892
214 325 337 850 975
215 308 379 412 427 916 940
216 255 353 662 838 972
217 284 450 698 899 913
218 375 384 499 566 598 720 724 917 929
219 559 584 879 956
220 666 809
221 227 238 442 992
222 329 448 747 863 967
223 339 598 712 952
224 354 430 483 568 835 880 971
225 275 385 449 554 568 822 975 994
226 284 331 524 538 756 882 927
227 246 446 484 489 507 634 704 833
228 242 320 414 545 578
229 393 583 973
230 233 288 360 478 618 792 827 905 982
231 274 301 377 430 652 820
232 434 593 856
233 459 464 573 587 614 652
234 391 497 500 741
235 253 631 751 834
236 492 547 600 668 988
237 583 612 676 962
238 338 595 620 810 987
239 259 489 529 664 698 838
240 665 712 772 777 851
241 259 498 527 573 791 881 896 980
242 454 464 633
243 797 821
244 746 858 863 901 943
245 288 340 810 919
246 286 347 412 473 692 856 963
247 404 430 629
248 269 449 482 724 778 798 849 923 935
249 340 423 472 503 558 821 896
250 284 289 417 465 551 617 822 879
251 494 904
252 586 709 871
253 556 646 709 719 758 774
254 477 786 846 872 954
255 324 549 723 926 965
256 273 374 427 702 831
257 324 385 388 461 483 645 686 709 879
258 318 391 443 498 658 694 717 860
259 293 406 467 485 852
260 299 356 375 520 597 773 915
261 379 411 473 495 513
262 359 388 452 775 949 973
263 276 297 303 471 472 646 667 867 888
264 327 721 772
265 297 408 533
266 306 518 553 596 724 785 802 922 972
267 381 548 824
268 275 383 763 946
269 496 647 664 781 850 930 939 950
270 349 435 656 870 972
271 905 924
272 426 836 953 959 995
273 753
274 386 579 626 716 751 957
275 486 703 842
276 279 291 414 525 749 977
277 284 591 610 615 670 793 800 960
278 452 793 873
279 454 955
280 359 989
281 388 446 495 658 740
282 368 497 587
283 336 372 373 516 527 734 743
284 410 449 481 666 751 901 980
285 644 754 812 860 862
286 365 404 633 863 960 967
287 443 444 456 544 576 607 728 957
288 300 685 813 845 853 891
289 455 490 496 559 564 596 735 794 838
290 598 872 881
291 403 459 765
292 383 529 543 674 764
293 656
294 387 467 520 554 698 779
295 331 358 394 590 621 675 747 993
296 358 400 573 628 693 757
297 369 411 590 591 820 965 983
298 360 493 596 877 985
299 964 979
300 376 636 765
301 634 843 849
302 305 332 550 982
303 311 374 405 830 888 901 931 991
304 336 400 889
305 315 402 636 752 964
306 364 405 509 833
307 384 427 461 513 561 586 770 773 893 899
308 311 364 659
309 487 521 539 613 976
310 352 669 855 924 952
311 470 563 642 685
312 500 625 657 697
313 576 632 736 846 989
314 388 597 700 725 851 952 990 994
315 388 870 876
316 321 346 600 668 743 819 943 974 982
317 408 591 659 866 867
318 356 398 449 566 703 722 781 844 889 947
319 494 506 629 642 688 858
320 326 603 621 667 669 746
321 385 391 400 486 581 673 768 913 976
322 399 404 477 884 955 959
323 417 512 614 656 851
324 526 656
325 433 514 778 798 803 860 974
326 532 601 775 841 857 887 973
327 389 476
328 429 691 988
329 353 969
330 375 505 869 981
331 406 491 516 557 614 695 832
332 442 503 711 775
333 527 601 724 828 847 888
334 413 530 568 613 781 890 974 980
335 793
336 375 383
337 384 392 487 871
338 524 834
339 342 670 746 983
340 377 515 682 781
341 380 590 729 766 927 962
342 731 804 835 853 932
343 647 902
344 660 980 992
345 721 994
346 433 522 679 805
347 361 575 640 648 758 768 830 932
348 394 544 721 886 928 972
349 942
350 418 640 735
351 634 668
352 541 576 599 734 804
353 529
354 590 593 630 840
355 573 678 711
356 710 711 714 735 872
357 455 513 725
358 584 742 839 850 861
359 373 835
360 531 754 891
361 495 897 920 982 993
362 777 786 867 930 970
363 501 556 896
364 447 660 834 917
365 754 830 959 981
366 626 818 840 859 910
367 368 525 711 823 895
368 374 581 626 673 813 852
369 464 489 592 687 692 759 850 963
370 412 587 671 672 786
371 787
372 507 518 677 865 922 966 970
373 430 444 648 692 801 843 925 934 939
374 407 465 600 648 693 807 823
375 396 522 531 569 861 902 928
376 565 931
377 580 675 726 795 851
378 381 500 549 658 731
379 506 541 553 615 743 855 868
380 542 562 668 758 819 979
381 632 636 637 641 709
382 556 557 628 830
383 736 967
384 475 630 641 751 907
385 398 438 629
386 408 483 505 535 711 817
387 403 438 586 712 829 907
388 472 536 690 848 873 991
389 404 470 801 876
390 455 568 576 882
391 492 609 663 894
392 846
393 606 621 663 809 818 826 983
394 409 587 990
395 503 676 786 821
396 436 442 455 728 772
397 705 967
398 438 498 695 721 810 839
399 403 717 785 795 860
400 711 826
401 458 516 528 558 594 851 961 973
402 537 597 741 775 986
403 533 648 650 769 884 914
404 626 872 901 993
405 488 717
406 592 823 992
407 409 480 922 979
408 538 747 764
409 574 697 785 805 918
410 441 472 793 842 960
411 468 759 847
412 699
413 420 545 865 909 932
414 749 766 874
415 515 556 602 621
416 437 845 886
417 593 695 986
418 730 790 844 935
419 805 869
420 531 687 792 947 989
421 544 678 817 926
422 715 724
423 838 895 908
424 428 592 721 910
425 509 540 871 948
426 679
427 645 934
428 561 582 820 848
429 503 608 712 763 974
430 502 583 639 834 872
431 756 979
432 559
433 518 631
434 523 727 892
435 481 628 932
436 565 768 840 911 988
437 787
438 493 743
439 497 510 665 673 789
440 574 592 661
441 859
442 806 954
443 484 807
444 484 875
445 645 696 721 864 874 926
446 524 621 738 915 938 977
447 869
448 677
449
450 862
451 721
452 478 759
453 579 715 839 864
454 655 694 797
455 800
456 634 666 741 811 901 964
457 750 965
458 476 542 545 747 754 985
459 490 689 746 905 962
460 775 804 939
461 596 624 781
462 885
463 472 493 599 747
464 466 629 668 736
465 472 526 626 921
466 610 631
467 480 718 845 955
468 655 681 742 779 970
469 648
470 558 755 911 933
471 654 668 670 708 792 893 955
472 660 776 822 853
473 504 562
474 566 683 968
475 551 783 790
476 569 625 894 975
477 572 671 827 938
478 600 769 790
479 504 534 683
480 879
481 722 825
482 583 617 650 681 710 886
483 969 973
484 555 747 824
485 683 923 960 963
486 671 682 685 818
487 526 550 585 887 906 937 993
488 660 749 876 919 982
489 731
490 603 624 696 866
491 758 809 906 928
492 717
493 993
494 575 638 929
495 566 648 660 671 754 783 817 882
496 554 570 612 624 887
497 592
498 512 658 743 759 812
499 656 704 759 878
500 671 723 834
501 552 613 977 988
502 897 958 981
503 652 756 873 938
504 580 653 703 913
505 526 528 529 558 693 759 789 809 832 840 869
506 681 712 734 749 918
507 583 613 648 798 933 995
508 817 896 901 916
509 837
510 725 729 758 759
511 543 765
512
513 867 961 981
514 533 607 895 941
515 655 731
516 872
517
518 615 658 771 812 992
519
520 564 603 709 774 909 924 938
521 669 696 725 854 934 956
522 772 917
523 560 654 705
524 785 837
525 676 692 783
526 616 728
527 602 649 717 719 726 990
528 600 739
529 607 924
530 665 705 945 977
531 653
532 573 632
533 582 747 833 990
534 607
535 572 582 673 787 891 976
536 713 780 839 933
537 894 923
538 560
539 635 708 925 964
540 765
541 670 682
542 624 833
543 712 870 924
544 731 981 994
545 702 878 916
546 685 820 884 895 918 969
547 677 778 803
548 619 642 899
549 746 975
550 675 851
551
552 700 716 792
553 618
554 751 870
555 689 704 722
556
557 650 721 797 938 986
558 629 645 790 936
559 834
560 872
561
562 798 804
563 599 614 621 698 792
564 720 739 809 961
565 681 791
566 631 764 770 782
567 589 601 618 787 884
568 587 960
569 755 936
570 639 863 904
571 729
572 575 938
573 874
574 620 701 759 783 983
575
576 582 813 885
577 677 710 725 949
578 718 818 917 988
579 625 785 844 871
580 670 863 992
581 863
582 662 787
583 759
584 592 669 951
585 661 750 756 830
586 722 833
587 940
588 782 827 838 926
589 876
590 600 602 628 859 980
591 809
592 742
593 608 924 931
594 722 870
595 681 844 904 955
596 801 979
597 747 861 910
598 749 782
599 673 773 894
600 751 793 891 910 972
601 674 715 717 725 865
602 928
603 677 925
604 965 974
605 667 899
606 652 681 835 929
607 668 694 905 957 988
608 646 696 707 860
609 661 673 808 845 875
610 652 843 844 858 941
611 693 732 968
612
613 633 684 832 863 882
614 615 628 922
615 679 948 954
616 825
617 708 725 930 973
618 753 816
619 812 977
620 744 816 939
621 722 861 937
622
623 642 727 875 923
624 635 888 971
625
626 859 956
627 920
628 778 847
629 914
630 707 716 776
631
632
633 871 903 948
634 646 688
635 658
636 696 885
637 698 773 958 981
638 718
639 675 799 822 826 972
640 675 726 809 819
641 679
642 763 822
643 910 992
644
645
646 689 762 773 778
647 910
648 803 841
649
650 653 957
651 826
652 859 952
653 955
654 927 962
655 937
656 784 836 883 958
657 730 883 949
658 688 851
659
660
661 726 758 783 875 936
662 845 937 945
663 677 974 987
664 806 819 904
665 692 800
666 715
667 813 888 917 952
668 692 755 776 839 947
669 674 898 961
670
671 742 812 863
672 979 982
673
674 861
675
676 814 848 858
677
678 722 830 881
679 759
680 708 740 835 971
681 691 782 801 841 981
682 743 744 783 955 989
683 750 797
684 915
685 727 759 760 771 782 960 978
686 780
687 713 733 975
688 969
689 721 768 805 922 950
690 869 888
691 897 918 978 980
692 936
693 758
694 751 880 943
695 974 978
696 728
697 730
698 883 967
699 851 963
700 768 779
701 736 837 962 982
702 755 795 877 958
703 747 816
704 804 988
705
706 915
707 878
708 779
709 971 993
710 727 797 900 967
711 775
712 739
713 873 919
714 776 813
715 856 940 971
716 796 808 952
717 844 897
718 762 843 880 991
719 763 853
720 745 930
721 749 867 932 962
722 744 782 971 975
723 743
724 742 765 841 966
725 862 871 903 947 950
726
727 830 904 911
728 776 842 853 864
729 861 968 989
730 812 866 874 900
731 767
732 782
733 817 833
734 977
735 775 882 977
736 740 790 981
737 989
738 741 793 927
739 776 800 875 956 957
740 749
741 957
742 746
743 766
744 755
745 761
746 853
747 756 771 799
748 777
749
750
751 902 948
752 786
753 863
754 756 783 971
755 909
756 809
757 837
758 769 955
759
760
761 771 778 800
762 895 914 956
763 888
764 915
765 968
766 933
767
768 849
769 854
770 811 847
771 989
772 776 805 933
773 809 832
774 789 823
775
776 832 914
777 782 802 857 871
778 912
779 815 873 959
780
781 949 975
782 896
783 833 965
784 883
785 801
786
787 826
788
789 911 968
790 803 813 848
791 859 882
792
793 920
794 980
795 926
796 953
797 830 841
798
799 803 960
800 856 916
801 808 960 993
802
803
804 869
805
806
807 841
808
809 815 873 901 960
810 827
811 956
812
813
814 901 965 992
815 874 892
816
817 966
818 946
819
820 946
821 933 955 993
822 858 868
823
824 917
825 859
826 941
827
828
829
830 875
831 907 911
832
833
834 984
835
836
837 865
838 849
839 971
840 854 878 920
841 876 927
842
843 937
844 871 977
845 980
846
847 879
848 976
849
850 855
851 956
852
853 901
854 866 944
855 883 932
856
857 928
858
859
860
861 939
862
863
864
865
866 965
867 929 932 990
868 918
869 984
870
871 963
872
873
874 931
875
876
877
878
879 901 929
880
881 943
882
883 938
884 897
885
886 990
887 954
888 961 982
889
890
891
892 914
893 954
894 982
895 896 914
896 934 985
897 901
898 993
899
900
901 968
902 955
903 920
904
905 956
906
907 923
908 911
909
910
911
912
913
914 973
915 961
916 963
917
918 968 994
919
920
921
922
923 930 946 965
924
925
926 932
927
928
929
930 938 986
931
932
933 964 972
934
935 961
936 952
937
938
939
940
941
942
943 977 982
944
945 990
946 958
947
948
949
950
951 994
952
953
954
955
956
957
958
959
960
961 962
962
963 987
964
965
966
967
968
969
970
971
972
973 993
974
975
976
977
978 989
979
980
981
982
983
984 985
985
986
987
988
989
990
991
992
993
994
995
