#/opt/homebrew/Caskroom/miniconda/base/envs/hack25/lib/python3.12/site-packages/ipykernel_launcher.py --f=/Users/jpinney/Library/Jupyter/runtime/kernel-v352576b36ed274793969b57d69d8306c9df606370.json
# GMT Sun Jul 20 12:23:28 2025
# 
0 24 36 499 554 659 747 767 822
1 8 59 396 416 417 442 473 592 605 664 716 815 826 901
2 54 211 293 380 720 810
3 11 69 296 305 323 367 415 530 573 612 619 623 741 865
4 483 602 626 657
5 215 354 400 440 441 647 779 786
6 35 86 278 369 396 586 720 890
7 24 43 547 683 747 856
8 209 344 511 535 719 721
9 281 325 866
10 89 457 497 577 582 779
11 223 238 396 784 918
12 21 300 405 423 630 840 865 926
13 75 119 128 171 244 359 388 414 510 601 642 685 841 876
14 285 454 535 838
15 913
16 121 150 224 301 308 350 506 515 535 543 815
17 163 207 462 588
18 77 206 679 748 782 809
19 205 218 449 555 782 846
20 194 648 657 703 837 854 857 885
21 64 139 232 269 557 689 796 814 859
22 403 421 484 683 833 888
23 534 746
24 176 242 362 378 415 425 530 689 856
25 270 630 651 823
26 105 228 351 387 613 630 641 648 741
27 69 122 521 748
28 148 208 266 388 392 569 615 762
29 126 326 396 452 476 622 650 856
30 131 259 522 732 819 849 895
31 331 436 469 505 716 829 844 853
32 93 338 376 395
33 289 392 460 467 663 678
34 86 150 203 367 413 543 582 595 613 641 778
35 111 169 189 213 515 520 611 652 662 700 721 836 844
36 66 284 537 687 702
37 97 176 186 200 308 381 492 572 578 645 664
38 273 288 332 522 641 719 769 781 861
39 78 279 332 421 858 904
40 92 133 319 327 423 439 562 633 672 719 722 766 831 873 888
41 45 91 121 171 187 348 545 668 693 732 760 771 909
42 63 98 356 455 848
43 55 118 260 296 426 492 624
44 114 304 552 775 870
45 122 206 344 655 776 892
46 129 133 152 682 808 841
47 235 556 571 751 907
48 89 172 226 236 403 422 425 426 444 638
49 166 469 651 665 776 900
50 92 209 426 486 537 645 649
51 370 443 470 526 556 562 698 767 770
52 63 95 259 335 368 370 405 485 506 708 763 777 852 853 900
53 94 261 383 440 518 555 655
54 76 318 420 443 473 594 680 820
55 295 316 419 462 463 543 596 607
56 87 164 598 626 691 750 879
57 61 172 202 227 305 401 558 733 796
58 112 151 800
59 198 633 659 709
60 119 451 487 544 619 768 837 865 886
61 301 583 913
62 292 426 533 586 652 790 881
63 137 172 293 323 328 392 790 879
64 74 256 329 585 733
65 285 289 335 380 567 715 778 823 862
66 140 157 891
67 86 164 427 604 871 900 929
68 187 195 396 635 757
69 163 266 396 456 510 514 516 645 867 897
70 348 501 601 649 740 799
71 182 211 244 455 547 662 806 817 843
72 262 273 406 420 459 756 912
73 117 589 619
74 99 104 371 628 683 736 796
75 292 345 425 882
76 209 474 540 576 882
77 108 244 366 514 595 802
78 202 208 267 787
79 166 243 346 503 547 814 844
80 340 373 507 601 733 780
81 91 180 208 273 353 455 524 536 559 682
82 178 194 552
83 334 434 551 669 719 779
84 179 332 375 433 469 667 778 873
85 92 361 446 489 494 523 866 902
86 98 410 544 592 689 772 782 824 836 900 928
87 151 156 283 294 495 511 705 790
88 221 255 257 264 323 341 403 418 655 678 806 878
89 104 349 373 540 671 694
90 116 139 207 230 299 305 450 526 561 754 778 823 922
91 123 301 355 360 615 846 872 875
92 163 583 593 634 732 817 882 910
93 684
94 236 439 657 691 711 763 864 895
95 133 179 422 469 524 600
96 109 130 279 373 457 461 629 659 781
97 153 261 278 442 804 831 916
98 155 250 485 506 642 702 734 741 823
99 530 673 724 808 819 834 901
100 177 208 486 513 708
101 144 327 410 433 450 533 691 875
102 258 438 439 482 727 771 850
103 139 542 632 735 842 894
104 222 267 347 390 475 616 847 899
105 141 277 298 325 377 438 521 595 618 637 702 742 744 772 789 805 830
106 304 473 690 762
107 439 575 909
108 197 225 236 243 301 588 607 661 707 807
109 171 278 459 615 683 763
110 463 517 530 567 655 694 799 805 831 858 878
111 235 562 621 763 804 912 914 926
112 299 404 723 749 763 805 911
113 137 209 307 524
114 171 179 445 847
115 188 362 599
116 341 771 790 801
117 236
118 336 445 466 711 793
119 332 417 419 423 515 519 546 711 741 745 756 769 900
120 144 148 158 276 442 738 821 877
121 192 239 251 353 500 575 603 625 743 790 832
122 221 463 568 619 656 671 685 809 900
123 210 250 404 720 904
124 149 207 220 240 332 498 634 657 852
125 126 179 237 417 427 512 553 585 663 819 870
126 169 178 246 294 375 455 495 811
127 239 433 687 693 796 815
128 245 318 827
129 176 347 803 882 892
130 241 657 674
131 193 400 543 574 710
132 165 168 216 247 278 291 314 345 348 451 679 743
133 163 207 240 610 668 709 738 740
134 171 748 780
135 747
136 142 175 177 359 392 425 528 555 791 800 881
137 301 517 524 704 725 847 911
138 172 575 577 747
139 220 469 491 548 557
140 174 264 285 540 665 827 835 894
141 231 253 509 510 803
142 175 309 310 344 476 791 798 869
143 265 303 342 557 588 597 644 775 851
144 298 738 791 894 918
145 285 430 435 574 665 826
146 373 573 894 912
147 198 202 326 377 423 455 526 697 736 788 901 921
148 199 537 661 820
149 444 446 750
150 207 208 247 347 381 385 580 607 611 674 887 902
151 200 232 524 554 596 620 819 894
152 852
153 184 244 563 618 631 726
154 268 422 428 523 718 736
155 193 259 403 694 818 904
156 186 284 332 390 422 667 769 772
157 250 286 460 520 655 717
158 342 376 405 418 685
159 483 499 567
160 355 406 446 644 660
161 311 421 472 675 696 748 755 771 794
162 186 204 376 441 583 660 869 883
163 379 416 451 574 640 776 885
164 229 583 594
165 368 551 585 660 671 835
166 259 290 407 457 485 592 653 733
167 197 356 517 651 679
168 364 403 429 567 605 631 715 807 864
169 334 386 423 439 647 779 782 786 791 857 867
170 290 536 673 798 821 834
171 176 234 252 569 726
172 190 229 341 378 685 803 837
173 199 300 325 440 506 540 889
174 201 246 298 483 546 611 612 657 716 860
175 249 255 257 540 704 721 724 848
176 557 766 820 900
177 203 250 404 434 554
178 207 253 810
179 301 362 508 509 525 602 684 928
180 210 241 413 427 437 454 516 521 726 900
181 190 212 531 585
182 216 714 886
183 184 656 873 875
184 232 243 413 708 744 861
185 192 530 655
186 215 216 234 305 590
187 483 635 764
188 208 269 303 820 844 901
189 313 401 815 866
190 253 611 855
191 482 744
192 238 283 369 515 597 829
193 338 615 732
194 590 604 605 686 813 845
195 197 291 564 896
196 222 334 446 568 901
197 372 508 543 613 868
198 233 283 386 569 600
199 245 311 334 387 455 488 714 883
200 230 253 301 352 354 482 520 869 894
201 369 497 676
202 442 661 749 752 797 916
203 519 578 633 843
204 285 354 537 599 607 693 721 867
205 395 507 683 708 905
206 278 532 645 702 733 804 805 810 845 854 886
207 262 644 832
208 219 419 553 687 716 746 777 884
209 338 350 413 787
210 411 517 537 565 607 754 757 897
211 288 415 419 707 751 799 813
212 543 691 699 718 730 761
213 518 627 642 717 918
214 371 505 514 532 544 624 820
215 304 614 665
216 388 517 625 653 673 911
217 450 527 700 752 769 796 856
218 223 349 386 398 412 675 708 739 784 856 898
219 229 445 506 638 660 793
220 221 488 584 720 807
221 228 298 744 840
222 515 685 744 796 907
223 325 395 421 443 475 501 691 858
224 396 515
225 371 552 667 727 844
226 405 448 571 587
227 239 292 764
228 349 369 439 475 699
229 337 644 680 737 784 850 919
230 235 430 552 680 765 821
231 241 450 618 627
232 281 285 299 526 830 914
233 548 582 590 597 653 678 713 843 898 918
234 344 520 654 747 788 841
235 302 340 464 473 563 612 622 833
236 238 300 343 406 496 567 584 589 627
237 468 480 484 537 538 638 671 783 794 811
238 318 451 845 860 871
239 347 386 641 727 754 798 894
240 299 345 420 544 866 882
241 243 469 562 572 607 633 646
242 479 522 581
243 248 368 552 710 829
244 306 353 473 543 657 695
245 247 340 505 606 810 820 850 877
246 247 397 402 472 600 832
247 315 468 543 566 574 758 782 823
248 344 433 538 683 744 804 859
249 566 878
250 315 384 504 542 618 721 739 867
251 287 339 453 541 582 653 862
252 262 306 391 716 874 902
253 276 736
254 270 291 318 460 605 645 756
255 260 299 496 556 592 828
256 389 534 575 780
257 402 488 590
258 452 519 570 717 772 833 865
259 613 846 888 917 926
260 263 314 401 675
261 313 433 450 459 653 717 920
262 374 828 850
263 276 631 645 661 760 827
264 296 331 577 594 632 836
265 279 488 540 810
266 279 309 357 370 537 541 543 584
267 423 778 824 857
268 277 316 413 672 734 900 910
269 281 460 597 799
270 315 331 370 697 805 809 832
271 462 797 808
272 381 528 638 675 810
273 313 560 658 675 753 858
274 472 564
275 526 546 627 657 823 906
276 351 501 598 833 877
277 296 478 506
278 385 401 663 770 890
279 390 404 448 665
280 505 547 615 796 844 866 874 895
281 327 521 730 854
282 396 563 607 708
283 489 885
284 331 492 543 647 698 725 845 902
285 306 463 498 574 596 617 652 696
286 528 669 753 855 876
287 368 492 567 772 817
288
289 513
290 362 448 505 513 602 692 902
291 324 404 546 562 614 696 698 743
292 331 413 523 562 827 848 860
293 451 556 766 909
294 426 804 821 861 928
295 442 474 537 625 898
296 390 406 577 600 620
297 481 583 617 622 637 765 800
298 384 470 496 698 706
299 407 728 869
300 486 525 526 886
301 432 470 698
302 354 513 563 592 765
303 331 387 432 533 545 579 815
304 366 439 559 678 731 854 925
305 628 644 661 698 832 887
306 529 695 889 890
307 385 576 613 643 739 795 887
308 521 781 833
309 353 428 505 511 571 636 648 663 758 888 894 904
310 577 658 797 830 907 909
311 316 415 461 508 651 741
312 351 400 442 564 568 624 847 888
313 500 599 811 873
314 478 562 600
315 475 619 787 856
316 319 574 723 726 770 814
317 360 443 482 610 794
318 511 636 719 817
319 603 764 875
320 413 684 688 714 813
321 326 396 478 665 686 736 750 812
322 389 420 662 877
323 407 809 888
324 373 387 437
325 530 769
326 369 582 688 719 840
327 753 879
328 926
329 336 502 639 911
330 636 813
331 371 459 635 728 787
332 339 458 558 776
333 545 648 693 765 852
334 531 546 809
335 419 824
336 514 707 819 842 894
337 610 625 707 773 808
338 419 789
339 458 528 581 599 606 678 811 843 888
340 429 510 583 787 839 862
341 464 587 602 794 876
342 428 503 549 612
343 430 459 493 530 580 624 839 840
344 402 428 720 755 805
345 663 818 911 912
346 360 466 533 755
347 394 462 509 585 842
348 354 634 718
349 464 593 598 616 792
350 356 385 520 578 624 648 758 896
351 457 587 690 692 816
352 437 513 675 873 891 929
353 604
354 477 485 531 554 895
355 612 653 728
356 415 605 747 924
357 432 717 821
358 394 409 650 764
359 408 443 610 647 722
360 421 564 615 794
361 393 517 623 697 796 849
362 504 527 657 804
363 508 615 622 638 662 709 799
364 444 627 748 771 868 923
365 459 483 568 899 906
366 530 662 704
367 439 442
368 515 644 677 865
369 376 565 764 846 902
370 455 456 566 570 829
371 521 559 793 852
372 502 528 706
373 391 477 546 728 823 905
374 677 800 837
375 689 826 911
376 596
377 465 512 560 611 658 741 844
378 385 649 747 800
379 591 622 755 828
380 648 676
381 425 584 712 825
382 407 512 527 575 620 694 705 711 731
383 435 641 649 697 700 702 760
384 413 434 607 625 687 691 698 829 857 891
385 441 780
386 462 512 553 816
387 606 679 923
388 525 681 764
389 491 762
390
391 456 457 461 601 608 682 782
392 441 483 581 587 588 662 771 799
393 511 536 587 597 615 701
394 441 585 820
395 410 411 512
396 402 425 586 679 884
397 720 867 893 923
398 509 562 788
399 416 547 567 812 829 883
400 663 748 782 913
401 405
402 467 509 525 825
403 458 494 505 535 638 645 852
404 451
405 730
406 409 474 614 766
407 434 463 473 631 749 817 856
408 608 667 723 730 775 849 871 917
409 657 840 876
410 533 535 589 652 775 855
411 675 729
412 649 651 715 722 750
413 495 606 662 865
414 599 619
415 487 605 626 909 911
416 522 546 675 685
417 448 661 676 710 713 743 903
418 496 558 658 781 867
419 436 511 548 561 570 690 698 742 757 882
420 446 777 812 815 827 916
421 454 616 649 824
422 554 646 703 780 871
423 427 837
424 515 642 692
425 431 505 538
426 597 807 893
427 515 706 795
428 445 458 705 727 762 769 826 843 846
429 484 661 796
430 462 486 692 899
431 609 813 860
432 517 717 905
433 595 604 629 854
434 582 616 662 665 825 919
435 598 676 848
436 690 890 893 901
437 489 625 659 763 832 891
438 450 659
439 561 662 697 767 919
440 480 512 527 861
441 473 706 737 795 801 858
442 461 566 791 858
443 602 675 686 775 851
444 454
445 470 701 805
446 581 654 691 832 896
447
448 630 656 713
449 637 791 856 897 911
450 646 671 800 838
451 519 685 811 849 856
452 456 484 524 588 642 833
453 650 667 782 879
454 456 789
455 545
456 502 503 624 638 813
457 539 563 765 869 874
458 473 509 925
459 598 620 788
460 804 915
461 563 646 721 770
462 687 773
463 547 682 808 851
464 689 726
465 528 797
466 590 599 652 686 817 898
467 499 517 688
468 478 553 574 621
469 485 574 699 896
470 585 593 619 917
471 524 562 572 576 749 799 873 883
472 534 535 740 889
473 608 704 719 813
474 485 539
475 607
476 804 834 928
477 489 531 768
478 659
479 547 639 730 764
480 539 876 907
481 503 622 670 728 924
482 676 767 831 864
483 564 644 806 834 860
484 661 864 868 920
485 521 696 839
486 524 716 746 854 865 894
487 722 768 822
488 493 519 571 622 633 776 799
489 570 574
490 531 805 826
491 537 782 873
492 619
493 617 629 901
494 795 801
495 510 716
496 521 566 610 775 881
497 720 737
498 539 763
499 723
500 598 879
501 709 748 881 885
502 770 864
503 598 623 711 718 807 819 828 914
504 637 665 758 772 913
505 685 723 805 904 928
506 527 569 576 688 737 743 868 915 925
507 750
508 754
509 608
510 511 561 573 674 677 738 843
511 743 764 820 892
512 520 625
513 643 718 842 875
514 581 613 635 641 658 662 748
515 582 639 698
516 562 671 719 913
517 830
518 666 696 754 838
519 916
520 536 573 801
521 695 863 883
522 735 827 856
523 640 727 817 825 870 893
524 581 790
525 562 899 908
526 533 547 603 924
527
528 544 579 595 762 839 845 925
529 600 749 815 891
530 582 785 824 871
531 550 575 649 845 871 927
532 536 574 582 605 852
533 561 676 761 776 814
534 621 638 769 887
535 574 629 704 902
536 553 576 606 666 852 886
537 774
538 655 915
539 604 765 790 845 905 919
540 789 881
541 666 681 698 757 865 876 906
542 593 746 767 790 814 815 902
543 595 736 820 822
544 547 586 731
545 559 578 627
546 860
547 550 594 621 895
548 561 584 739 866
549 583 740 909
550 751 927
551 628 668 685 717 916
552 609 616 618 779 902 920
553 719 774 885
554 691 902
555
556 591 624 785 879 910
557
558 580
559 698 762
560 623 866
561 883 922
562 693 815
563 578 687 760
564
565 668
566 717
567 712 821
568 826
569 618 873
570 587 669 679 769 770
571 595 639 707 810
572 583 712 759 765 824 900
573 769 845
574 904
575 619 791 886
576 696 706 811 918
577 832 895
578 645 684 763 791
579 896
580 604 777 791
581 598 731 756
582 848 895
583 617 635 646 827 899
584 587
585 617 643 703 716 758 888
586 761 830 884
587 593 616 630 826
588 779 787 819
589 699 761 854
590 800
591 625 678 700 713 732
592 674 711
593 666 929
594 627
595 785 856
596 600 678 689 859 876 920
597 863
598 625 706 821 915
599 845 901
600 643 782
601 639 653 717 745 846 852
602 670 857 900 919
603 684 693 723 757 759 844 860 926
604 664 876 887
605 789
606 632
607 906
608 614
609 619 622 798 799 801 816 906
610 661 662 690 804 810
611 699 835
612 661 716
613 699
614 656 727 779 810 879
615 730 736
616 921
617 688 810 891
618 926
619 686
620 652 669 785
621 873 917
622 736 816
623 672 749 816 879
624 627 650 746 787 810
625 731 782 792 870 904
626 768
627 896 919 926
628
629 686 696 751 907
630 687 694
631 759 902
632 917
633 791
634
635 647 754 823
636 890 921
637 751 833 851
638 672
639 689 735
640 844 867 905
641 873
642 889
643 755 774 828
644 674 680 891
645 785 884
646 684 787 909
647 734 796 927
648 680 682 878
649 676
650 651 690 771 892 928
651 826 871
652 685 745
653 690
654 755 774 867 877 881
655 720 851
656 691 694 709 790 822 854
657 836
658 671 777 829 885
659
660 727 823
661 770
662 796
663 758 834
664 724
665 666 705
666 680 782
667 808
668
669 873
670
671 687 759
672 728 735 748 752 760
673 849 867
674 717 778
675
676
677 925
678 723 918
679 746 770 792 831 866
680 716
681 758 892
682
683 791 842 899
684
685 784
686 711 744 753 856
687 861
688 772
689 917 918
690 894
691 873
692 756
693 700 721 746 749 808
694 915
695 753 827
696 792 807 850 894
697 803 836
698 741 829
699 763 868 895
700 750 815 830
701 754 859
702 738 823 824 825 838
703 788 789
704 788
705 762 887
706 773 878
707 781 813
708 911
709 797
710 840 862 920
711 720 741 748 854 900 925
712
713 816 828
714
715 907 927
716 741 789
717 770
718 738
719 763 816
720 830
721 854 896 899
722 873
723 844
724 838 845 911
725 749 780 825 826 918
726 890
727
728 796
729 737 762 801
730 896
731 760 895
732 834
733 828 857
734 771 928
735 756 770
736 929
737 854
738 769 811
739 743
740
741 891
742 756 803 860 888
743 815 834
744 837 854 927
745
746 898 917
747 813 823 902
748 785 814 836
749 791
750 778 852
751 763 825 884
752 790 826
753 787
754
755 882
756
757 821 825 897
758 864
759 854
760
761 910
762 865
763
764 846 887
765
766 831 890
767 921
768 815
769
770
771 857 921 927
772
773
774 777 799
775
776
777
778
779 912 916
780
781 793 861 907
782 798 920
783 877
784 789
785 804
786 863 864
787 874
788 797
789 896
790 814
791 826 836 869
792
793
794 838
795 887
796
797 849 854
798
799 837 841 888
800 869 870 886
801
802
803 874
804 816
805 883 893 898
806 898
807 907
808
809
810
811
812 828 843
813
814 877
815
816
817
818 886
819
820
821 833 881
822 846 874
823
824 910
825
826
827 862
828 837 895 908
829
830 831
831
832
833
834
835 868
836 904
837 863
838 839 864
839
840 916
841 846 870
842
843
844
845 910
846 882
847 875
848 874
849 908 924
850 868
851 908
852
853 886
854 876
855
856 875
857
858
859
860
861 880
862
863
864
865
866 909
867
868 879 905
869 895
870 891
871
872
873
874
875
876
877
878
879 918
880
881 891
882
883
884 892 911
885
886 908
887
888
889
890
891
892
893
894 921
895
896
897
898
899
900 922
901
902
903
904
905
906
907
908
909
910
911
912
913
914
915
916
917 925 928
918
919
920
921
922
923 926
924
925
926
927
928
929
