#/opt/homebrew/Caskroom/miniconda/base/envs/hack25/lib/python3.12/site-packages/ipykernel_launcher.py --f=/Users/jpinney/Library/Jupyter/runtime/kernel-v352576b36ed274793969b57d69d8306c9df606370.json
# GMT Sun Jul 20 12:23:29 2025
# 
0 308 472 1024 1250 1516
1 318 439 473 595 749 918 1019 1184 1284 1433 1572 1824
2 572 1106 1401 1547 1723
3 139 344 590 888 967 1070 1089 1158 1238 1401 1409
4 154 248 621 746 1272 1437 1590 1652 1675 1704
5 291 482 569 718 734 1089 1193 1351 1449 1594 1660
6 241 284 792 965 1301 1373 1617 1670 1696 1717 1833
7 126 458 515 948 1078 1233 1549 1589 1630 1778 1798 1844
8 266 313 512 1040 1101 1178 1273 1598 1609
9 209 670 707 808 922 1087 1215 1400 1505
10 368 432 891 992 1219 1261 1359 1701 1818
11 70 130 259 394 908 1149 1207 1294 1609 1701
12 414 680 977 1269 1401 1525 1562 1585 1735 1816
13 709 918 1313 1335 1580 1721 1722
14 320 830 882 960 1242 1260 1288 1582 1724 1805 1840
15 271 361 1388 1534 1702 1780
16 54 147 269 343 761 1084 1138 1547 1550 1716 1783 1839
17 91 277 545 612 922 1137 1764 1844
18 264 493 651 1253 1358 1430 1432 1528 1776 1820
19 88 116 301 733 1198 1278 1403 1450 1636 1816
20 194 612 915 1257 1558 1854
21 446 491 542 550 1098 1210 1699 1723 1754
22 502 508 1596 1653
23 46 95 210 608 751 938 1161 1417 1557 1655 1673
24 106 450 493 1090 1260 1407 1675 1701
25 363 622 966 1089 1188 1625 1801 1804
26 875 1220 1556
27 549 752 1238 1294 1342 1462 1698
28 277 338 677 1482 1483
29 770 900 1000 1465 1485 1747
30 251 394 507 696 818 866 1084 1355 1563 1589 1604
31 168 195 696 1143 1479 1750
32 543 637 757 868 956 1214 1257 1369 1745
33 484 1191 1378 1614
34 104 160 195 601 615 723 749 822 1030 1045 1498 1516
35 198 283 493 642 665 1263 1420 1442 1828 1835
36 700 1104 1174 1265 1350 1465 1628 1738
37 59 147 268 678 724 748 769 882 923 1732
38 141 465 502 524 574 732 738 1146 1185 1272 1594 1689 1796
39 100 165 614 691 1100 1435 1640 1829 1832
40 451 649 824 1513 1569 1655 1746 1847
41 314 377 568 892 1196 1289 1408 1467 1497 1779 1824
42 525 679 1291 1411 1445 1502 1622 1714 1727
43 244 952 1275 1817
44 420 641 815 1086 1122 1399 1760
45 122 474 580 948 1359
46 242 500 557 633 687 783 893 951 957 1257 1345 1449
47 1251 1585 1611 1629 1767
48 459 714 810 977 1011 1487 1510 1530 1714 1766
49 376 944 1342 1578 1609
50 67 160 225 334 534 594 702 1121 1301 1304 1715
51 271 498 653 1077 1138 1344 1373 1390 1696
52 186 244 548 643 692 918 1175 1459
53 353 495 662 964 1145 1695 1727
54 122 212 424 552 942 998 1205 1517 1574 1720
55 346 568 916 1326 1636 1702 1725 1760 1777
56 200 547 1526 1544 1673 1832
57 91 94 272 798 1043 1123 1559 1631 1819
58 339 370 676 725 861 1018 1387 1421 1624 1667 1703
59 294 450 868 1556 1683
60 175 270 364 1475 1582 1843
61 299 317 936 1186 1198 1227 1247 1488 1645 1684 1709 1740
62 210 365 640 708 1152 1180 1281 1298 1352 1595
63 67 245 252 504 775 805 948 1154 1260 1285 1322 1329 1358 1628 1650 1756
64 194 261 568 881 989 1149 1152 1205 1513 1629 1654 1700 1719 1730 1831
65 305 1012 1295 1417
66 342 478 510 542 613 868 1286 1761
67 362 531 929 947 1034 1295 1436
68 277 693 876 1274 1481 1551 1557 1713
69 193 300 362 446 547 555 599 1382 1501 1588 1629
70 206 401 1445 1516 1827
71 785 803 1219 1306 1397 1451 1460 1723
72 180 538 907 945 1042 1434 1565 1582 1671
73 169 790 895 1271 1521 1843
74 782 971 973 1027 1467 1624 1650 1835
75 460 501 560 720 745 974 977 1573 1697 1714
76 194 276 394 455 1560
77 586 1052 1287 1682 1696 1773
78 160 374 562 1116 1120 1142 1498 1623
79 96 385 855 1247 1384 1799
80 449 534 856 1039 1695
81 386 505 512 587 751 1136 1225 1543 1638
82 249 586 712 725 800 1202 1237 1417 1645
83 134 786 834 998 1046 1373 1645 1677 1771 1837
84 425 487 556 596 732 885 1066 1484 1702 1767
85 229 521 656 1066 1080 1187 1189 1228 1502 1573 1680 1741
86 692 831 873 923 940 1143 1289 1620 1649 1686
87 229 361 658 1350 1594 1676 1744 1850
88 98 124 550 675 897 1387 1545 1610
89 128 333 470 590 596 775 951 1147 1151 1176 1848
90 473 1732 1737
91 108 191 243 458 733 1056 1230 1753 1778
92 270 735 1192 1202 1204 1675 1683 1694
93 175 260 447 904 1153 1693
94 1212 1301 1555 1832 1838
95 100 495 514 543 576 875 1148 1457 1473
96 246 395 437 482 579 611 1298 1330 1527 1576 1679 1768
97 322 536 592 618 779 1028 1098 1101 1203 1266 1374 1430 1751
98 872 1682 1699 1808
99 157 213 838 1225 1293 1341 1480 1544 1681
100 215 1099 1234
101 102 110 423 1086 1159 1507 1559
102 468 860 867 1438 1686
103 523 671 1089 1398 1830
104 198 548 653 797 798 828 941 1261 1495 1564 1764 1805
105 305 383 783 785 943 1101 1125
106 227 287 316 429 470 477 535 1254 1461 1605
107 125 200 222 378 557 576 659 719 765 840 931 992 995 1003 1501 1526 1631 1643 1651
108 142 209 284 390 883 898 1252 1346 1520
109 203 264 355 402 994 1011 1315 1347 1689 1740
110 282 421 519 782 1099 1310 1318 1737 1791 1835
111 338 390 1086
112 550 838 1128
113 223 226 609 923 1475
114 715 795 872 1482 1674
115 231 270 307 321 336 451 566 591 952 1349 1492 1525 1647
116 206 839 1357 1618 1768
117 267 534 781 948 980 991 1001 1510 1598 1690 1714
118 128 177 182 383 523 586 632 772 936 1055 1507
119 239 337 366 413 465 711 814 839 911 1059 1237 1584 1609 1614
120 194 537 564 567 855 936 1675
121 242 403 561 623 713 969 1317 1696 1715 1851
122 507 592 1031 1158 1316 1615 1627 1802
123 641 857 1510 1526
124 240 433 980 1068 1182 1353 1848
125 156 248 340 411 416 448 830 1152 1348 1685 1807
126 283 803 918 1225 1267 1639
127 465 893 961 1340 1808
128 179 513 692 773 1067 1132 1311 1597 1601 1661
129 279 549 577 1227 1289 1368 1681 1712 1803
130 260 773 786 893 1102 1163 1619
131 183 245 368 499 638 1373 1439 1621 1655 1682
132 404 551 615 676 769 827 1089 1329 1604 1784 1819
133 800 1244 1523 1661 1756 1767 1768
134 562 621 649 710 938 1320 1666
135 282 694 824 839 859 884 887 1084 1115 1119 1259 1296 1454 1547 1794
136 430 471 488 1182 1345 1504 1592
137 632 685 739 855
138 256 443 840 933 1158 1641
139 243 532 784 814 936 1009 1238 1301 1381 1388 1449 1578 1716
140 713 749 864 970 1212 1217 1494 1553
141 201 212 329 397 770 1101 1144 1245 1563
142 468 920 1127 1374 1613
143 726 742 835 883 1024 1780
144 961 1258 1388 1438 1631
145 201 407 498 595 855 890 959 1089 1473 1486
146 210 329 418 623 676 701 946 1217 1255 1597 1600
147 501 543 676 1078 1375 1384 1418
148 172 665 686 736 798 1351 1538 1592 1643 1767
149 654 948 1182 1417 1467 1504 1553 1756
150 314 510 615 978 1137 1525 1563 1631 1785
151 156 912 964 1194 1221 1261 1428 1596
152 235 732 832 1001 1352 1604 1631 1848
153 226 463 1304 1431 1595 1639
154 299 1071 1162 1393 1405 1678
155 251 362 561 698 907 997 1025 1331 1349 1510 1592 1642 1746
156 212 270 1187 1324 1547 1721
157 297 316 397 502 800 926 1441
158 417 581 807 881 1198 1205 1387 1389 1768 1812
159 185 363 473 954 970 1110 1145 1516 1803
160 285 326 501 1040 1349 1700 1714
161 198 404 494 661 785 837 1395 1746 1761 1762 1799 1830
162 961 1293
163 185 225 883 1236 1371 1499
164 425 585 851 913 953 1238 1294 1546
165 207 585 607 751 903 1118 1171 1172 1391 1404 1478 1778
166 264 284 942 1081 1127 1155 1336
167 271 849 1017 1104 1253 1330 1540 1549 1551 1624
168 379 434 519 966 1785
169 244 493 494 1000 1133 1140 1271 1275 1277 1281 1646
170 283 498 577 712 776 939 1316 1527 1841
171 271 299 365 534 545 774 822 1122 1530 1634 1665
172 815 1240 1296
173 277 414 703 722 929 989 1052 1060 1483 1584 1661 1715 1850
174 442 848 882 1208 1235 1311 1585 1589 1754
175 391 428 597 634 858 914 1273 1494 1518 1655
176 316 891 968 1802
177 810 919
178 602 645 846 851 977 1055 1072 1733
179 282 468 723
180 346 351
181 248 835 1472 1525 1751 1854
182 505 1614 1751
183 267 832 1426 1703
184 273 286 457 744 902 1111 1418 1572 1794
185 320 560 710 899 1000 1110 1225 1475
186 273 867 971 1091 1096 1386
187 282 308 492 697 878 1554 1567 1633 1730
188 618 678 761 1153 1225 1434 1777
189 473 804 1046 1249 1435 1654 1725
190 281 675 964 1419 1580 1671
191 526 792 825 1018 1140
192 500 548 619 730 780 1085 1255 1352 1394 1466 1742 1764 1822
193 387 389 438 779 791 1069 1325 1500 1594
194 238 253 290 597 792 1836
195 234 244 516 623 1217 1266 1321 1359
196 267 331 1108 1125 1423 1634 1806
197 254 1197 1514
198 354 381 403 563 1205 1303 1353 1412 1584 1653 1670 1676 1763
199 501 555 674 834 907 1094 1098 1218 1578
200 386 546 828 1011 1652 1657
201 476 842 975 1144 1267 1402 1719 1779 1826
202 355 374 690 764 1048 1555 1576 1673 1692
203 214 454 688 807 837 899 1473 1679
204 253 337 660 829 1018 1123 1291 1329 1415 1603
205 269 596 698 773 878 902 1101 1624 1654 1791
206 327 357 515 523 859 876 976 1085 1686
207 391 513 1574 1630 1641
208 277 745 814 1054 1211 1472 1685
209 388 716 867 961 1351 1527 1692
210 623 789 1550 1567
211 348 463 517 700 935 1251
212 239 642 644 805 854 984 1093 1317 1467 1712
213 252 528 541 1536 1561 1709 1796
214 353 356 460 609 790 1254 1419 1454
215 223 299 307 394 483 484 487 511 1381 1545 1734
216 336 371 568 793 857 907 921 941 1151 1482 1563 1801
217 305 363 1156 1390 1608 1676 1781
218 267 630 768 962 1025 1054 1361 1478 1747
219 482 1264 1355 1452 1621 1721 1738 1742 1764 1782
220 288 411 441 510 520 542 571 609 713 715 1148 1605 1623 1736 1817
221 336 624 897 1010 1212 1506
222 625 1194 1213 1510 1516 1852
223 425 430 580 615 747 806
224 308 1381 1663 1801
225 828 996 1256 1368 1450
226 239 259 320 446 526 600 686 787 1439 1445 1800
227 334 579 714 823 850 865 1264 1516 1700
228 404 511 641 674 1114 1305 1371 1452 1630
229 900 936 958 1436 1691 1820 1837
230 240 444 485 643 881 1067 1081 1525 1640
231 245 456 593 670 1425 1595
232 629 649 723 1136 1198 1327 1397 1480 1579 1585 1835
233 378 683 710 1024 1080 1144 1259
234 505 518 1186 1383
235 362 381 411 1087
236 434 532 788 836 968 1431 1472 1604 1821
237 385 598 724 742 930 1196 1355 1432
238 245 636 641 815 829 850 958 1022 1074 1255 1271 1632 1695
239 284 641 1503 1659 1724
240 623 640 656 709 1079 1320 1601 1664 1759
241 296 334 353 366 634 727 737 1141 1236 1280 1318 1485 1661 1775
242 299 361 547 582 799 1407 1547 1630
243 331 407 538 563 858 909 1336 1377 1545 1814 1843
244 305 983
245 262 601 768 939 1064 1105 1138 1171 1234 1247 1373 1385 1580 1719 1848
246 374 383 413 477 499 667 905 991 1083 1152 1505 1546 1549 1731
247 284 439 521 544 697 888 941 1176
248 400 414 830 918 961 1713 1849
249 294 739 848 867 991 1200 1291 1307 1373
250 328 419 526 766 773 808 1287 1641 1730 1832
251 276 539 559 844 1037 1338 1528 1564 1591 1677 1746 1763
252 324 377 518 540 781 799 807 869 976 995 997 1530 1613 1779
253 257 431 518 842 880 1156 1376 1772
254 476 509 562 713 1376 1439
255 258 315 441 731 785 811 1074 1699
256 383 466 651 764 920 1065 1345 1566 1735
257 302 850 994 1102 1349 1398 1507 1587 1674
258 569 634 895 1043 1224 1260 1490 1562 1620 1654
259 298 471 573 597 703 715 734 933 1037 1076 1110
260 287 790 1089 1204 1308 1392
261 337 390 408 733 1799 1819 1839
262 288 534 884 948 1159 1291 1397 1520
263 691 847 926 1081 1253 1616 1629 1763 1821
264 827 888 1388 1516 1647
265 463 708 714 1267
266 335 568 623 838 965 1465 1496
267 526 583 585 1009 1053 1703
268 337 952 1511 1533 1822
269 285 477 510 559 626 653 1099 1154 1191 1410 1503 1543 1620
270 618 814 898 1122 1449 1730
271 273 570 724 739 1107 1218 1354 1739 1847
272 353 569 652 769 1331
273 446 517 664 1133 1548 1556 1833
274 398 401 640 903 995 1488 1574
275 418 446 689 775 933 1292 1548 1645 1652
276 470 518 703 719 1055 1247 1749 1803 1836
277 313 431 485 649 829 905 968 978 1427 1613 1745 1775
278 396 822 1818
279 461 600 769 963 981 1369 1569 1635 1642 1755 1815
280 637 1299 1331 1455 1470 1478 1601 1659 1686
281 563 858 983 1041 1329 1382 1386 1831 1850
282 408 409 435 546 732 954 1090 1195 1394 1535 1564 1831
283 350 371 441 591 598 728 766 798 1596
284 835 1271 1441 1499 1508 1579 1630 1794
285 624 748 788 916 1353
286 506 548 640 668 832 837 1102 1307 1362 1440 1687 1720
287 600 1049 1083 1644
288 301 724 866 990 1177 1197 1277 1457 1676
289 453 906 1335 1614 1741
290 528 692 963 1480 1655 1690 1785
291 292 378 561 802 821 875 943 1051 1527 1687 1751
292 470 474 891 1038 1098 1300 1484 1525 1572 1702 1733 1816
293 477 647 786 876 883 889 1437
294 353 534 692 755 985 1005 1081 1181 1212 1544
295 560 930 1036 1093 1242 1472
296 435 743 844 1127 1178 1305 1782
297 459 493 517 773 894 1084 1293 1406 1567 1622
298 948 1342 1585 1696
299 317 526 665 839 962 976 1046 1085
300 574 968 1397 1431 1606 1624
301 626 692 956 1222
302 811 985 1128 1284 1315 1322 1421 1464 1522 1533 1744 1765
303 566 614 1487 1648 1655
304 350 508 515 740 897 954 1099 1250
305 600 703 901 1005 1349 1407 1532 1634 1822 1827 1831
306 568 801 1447 1480 1489 1501
307 1029 1035 1240 1307 1589 1614
308 510 847 1023 1076 1257 1554 1673 1833
309 416 636 758 771 1083 1220 1321 1379 1515 1616
310 611 1057 1204 1295 1495 1546 1836
311 610 661 801 815 1093
312 360 769 1163 1371 1408 1432 1623 1636
313 372 794 994 1304 1321 1348 1372 1448 1677 1753
314 367 374 383 691 871 1286 1459 1837
315 329
316 567 933 1024 1247 1368 1565 1657 1701 1735
317 658 732 940 1177 1288 1315 1556 1679 1819
318 606 669 762 770 801 1466 1500
319 585 887 1260 1389 1683
320 342 681 877 968 1689 1726 1760 1763
321 670 978 1339 1796 1804
322 361 599 671 837 916 975 982 999 1337 1511 1655
323 392 413 418 538 952 1042 1213 1335 1505 1581 1627 1845
324 410 649 683 773 828 1210 1214 1231 1458 1482 1632
325 491 572 1015 1224 1227 1250 1344 1454 1643
326 586 607 731 1177 1198 1292 1680
327 759 899 1037 1114 1135 1236 1280 1637 1713
328 629 679 715 1111 1300 1466 1478 1510
329 447 1041 1117 1230 1635 1644 1688 1796
330 703 1185 1246
331 797 1249 1568
332 335 445 539 691 792 1124 1277 1394 1835
333 663 1409 1511
334 685 764 766 994 1223 1424 1806 1821
335 448 763 995 1278 1432 1791
336 438 446 794 1225 1330 1825
337 436 556 590 987 1030 1084 1141 1265 1295 1548 1766
338 657 878 1175 1416 1418 1571
339 506 654 656 863 876 1473 1660
340 385 488 591 907 1042 1312 1754 1831
341 580 1337 1431
342 451 806 1456 1499 1518 1524
343 585 843 926 1122 1433 1608
344 541 658 1039 1320 1367 1731 1739
345 1027 1382 1479 1713
346 731 928 1012 1233 1318 1398
347 395 504 602 652 812 883 1200 1573 1638
348 601 757 979 1001 1099 1222 1265 1383 1586 1807
349 530 610 640 1184 1299 1438 1574
350 470 799 950 953 1399 1592 1606 1706
351 359 415 819 857 1036 1041 1228 1842
352 357 372 774 1100 1146 1153 1602 1609 1620 1680 1702
353 432 442 729 784 948 986 1101 1152 1624 1711
354 602 764 1624 1705 1820
355 898 1686 1819
356 571 1056 1122 1751
357 439 440 442 656 682 1446
358 810 850 857 1118 1402 1425 1848
359 400 410 507 922 1679
360 400 717 908 1097 1826
361 478 488 1040 1293 1376 1378 1393
362 612 770 798 892 1150 1178 1459 1599
363 630 983 1219 1555
364 454 631 794 852 1415 1539 1804 1818
365 582 718 1142 1274 1284 1506 1608
366 415 855 1396 1503 1605 1789 1816
367 383 448 846 921 1013 1039 1227 1774
368 646 1200 1413 1533 1535 1561 1669 1761
369 518 586 658 1013 1116 1186 1304 1367 1579 1785
370 565 933 1289 1319 1760
371 608 806 853 1091 1206 1276 1356 1548 1647 1736
372 400 797 979 1005 1076 1084 1231 1245 1277 1355 1366 1695 1776
373 393 706 820 831 1264 1516
374 479 964 981 1030 1195 1803
375 388 1180 1500 1549 1556 1597
376 502 506 818 824 936 1198 1311 1635
377 992 1097 1253 1822
378 468 513 1055 1215 1304 1321 1490 1591 1823
379 749 1039 1760
380 420 645 675 687 1061 1379 1705 1735
381 573 611 846 1059 1503 1543 1838
382 497 658 989 1341 1541 1581 1649
383 462 515 766 1033 1142 1577
384 527 1037 1115 1197 1273 1354 1843
385 468 614 996 1065 1232
386 528 616 688 709 728 833 953 957 961 1137 1173 1383 1510 1571 1623 1732 1829
387 491 550 600 1084 1114 1154 1350 1513 1640 1793
388 399 422 1051 1387 1631
389 521 554 1213 1272 1586
390 809 1242 1456 1578 1716 1812
391 488 645 714 1074 1677
392 415 794 838 941 1452 1556
393 763 935 1029 1325 1336 1503 1766
394 464 792 1157 1407 1502 1507 1524
395 605 685 806 833 1047 1153 1196 1415 1438
396 410 1042 1358 1676 1849
397 727 1192 1754
398 544 755 976 1069 1247 1617
399 458 533 558 581 648 706 759 773 1241 1303 1335 1339 1477 1550
400 713 839 1199 1282 1455 1563 1672
401 815 984 1639
402 955 1091 1128 1231 1430 1452
403 506 782 996 998 1276 1361 1584
404 552 579 690 731 758 828 1052 1189 1574 1848
405 423 453 1183 1826
406 494 1056 1343 1375 1712
407 714 725 778 936 1117 1142 1472 1507 1665
408 450 654 773 832 840
409 658 820 1343 1780 1840
410 658 758 782 910 925 1409 1628
411 775 1183 1188 1263 1282
412 572 589 773 883 886 987 1136 1445 1534 1627 1756
413 448 632 735 785 1264 1270 1351 1704 1811 1850
414 561 598 655 949 1334 1528 1570 1639
415 687 947 1006 1128 1337 1617 1756
416 560 691 1252 1481
417 673 716 1385 1481 1680 1768
418 514 1340 1507 1611 1725
419 635 730 1072 1133 1325 1543
420 518 567 806 1407 1763
421 682 942 978 1320 1476
422 430 490 608 1830
423 512 732 830 1223 1449 1480 1827
424 776 1173 1327 1516 1589 1614
425 455 552 591 753 923 940 1150 1345 1511 1707
426 582 779 885 965 1017 1555 1624 1732
427 774 832 984 1155 1672
428 571 577 876 1139 1232 1579 1670
429 612 620 784 904 1011 1249 1837
430 439 749 770 871 1042 1094 1174 1444 1528
431 510 552 619 1145 1483 1713
432 588 715 754 1018 1106 1126 1366 1423 1608 1654
433 697 856 907 947 1214 1219 1275 1355 1613 1654
434 436 550 573 644 977 1138 1166 1472 1553
435 1093 1099 1252 1440 1683 1726 1833
436 1348 1512 1584 1753
437 630 655
438 495 540 559 803 811 1220 1505 1845 1854
439 678 945 956 1143 1198 1332 1461 1720
440 538 716 915 1520
441 908 1180 1805
442 581 832 1454 1509 1767 1785
443 1207 1508 1645
444 506 853 1199 1451 1520 1826
445 457 1044 1053 1250 1618 1809
446 473 698 856 984 995 1501 1529 1612
447 627 637 972 1225 1288 1318 1786
448 552 823 937 1243
449 656 1013 1264 1344 1554
450 738 886 930 1231 1664
451 619 666 906 938 989 1063 1346 1367 1392 1781 1795 1802 1811
452 718 1089 1188 1230 1249 1559 1597
453 1003 1234 1330 1497 1581 1722
454 764 767 1007 1069 1077 1773
455 486 960 997 1211 1283 1442 1519 1743
456 747 877 922 976 1115 1155 1497 1608 1753
457 681 1017 1449 1536 1647 1671
458 480 578 1507 1543 1735
459 691 1153 1488
460 680 1455 1690
461 1124 1771
462 715 882 888 1231 1288 1313 1347 1352
463 561 680 1777
464 534 574 596 690 999 1577 1770
465 1198 1304 1349 1505 1530
466 513 726 850 1185 1366 1507
467 718 1219 1332 1685
468 743 956 1089 1485 1606
469 589 749 757 865 1029 1152 1182 1422
470 603 961 1052 1666 1706
471 1316 1628 1704 1715 1842
472 473 685 738 856 1057 1073 1120 1205 1366 1445 1470 1503 1626 1790
473 525 690 1187 1342 1389 1428 1471
474 535 591 859 1115 1148 1333 1582 1600 1706 1789
475 551 693 727 1006 1326 1443 1648
476 607 645 656 717 751 788 857 1088 1138 1381
477 900 1013 1037 1236 1552 1554 1748 1826
478 556 632 751 881 1248 1561
479 533 927 928 1032 1354 1409 1507 1702
480 1131 1197 1201 1645
481 730 796 956 1053 1104 1263 1310 1723 1803
482 824 839 971 1467 1513
483 572 809 826 1208 1555 1851
484 541 1559 1816
485 692 1187 1386 1712 1766
486 755 1111 1222 1506
487 772 839 846 1011 1193 1483 1737 1774
488 740 832 1314 1565
489 648 725 935 991 1029 1427
490 637 685 787 1197 1373 1470 1613
491 513 1422 1581 1629 1664 1701 1723
492 726 826 846 1187 1309 1618 1772
493 1165 1220 1289 1322
494 676 681 823 833 845 1116
495 1013 1196 1228 1353
496 547 674 882 1218 1430 1488 1493 1721 1794 1806
497 669 718 809 853 1096 1145 1327 1346 1377 1555 1754
498 539 671 759 830 1288 1749 1750 1837
499 518 552 868 926 1022 1157 1288 1359 1362 1452 1525 1597 1636
500 588 1122 1442 1523 1593 1749
501 641 683 875 928 940 1198 1672
502 610 972 1207 1524 1686
503 920 1402 1583 1641 1680
504 1033 1119 1265 1590 1686
505 876 1269 1509 1532 1561 1682 1689
506 980 1249 1259 1337 1489 1591
507 857 1291 1429 1506 1717
508 531 604 961 978 1208 1242 1244 1555 1617
509 1569 1737 1778 1840
510 595 854 1322 1346 1620
511 592 1003 1041 1221
512 626 709 896 1057 1130 1441 1727
513 569 591 791 840 1075 1480 1615 1616 1665
514 530 1035 1129 1639
515 606 672 894 1042 1472 1726 1837
516 553 722 1046 1054 1087 1353 1483
517 1678 1831
518 751 844 1519 1695
519 610 638 644 656 825 887 1051 1249 1445 1812
520 644 666 951 1064 1183 1374 1529 1538
521 738 757 806 874 1143 1235 1288 1414 1563 1566 1578
522 536 740 781 1043 1077 1720 1788 1843
523 821 891 913 1045 1131 1133 1220 1421 1427 1651 1851
524 529 571 722 727 1224 1481
525 536 683 757 863 1187 1196
526 568 900 1052 1327 1490 1668
527 534 606 652 654 942 1520 1539 1543 1647
528 990 1103 1328 1341
529 560 611 867 925 1010 1015 1070 1279 1291
530 652 1139 1518 1716
531 654 708 1037 1226 1507
532 1092 1217 1757
533 737 988 1114 1268 1275 1708
534 632 854 1246 1388 1520 1778 1816
535 1229 1384 1815
536 895 1001 1146 1492 1546
537 747 776 1198 1524
538 734 850 1106 1113 1137 1344 1835
539 761 1103 1438 1703
540 631 703 852 935 1263 1315 1332 1465 1549 1675
541 710 870 1183 1213 1540 1692
542 551 699 771 778 804 1254 1278 1337 1483 1684 1770 1790
543 605 1062 1309 1425 1590 1679
544 575 617 888 1426 1487 1701 1771 1796
545 1063 1402 1417 1585 1649
546 563 907 1079 1273 1659
547 556 735 810 1081 1086 1384
548 1061 1076 1570 1742 1831 1847
549 717 725 906 1126 1523 1528
550 664 815 865 972 1010 1099 1374 1622 1638
551 567 668 1053 1473 1557 1833 1835
552 680 813
553 1051 1349 1387 1625 1677 1790 1840
554 600 767 870 1088 1366 1488 1494 1700 1718 1720
555 722 776 802 880 1186
556 846 1051 1640 1662 1730
557 588 662 838 874 895 1386
558 570 574 639 1095 1120 1160
559 610 1034 1124 1146 1244 1365 1482 1630 1673 1740
560 738 1037 1236 1275 1319 1431 1551 1784 1814
561 745 832 1071 1495 1565
562 606 744 960 1050 1344 1741
563 1008 1234 1347 1662
564 755 1074 1422 1679
565 889 1110 1270 1539
566 668 688
567 599 772 1030 1244 1331 1378 1446
568 874 1252 1331 1356 1576 1807
569 599 664 768 1069 1353 1522
570 690 1003 1390 1636 1779 1820
571 1382 1541
572 640 732 1218 1306 1512 1556 1579 1653
573 632 729 1170 1510
574 691 840 986 1252 1716
575 1045 1296 1323 1478
576 590 686 809 1113 1215 1321 1463
577 591 855 1342
578 580 636 780 887 1370 1431 1609 1620 1713
579 594 702 736 918 1063 1439
580 643 1278 1280 1339 1385 1513 1591 1635 1650
581 585 920 1570 1574 1665 1763 1764 1767
582 586 621 996 1459 1577 1666
583 739 881 1094 1360 1466 1639
584 895 986 1102 1635 1720 1747 1797
585 1166 1407 1443 1699 1703
586 768 776 788 809 856 1296
587 700 1188 1232 1521 1616 1643 1699
588 1395 1670 1801 1825
589 596 608 673 1041 1067 1115 1251 1297 1299 1328 1481 1543
590 790 875 892 1471 1628 1676
591 675 1075 1267 1542 1658 1804 1813 1817
592 801 1152 1183 1253 1592 1850
593 753 932 1004 1095 1420
594 704 720 1535 1798 1847
595 915 967 1165 1691
596 1221 1262 1725
597 668 815 907 981 1415 1532 1568 1708
598 1396 1608 1634 1679 1736
599 607 693 712 1175 1279 1728
600 656 853 1325 1329 1394 1461 1492
601 817 1136 1327 1552 1783
602 604 1588
603 1162 1172 1234 1323 1518
604 755 989
605 610 614 665 828 836 837 1051 1211 1507 1704
606 628 665 837 1066 1120 1122 1185 1311 1341 1452 1670
607 649 774 1127 1354 1535 1603 1604 1623 1766
608 749 989 1724
609 1054 1623 1626
610 787 990 1028 1055 1105 1720 1737 1810
611 626 911 1081 1724
612 637 917 1027 1172 1260 1291 1355 1453 1471 1557
613 801 857 1094 1108 1493 1697
614 765 767 770 1032 1287 1663
615 789 842 919 972 1052 1755 1810 1843
616 647 836 889 971 1285 1315 1339 1367 1628
617 756 931 1127 1440 1504 1694
618 810 1736
619 1066 1330 1394 1409 1696 1746 1797
620 710 827 904 1167 1232 1308 1346 1443 1486 1517 1596 1654 1708 1769 1770 1776 1814
621 663 713 855 1065 1301 1581 1795 1801
622 951 970 1208 1299
623 1573 1592 1834
624 675 742 829 964 1262 1476 1751 1812
625 649 760 963 1277 1326 1443 1665
626 746 866 868 959 1236 1250 1548 1556 1783 1807
627 1101 1831
628 875 934 1455 1667
629 675 688 819 1288 1310 1385 1559 1698 1816
630 897 906 911 989 1737 1746 1778
631 672 728 939 1218 1276 1611 1712
632 799 812 987 1075 1325 1597
633 1068 1416 1438 1483 1694 1747
634 681 954 997 1024 1437 1586 1741
635 771 1262 1504 1608
636 659 1565 1745
637 642 896 1427 1570 1812
638 776 867 883 1060 1080 1091 1095 1258 1265 1354 1360 1771
639 782 851 853 1217 1376 1403 1487 1495 1812
640 960 1208 1535 1541
641 745 798 855 858 870 1007 1596 1601 1838
642 692 925 928 1060 1231 1518 1599 1815
643 662 1000 1120 1683 1772
644 668 935 952 993 1028 1068 1394 1520 1748
645 918 1012
646 894 1067 1299 1385 1477 1762
647 725 1026 1557 1598 1603 1621 1741 1767
648 669 925 995 1026 1110 1412 1478 1481 1506 1632 1659
649 706 777 981 1064 1396 1464 1526 1597 1797
650 705 866 1079 1133 1185 1339 1494 1588 1761
651 787 821 1151 1344 1453 1714 1732 1781
652 658 736 962 990 1822
653 1348 1479 1639 1702 1852
654 714 928 947 1211
655 969 1030 1334 1800
656 1570
657 691 909 984 1052 1115 1158 1170 1553
658 700 808 950 1270 1394 1545
659 815 921 1079 1102 1115 1499 1640 1670 1736
660 820 942 956
661 951 1080 1115 1335 1841
662 747 849 1108 1285 1736 1746
663 1128 1309 1830
664 867 957 1284 1501 1502 1543
665 746 934 1103 1387 1407 1472 1522 1534 1617 1818
666 940 1340 1506 1532
667 855 1069 1161 1328 1592
668 697 732 772 799 855 941 1075 1451
669 944 1006 1297 1340 1404
670 696 762 952 990 1030 1187 1227 1413 1488
671 674 679 740 835 904 1151 1397 1785
672 674 711 789 834 909 1685 1693
673 717 854 910 1367 1716
674 793 921 1028 1492
675 1293 1356 1432
676 705 877 1461 1502 1760
677 746 857 881 1031 1342 1526 1625 1788 1801 1849
678 880 992 1129 1228 1252 1646
679 934 973 1037 1224 1616 1647
680 833 1148 1305 1566 1707 1767
681 691 740 942 988 1204 1447
682 944 1095 1448 1572
683 768 887 991 1787 1833
684 1181 1585 1737
685 829 1120 1207 1275 1407 1569 1678
686 730 793 1133 1420 1520 1644 1802
687 722 812 815 1149 1257 1338 1492 1830
688 762 1050 1096 1170 1176 1424 1431 1606 1683 1731 1816 1847
689 701 842 874 1257
690 765 886 900 1184 1393 1681
691 795 1001 1003 1248 1333 1335 1401 1439 1516 1553
692 787 1062 1822
693 725 894 898 1145 1477 1556 1657 1773 1800
694 794 909 994 1017 1029 1161 1251 1339 1625 1716 1731
695 1120 1232 1630 1685
696 816 1148 1374 1600
697 1488 1665 1748
698 983 1049 1187 1509 1572 1678
699 921 1318 1380 1601 1620 1640 1679 1690
700 925 1323 1470 1559 1792
701 910 964 1748 1839
702 1145 1214 1544 1585
703 936 1334 1365 1426 1563 1734 1852
704 743 764 895 951 1259 1408 1787 1816
705 826 1008 1118 1200 1488 1620 1688 1705 1755
706 1187 1239 1348 1787
707 895 1040 1104 1195 1299 1626 1726
708 730 740 836 1071 1483
709 718 986 1016 1154 1242 1326 1371
710 727 762 1002 1175 1319 1491 1561 1834
711 1074 1402 1479 1520 1700 1832
712 903 973 1070 1097 1213 1434 1530 1602 1707 1755
713 925 991 1038 1039 1149 1375 1612 1701 1736
714 883 925 1217 1400 1719
715 945 1048 1252 1291 1354 1744
716 1013 1026 1475 1529 1776
717 1135 1146 1294 1486 1526 1767
718 830 1077 1222 1520
719 856 870 909 1132 1133 1270 1413 1418 1486 1647 1730
720 988 1216 1531
721 1158 1818
722 1215 1269 1361 1500 1695
723 990 1023 1657
724 863 878 904 1330 1411 1792 1819
725 934 946 1045
726 738 976 1037 1177 1411
727 780 1164 1289 1658 1745 1833
728 755 778 1435 1502
729 1061 1083 1134 1191 1254 1389 1698
730 962 1411 1467
731 931 981 1069 1473 1724
732 989 995 1102 1158 1442 1675
733 1011 1127 1199 1241 1313 1546
734 821 874 965 1169 1213 1454 1702 1737 1803
735 880 993 1413 1505
736 839 957 995 1301 1381 1460 1464 1573 1623 1762
737 1440 1805
738 794 1048 1236
739 867 966 1014 1060 1088 1111
740 771 1156 1177
741 747 856 905 1224 1397 1533
742 886 1099 1227 1619
743 837 1043 1214 1217 1225 1405 1499 1730
744 1259 1717
745 840 1226 1418 1525 1561 1679 1706 1838
746 889 1005 1031 1552 1626 1644 1721
747 796 897 916 928
748 1584 1657
749 761 1257 1304 1337 1776
750 760 851 1213 1257 1269 1295 1833 1835 1853
751 925 945 1196 1329 1356 1404
752 857 945 997 1451 1593
753 1008 1083 1174 1436 1547 1569 1743
754 793 1172 1495 1500
755 969 1257 1425 1587 1816 1853
756 903 1164 1302 1396 1563 1676 1690 1775
757 769 956 1298 1573 1651
758 1627
759 1125 1201 1289
760 809 867 986 1059 1195 1294 1320 1330 1441 1495 1507
761 1182 1299 1328 1706
762 1604
763 801 821 942 1092 1111 1114 1269 1639 1735
764 858 997 1127
765 871 962 1577
766 935 1020 1029 1375 1723
767 950 1050 1079 1264 1367 1805 1830
768 859 1248 1254 1545 1553
769 783 914 1114 1257 1355
770 821 965 1227 1574 1582 1658
771 1508 1526 1746
772 1161 1219 1393 1664 1720
773 777 822 872 1368 1676
774 1207 1242 1562 1738 1786 1826
775 958 1398 1583 1628 1654 1749 1817
776 945 1111 1576 1796 1829
777 976 1017 1164
778 889 923 1093 1373
779 884 893 945 997 1047 1116 1689
780 817 932 1082 1090 1208 1254 1660
781 968 1018 1035 1162 1180 1193 1676
782 900 1002 1590 1652
783 1057 1393 1510 1575 1628
784 888 1040 1312 1436 1521 1625 1829
785 880 1125 1306 1419 1606 1668 1806
786 1208
787 948 1246 1287 1416
788 1020 1042 1163 1752
789 1056 1118 1714
790 1180 1546 1680 1726 1740 1765 1768
791 854 1047 1198 1437 1738
792 805 1007 1163 1536 1563 1782
793 849 1228 1409 1593
794 1001 1028 1470 1674 1781 1796
795 1266
796 888 952 1045 1229 1257 1683
797 1179 1284 1391 1508
798 1132 1168 1257 1393 1414 1847 1851
799 1031 1276 1309
800 1380 1423 1607 1664 1687 1834
801 1191 1233 1827
802 856 938 986 1061 1314 1721 1764 1810
803 1701
804 1203 1397 1521 1580 1622 1835
805 1058 1221 1292 1582 1824 1828
806 1118 1347 1695
807 1024 1285 1784
808 1260 1355 1443
809 932 938 1369 1422 1642
810 1009 1286 1829
811 985 1062 1260 1261 1349 1671 1808 1848
812 936 1106 1233 1367
813 1077 1118 1282 1723
814 993 1067 1284 1768 1847
815 852 1494 1700 1830
816 911 1615 1782 1840
817 899 1218 1311 1755
818 1116 1390 1402 1552 1575
819 830 1006 1066 1079 1267
820 943 1386 1457 1692
821 1205 1407
822 1728 1738
823 1012 1020 1031 1102 1136 1263 1283
824 1052 1417 1600
825 1345 1447 1721
826 1092 1202 1296
827 868 995 1369 1384
828 1115 1621
829 877 1113 1274 1455 1523
830 832 969 1183 1283 1385 1599
831 868 880 1155 1200 1387 1500 1583 1712 1732 1746
832 1380 1575
833 843 951 1009 1272 1350 1514 1521 1533 1728
834 892 976 1356 1489 1743
835 853 900 942 1127 1161 1170 1202 1222 1359 1374 1375 1421 1497
836 847 938 1008 1383 1548 1605
837 1223 1354 1355 1423 1494
838 846 972 1232 1429 1542 1585 1741 1746
839 881 935 1217 1239 1457 1511
840 920 1021 1629 1693 1799
841 1089 1227 1449 1493 1631 1816
842 863 1133 1551 1630
843 1221 1508 1565 1635 1665
844 992 1068 1464 1680
845 1053 1074 1206 1252 1293 1395 1444 1517 1617 1646 1667
846 1176 1420 1449 1466 1704 1719
847 930 984 1301 1336
848 1064 1123 1712 1744
849 943 982 1091 1126 1284
850 1398 1708
851 1056 1216 1540 1556 1583 1637 1823
852 920 980 1363 1414 1738 1816
853 1206
854 1219 1416 1498 1632
855 897 1059 1169 1832
856 1169 1242 1295 1439 1633 1760
857 864 1341
858 869 889 1068 1278 1365 1380 1518
859 915 1588 1690
860 1057 1102 1291 1585 1796 1836
861 874 1024 1408 1590
862 901 1369 1433
863 892 1164 1291 1482 1641 1772 1807
864 946 1113 1133 1577 1696 1806
865 901 978 1114 1471 1481
866 1025 1226 1229 1245 1408 1455 1741
867 1212 1250 1298 1432 1682
868 982 1219 1229 1679 1786
869 918 1373 1447 1605 1632 1673
870 942 1200 1533
871 1059 1440 1476 1652
872 886 890 1018 1261 1293 1341 1342 1765
873 1324 1424 1615 1656 1786
874 945 1235 1374 1570 1700 1769
875 910 1197 1412 1841 1848
876 955 1244 1516 1662 1813
877 955 1023 1262 1636 1820
878 898 915 1074 1150 1295 1331 1473 1516
879 918 1171 1560 1846
880 886 993 1020 1071 1151 1393 1490 1832
881 890 966 1177 1178 1463
882 1057 1346 1661 1806
883 1018 1317 1321 1567 1696 1727 1830
884 1001 1031 1515 1568 1677
885 906 943 965 1029 1247
886 1044 1219 1492 1528
887 1490 1519 1532 1592 1831
888 1036
889 922 1577
890 1142 1472 1550 1710 1778
891 1060
892 1028 1241 1638 1701 1720
893 976 1094 1244 1321 1467 1518 1617
894 902 905 1302 1406 1461 1496 1509 1541 1575 1621
895 900 997 1225 1708 1736
896 1067 1429 1573 1597 1708 1760 1844
897 995 1269 1420 1576 1750
898 999 1062 1187 1202 1353
899 978 1349 1428 1468
900 959 1093 1264 1772
901 1047 1073 1075 1084 1148 1300 1397 1550 1599
902 973 1258 1300 1402 1412 1460 1596 1598 1652
903 1176 1413 1420 1506 1682 1766
904 1104 1241 1356
905 926 955 1024 1121 1126 1320 1666 1743
906 944 950 1197 1210 1742
907 1007 1214 1270 1427
908 974 1198 1335 1801
909 972 1076 1083 1114 1117 1122 1361
910 935 1029 1133 1196 1306 1420 1577
911 1145 1203
912 1680 1770
913 966 1085 1570 1817
914 1028 1055 1268 1453 1783 1797
915 944 953 1130 1230 1626
916 949 1352 1432 1465
917 1527 1796
918 1143 1147 1730
919 995 1228 1233 1322 1428 1520
920 944 1059 1679
921 984 1069 1649
922 924 1457 1557 1649 1768
923 1138 1425 1498
924 1092 1587 1751
925 1045 1098 1193
926 1435 1578 1673 1748 1790
927 1020 1491 1733
928 1154 1429 1455
929 1721 1807 1828
930 993 1028 1290 1562 1573 1734
931 1341 1509
932 1284 1515 1531 1534
933 1442
934 1384 1386 1408 1551 1791
935 1608 1746 1784
936 1016 1255 1329 1447 1497 1528
937 1054 1185 1454 1793
938 1021 1308 1516
939 989 1190 1736
940 1146 1416 1690 1714
941 1175 1202 1404 1680
942 1097 1180 1715 1787
943 1089 1328 1511 1628 1695
944 1117 1217 1249 1357 1637 1638
945 1011 1294 1344 1628 1758
946 1132 1461
947 1208 1236 1322
948 1665 1677 1839 1851
949 952 1035 1197 1373 1478
950 956 999 1005 1145 1151 1324 1467 1800
951 1180 1373 1377 1587 1773
952 1006 1058 1185 1668 1784
953 978 1133 1688
954 1133 1217 1227 1473 1532 1609
955 1088 1271 1773 1800
956 985 1034 1237 1244 1442 1447 1528 1607
957 1559
958 1330 1352 1417 1492 1658
959 1147 1295 1566 1725
960 1005 1688 1742 1751
961 999 1147 1627 1678 1732
962 968 1035 1375 1513 1711 1839
963 1051 1440 1530 1682 1732 1800
964 1346 1807 1839 1853
965 1508
966 973 1141 1624 1643
967 1023 1464 1668
968 1031 1427 1496 1544 1678 1726 1840
969 1064 1119 1204
970 1002 1376 1573 1703 1791
971 1221 1454 1636 1646 1801
972 1036 1272 1306 1336 1445 1680 1748
973 1045
974 1004 1108 1351 1448 1640 1822
975 976 1047 1840
976 1772
977 1309 1317 1826
978 1140 1318 1322 1437 1580 1733
979 1023 1312 1319 1636 1752
980 1236 1270 1599
981 1832
982 1537 1832
983 1014 1145 1342 1556
984 994 1027 1416 1440
985 1531 1610
986 992 1415 1560 1678
987 1666
988 1341 1367 1381 1738
989 1173 1338 1594 1696
990 1087 1195 1213 1501 1567 1799
991 1465 1483 1500 1632 1815
992 1022 1029 1042 1784 1798
993 1104 1290 1497 1500 1564 1605 1655
994 1159 1644 1654 1798
995
996 1299 1407
997 1312 1362 1432 1594 1752
998 1214 1337 1527
999 1002 1105 1518
1000 1048 1242 1844
1001 1221 1298 1305
1002 1079 1223 1352 1391 1399 1431
1003 1079 1325 1413 1434 1630 1688 1724
1004 1127 1257 1603
1005 1077 1086 1219 1323 1423 1553
1006 1276 1468 1521
1007 1153 1346 1452 1495 1573 1680 1824
1008 1245 1303 1401 1648 1810
1009 1270 1364 1382 1453 1791
1010 1069 1393 1836 1839
1011 1417 1442
1012 1112 1294 1392 1416 1763
1013 1404 1677
1014 1051 1240 1515 1518 1531
1015 1673 1750 1756
1016 1045 1172 1203 1603 1655
1017 1305 1459 1722
1018 1311 1480
1019 1152 1304 1705 1763
1020 1095
1021 1042 1176 1208 1324 1339 1343 1789
1022 1414
1023 1668
1024 1151 1186 1320 1517 1845
1025 1384 1502 1611
1026 1156 1206 1312 1467 1617
1027 1067 1100 1234 1395 1631
1028 1111 1156 1253 1408
1029 1138 1157 1434 1558 1706 1766 1846
1030 1226 1416 1788
1031 1121 1630 1652 1753 1813
1032 1073 1275 1300 1639
1033 1112 1611 1780
1034 1129 1529 1638 1824
1035 1343 1533 1640
1036 1305 1342 1444 1622 1709 1778
1037 1085 1316
1038 1227 1406 1608 1665 1685 1725 1832
1039 1711 1809 1824
1040 1193 1538 1616
1041 1351 1476 1643 1821
1042 1623 1641 1840
1043 1345 1348 1351
1044 1210 1268 1320 1560 1608
1045 1234 1306 1397 1756
1046 1162 1275 1320 1647
1047 1155 1275 1296 1327 1668 1822 1852
1048 1282 1346 1631
1049 1247 1453 1717 1778 1800 1846
1050 1261 1326 1613
1051 1056 1284 1583 1710
1052 1545
1053 1093 1105 1498 1512 1633 1733
1054 1424 1715 1839
1055 1565 1680
1056 1242 1612 1749 1831
1057 1211 1432 1511 1850
1058 1191 1313 1350 1487 1827
1059 1292 1299 1449 1515 1544 1572 1578
1060 1543 1599
1061 1562 1724 1829
1062 1313 1351
1063 1550
1064 1091 1131 1188 1483 1533 1573 1818
1065 1125 1558 1793
1066 1385 1663 1729 1754 1762
1067 1103 1233 1262 1627 1689 1699
1068 1303
1069 1312
1070 1141 1475 1505 1583 1629 1699
1071 1091 1238 1375 1435 1630 1681 1740
1072 1114 1193 1206 1305 1319
1073 1311 1483 1626 1690
1074 1406 1417 1440 1447 1612 1645
1075 1174 1220 1270 1366 1625
1076 1163 1187 1722 1854
1077 1401
1078 1521 1729
1079 1409 1592
1080 1152 1439 1581 1801
1081 1207 1560 1566 1792
1082 1287 1305 1320
1083 1291 1295 1469 1515 1730 1806 1842
1084 1114 1376 1437 1461 1561 1579 1636
1085 1418 1498 1656 1795
1086 1490 1819
1087 1370 1477 1622
1088 1432 1831
1089 1137 1407
1090 1501 1828
1091 1103 1305 1341 1704 1732
1092 1132 1266 1602 1709 1713 1727 1748 1816
1093 1140 1288 1430 1431 1481 1510 1659 1706 1723 1828
1094 1196 1231 1307 1552 1647 1658 1739 1746
1095 1338 1423 1837
1096 1688
1097 1195 1294 1401 1479 1487
1098 1148 1184 1504 1735
1099 1124 1431 1613
1100 1238 1313 1631 1658
1101 1138 1341 1636
1102 1584
1103 1195 1403 1554 1636
1104 1409
1105 1440 1503
1106 1193 1531 1560
1107 1188 1248 1411 1414 1562
1108 1201 1270 1311 1333 1378 1395 1510 1573 1619
1109 1142 1210 1620 1770
1110
1111 1388 1464 1504 1773
1112 1384 1651
1113
1114 1312 1769
1115 1253 1376 1679
1116 1320 1323 1400 1507 1595
1117 1436 1437 1759
1118 1418 1569
1119 1131 1214 1577 1630 1682 1807
1120 1314 1376 1446
1121 1573 1705 1780 1840
1122 1496 1818
1123 1628 1649 1662
1124 1193 1216 1506 1551 1611 1675 1783
1125 1226 1438 1656 1690 1784
1126 1300 1382 1519
1127 1256 1344 1374 1392
1128 1152 1319 1435
1129 1311 1314 1415 1523 1561
1130 1199 1283 1440
1131 1212 1370
1132 1153 1375 1566 1764 1777
1133 1141 1142 1158 1202
1134 1227 1558 1600 1807
1135 1707
1136 1139 1793
1137 1197 1299 1347 1401 1616 1779
1138 1401 1440 1461 1813
1139 1746
1140 1310 1351 1417 1595 1840
1141 1199 1217 1220 1305 1393 1606
1142 1256 1310 1378 1404 1540 1788 1815
1143 1510 1536
1144 1159 1485 1825
1145 1199 1490 1683 1734 1836
1146 1208 1454 1620 1651 1714
1147 1191 1216 1257 1308 1409 1538 1557 1607 1677 1699 1704 1766
1148 1499 1639 1805
1149 1394 1431 1441
1150 1381 1609 1746
1151 1617
1152 1230 1459 1687 1706
1153 1220 1223 1373 1426 1439 1728 1783
1154 1177 1181 1195 1581 1634 1796 1805
1155 1377 1814
1156 1366
1157 1350 1540
1158 1315 1396 1431 1507 1630 1732 1755
1159 1313 1371 1634 1807
1160 1228 1625
1161 1658 1730
1162 1456 1780
1163 1219 1289 1571 1787
1164 1430 1577 1649 1711 1723 1745
1165 1342 1355 1478 1543 1815 1836
1166 1799 1817
1167 1344 1390
1168 1405 1517 1689 1714
1169 1391 1450 1782
1170 1218 1472 1699 1722 1783 1838
1171 1376 1391
1172 1329 1364 1421 1547 1577
1173 1383 1682
1174 1714
1175
1176 1325 1602 1733 1824
1177 1344 1431 1502 1503 1504 1698 1713
1178 1352 1451 1744
1179 1318 1647
1180 1197 1380 1447 1465 1520
1181 1208 1457 1490 1608
1182 1446 1485 1626
1183 1321 1467 1756
1184 1440 1520 1799 1809
1185 1515 1675 1854
1186 1338
1187 1356 1818
1188 1229 1730
1189 1262 1771
1190 1397 1425 1432 1463 1485 1647 1734
1191 1226 1776
1192
1193 1619
1194 1243 1657 1694
1195 1493 1495
1196 1794
1197 1456 1532 1672 1687 1729
1198 1208 1494 1495 1739 1761 1769
1199 1216 1573
1200 1246 1335 1711 1723
1201 1610
1202 1246 1413 1425 1453 1468 1528
1203 1411 1433 1509 1705 1773
1204 1352 1758 1829
1205 1232 1401 1403 1426 1551 1704 1831
1206 1513 1571 1597 1848
1207 1259 1264 1520
1208 1752 1759 1853
1209 1232 1263 1558 1616
1210 1262 1355 1492 1549 1836
1211 1561 1663 1783 1840 1850
1212 1292 1548 1845
1213 1266 1658 1723 1732
1214 1228 1632 1840
1215 1461 1523 1579
1216 1305 1535 1747
1217 1635 1805 1839
1218 1236 1414 1550 1601 1618 1740 1756
1219 1435 1608 1625 1707 1767
1220
1221 1775
1222 1286 1654
1223 1266 1354 1466 1572 1646
1224 1629 1718 1731
1225 1269 1281 1405 1616 1678
1226 1319 1717 1848
1227 1231 1367 1506 1794 1854
1228 1289 1379 1448 1582 1624 1627
1229 1345 1406 1810
1230 1487
1231 1292 1572 1593 1742
1232 1514 1531
1233 1754
1234
1235 1243 1479
1236 1427 1537 1675
1237 1518 1785
1238 1340 1516 1564 1695
1239 1340 1566 1723
1240 1370 1601 1613 1669 1701
1241 1583
1242 1340 1439 1451 1730
1243 1611
1244 1740
1245 1297 1695 1760 1784 1822 1854
1246 1599 1635 1692 1772
1247 1297 1810
1248 1356 1623
1249 1401
1250 1526 1683 1696 1733 1787
1251 1275 1326 1629 1743
1252 1266 1402 1547 1723 1768
1253 1325 1403 1558
1254 1543
1255 1269 1572 1658
1256
1257 1422 1536 1575 1819
1258 1440 1758 1796
1259
1260 1318 1760 1826
1261 1299 1426 1805 1808
1262 1366
1263 1299 1460 1696
1264 1749 1802
1265 1413 1419 1444 1681
1266 1313 1382 1497 1815
1267 1776
1268 1475 1515 1798
1269 1465 1657
1270 1331 1473
1271 1310 1321 1360 1733 1757 1791
1272 1410 1850
1273
1274 1547
1275 1337 1542 1621 1800
1276 1343 1411 1512 1516 1555 1728 1784
1277 1492 1828
1278 1325 1445 1611
1279 1415 1557
1280 1327 1429 1466 1531 1579
1281 1282
1282 1394 1435 1747 1751 1810
1283 1321 1393 1772
1284 1439 1568 1589 1839
1285 1323 1393 1415 1683
1286 1394 1419 1610 1613
1287
1288 1371 1529 1566 1624 1646 1777 1786
1289 1645 1710 1767
1290 1560 1685 1708 1767 1843
1291 1301
1292 1513 1785 1839
1293 1350 1354 1692 1710 1739 1826 1830
1294 1606 1632 1663
1295 1306
1296 1374 1390 1521
1297 1742
1298 1348 1359 1512 1636
1299 1568 1679
1300 1617 1633
1301 1826
1302 1592
1303 1315
1304 1351 1445 1579 1652 1675 1779
1305 1556 1685
1306 1326 1447 1471 1476 1515 1539 1547 1822
1307 1324 1341 1346
1308 1500 1545 1681
1309 1548 1786
1310 1315 1492 1505
1311 1323
1312
1313 1379 1464 1533 1554 1651 1686
1314 1679
1315 1318 1357 1794 1816
1316 1346 1597 1804
1317
1318 1324 1426 1757 1832
1319 1338 1382 1562
1320 1844
1321 1483 1540 1573 1691 1744 1802
1322
1323 1373 1552 1596 1701
1324 1486 1650 1689 1758
1325 1496 1510 1584 1704
1326 1509 1597 1786 1803
1327
1328 1357 1406 1632
1329 1367
1330 1811
1331 1427 1764
1332 1395 1691 1744 1826
1333 1359 1670 1721
1334 1747
1335 1555 1723 1813
1336 1355 1751
1337 1558 1851
1338 1453
1339 1467
1340 1490 1667 1744
1341 1541
1342 1498 1523 1642 1836
1343 1438 1646
1344 1505 1674 1768
1345 1399 1400 1455 1708 1814
1346 1407 1707 1829
1347 1507 1600 1701 1735 1843 1848
1348 1595
1349 1368 1659
1350 1392 1849
1351 1367
1352 1765
1353
1354
1355 1376 1601 1793
1356 1474 1817
1357 1793
1358 1473 1682 1728
1359 1781
1360 1375
1361 1729
1362 1520 1666
1363 1647
1364 1755
1365 1591
1366 1414 1491 1519 1616 1618 1703
1367 1543 1578 1608 1627 1716
1368 1559
1369 1376 1574 1586 1723
1370 1501 1614
1371 1534 1754
1372 1383 1686
1373 1652 1706 1803
1374 1396 1410 1636
1375 1463 1490 1515 1537
1376 1469 1517 1621 1806
1377 1528
1378 1562 1619 1726 1759 1830
1379 1718
1380 1534 1643 1675 1794 1822
1381 1611 1691
1382 1701
1383 1759
1384 1640 1678
1385 1447
1386 1447 1725 1732 1846
1387 1716
1388 1472 1510 1671 1693 1705
1389 1395 1589
1390 1680 1746 1817
1391 1415 1435
1392
1393 1476 1519 1536 1701 1834
1394 1673 1785
1395 1813
1396 1468 1853
1397 1820
1398 1517 1665 1800
1399 1558
1400 1483 1806
1401 1563 1660 1759
1402 1424 1753
1403 1472
1404 1562 1583 1633
1405 1702 1725 1784
1406 1443 1555 1684
1407
1408 1774
1409 1503 1636 1769 1802
1410 1544
1411 1510 1849
1412 1737 1834
1413 1512 1617 1632
1414 1615 1667 1736
1415 1628 1706 1741 1841
1416 1733 1753 1782
1417 1534 1592
1418 1455 1541
1419 1518 1528 1605 1659 1730 1772
1420 1593 1621
1421 1565 1732 1830
1422
1423 1600
1424 1671
1425 1660 1682
1426 1472
1427 1580
1428
1429
1430 1739
1431 1649 1742 1788
1432 1433 1562 1582 1686 1827
1433 1663 1745
1434 1806
1435
1436 1642 1676 1732 1819 1827
1437 1640
1438 1566 1701
1439 1650 1735
1440 1782 1837
1441 1460
1442 1471 1549 1747 1780
1443
1444 1686
1445 1545 1829
1446 1553 1846
1447
1448 1529
1449
1450 1834
1451 1460
1452 1717 1826 1854
1453 1533 1635 1746
1454 1735
1455 1706
1456 1502 1723
1457 1539 1608 1627
1458 1663 1824 1825
1459 1486 1521 1580 1662
1460 1747
1461 1753 1817
1462 1802
1463 1734
1464 1529 1541 1741
1465
1466 1500 1602
1467 1606
1468 1630 1659
1469 1509 1620 1731 1785
1470 1712 1750
1471 1850
1472 1489 1761
1473
1474
1475 1758
1476 1695 1794 1848
1477
1478 1663 1673 1700 1851
1479 1679
1480 1658
1481 1518 1558 1597 1702
1482 1776
1483 1551 1674
1484 1722
1485 1531 1827
1486 1553
1487
1488 1534 1603 1640
1489
1490 1556 1733
1491 1642 1729 1775
1492
1493 1740 1834
1494 1654
1495 1603 1709 1750 1769
1496 1650 1743
1497 1678 1688
1498 1665 1759
1499 1618
1500 1718 1809
1501 1775
1502 1665
1503
1504 1508 1535 1649
1505
1506 1704
1507 1607 1650 1786 1814 1821
1508 1587 1615 1654
1509
1510 1548 1720
1511 1532 1676
1512 1664
1513
1514 1756
1515 1560 1623
1516 1580
1517 1783 1801
1518 1736
1519
1520 1805 1814
1521
1522
1523 1596 1669 1724
1524 1839 1853
1525 1683 1837
1526
1527 1599 1797
1528 1720 1771 1795 1828 1843
1529 1561 1850
1530 1532 1560 1713
1531 1652
1532 1567 1682
1533 1610 1785 1830
1534 1722
1535 1666 1812
1536 1814
1537
1538 1762
1539
1540 1821
1541 1722
1542
1543 1789
1544 1597 1801 1834
1545 1792
1546 1654 1685
1547 1590 1734
1548 1585 1634 1699 1771 1808 1836
1549 1715 1815
1550 1663 1820
1551 1845
1552 1621 1645
1553 1558
1554 1778 1821
1555
1556 1665
1557 1725
1558 1606
1559 1658 1838
1560 1607
1561 1571 1578 1702
1562 1631 1677
1563 1624 1675 1700 1718
1564 1582 1793
1565 1598 1784
1566 1678 1809
1567
1568 1590
1569
1570 1655 1755
1571 1599 1804 1847
1572 1769 1850
1573 1660 1706
1574
1575 1689
1576
1577
1578 1659 1693
1579 1711 1763
1580 1624
1581
1582 1792
1583
1584 1802
1585
1586 1596
1587 1588 1665 1700
1588 1697
1589
1590 1666
1591 1686 1720 1750
1592
1593
1594 1625 1726
1595 1612 1817
1596
1597 1742
1598 1602 1689 1847
1599 1843
1600 1713 1789 1815 1838
1601
1602 1620 1720 1838
1603 1664
1604 1689 1846
1605 1737 1814
1606 1638
1607 1647
1608 1700 1725
1609 1715
1610 1842
1611 1637 1687 1709
1612
1613 1739
1614
1615 1697 1713
1616 1765 1835
1617 1781
1618 1758 1826
1619 1733
1620 1759
1621 1726
1622 1828
1623 1680 1853
1624 1742
1625 1666 1713 1757
1626 1725
1627
1628 1655
1629
1630
1631 1734 1804
1632
1633
1634 1776
1635 1714 1847
1636
1637
1638 1770 1780 1822 1854
1639 1716
1640
1641 1722
1642
1643
1644
1645 1680
1646
1647 1756
1648 1720 1757 1835
1649 1707 1845
1650 1802
1651
1652 1826
1653 1686
1654 1693
1655 1663 1786
1656
1657 1671
1658
1659 1679 1791
1660 1703 1707 1740
1661
1662
1663 1796
1664 1683
1665 1790
1666 1702 1769
1667
1668 1762 1831
1669
1670 1720 1752
1671 1845
1672
1673
1674 1700 1834
1675 1797
1676
1677 1688 1707
1678 1711 1747
1679 1806
1680 1811
1681 1842
1682 1724 1791
1683
1684
1685 1701 1823
1686 1697 1776 1823
1687
1688 1716 1767 1794
1689
1690 1785
1691 1739 1851
1692
1693 1814
1694
1695
1696 1731 1809
1697 1754
1698 1770 1797
1699
1700 1850
1701
1702 1704
1703
1704
1705 1782
1706
1707
1708 1730
1709
1710
1711 1729
1712 1828
1713 1714
1714
1715
1716 1818
1717
1718 1748
1719
1720
1721
1722
1723 1736
1724
1725 1726
1726 1754 1811
1727
1728
1729 1730
1730
1731 1757 1770 1795 1828
1732 1770
1733 1814
1734
1735
1736
1737
1738 1850
1739
1740
1741 1782
1742
1743 1827
1744 1824
1745
1746
1747
1748 1802
1749
1750
1751 1762 1777
1752
1753
1754
1755 1765
1756
1757 1770
1758
1759 1790
1760 1818
1761
1762
1763
1764 1842
1765
1766
1767 1823
1768 1820
1769 1771
1770 1788
1771
1772
1773
1774
1775
1776
1777
1778
1779 1791
1780 1804
1781
1782 1809 1819
1783 1801
1784
1785 1787 1790
1786
1787
1788
1789
1790
1791
1792 1804
1793 1831
1794
1795
1796
1797
1798 1816 1824
1799
1800
1801
1802 1818
1803
1804
1805
1806
1807
1808
1809
1810
1811
1812
1813
1814
1815
1816
1817
1818
1819
1820
1821
1822
1823
1824
1825
1826
1827 1830
1828 1839
1829
1830
1831
1832
1833
1834
1835
1836 1847
1837
1838
1839
1840 1852
1841
1842
1843
1844
1845
1846
1847
1848
1849
1850
1851
1852
1853
1854
