#/opt/homebrew/Caskroom/miniconda/base/envs/hack25/lib/python3.12/site-packages/ipykernel_launcher.py --f=/Users/jpinney/Library/Jupyter/runtime/kernel-v352576b36ed274793969b57d69d8306c9df606370.json
# GMT Sun Jul 20 14:08:16 2025
# 
0 1 2330 2331 2333
1 2 2334 2335
2 3 2337 2338
3 4 2339 2342
4 5 2344
5 6
6 7
7 8 2345 2349
8 9
9 10
10 11
11 12
12 13
13 14
14 15
15 16
16 17 2351 2352 2353
17 18 2355 2357 2358 2359
18 19
19 20
20 21
21 22
22 23 2361 2362 2364
23 24 2366 2369 2370
24 25
25 26 2372
26 27 2373 2374
27 28 2376
28 29 2377
29 30 2378 2379
30 31 2380
31 32 2383 2385
32 33 2388
33 34
34 35 2389
35 36 2391
36 37 2392 2393
37 38 2394
38 39 2396 2397 2398 2401 2402
39 40
40 41 2403
41 42 2405 2409
42 43 2410 2412
43 44 2413
44 45 2414 2415 2416 2418
45 46 2420
46 47
47 48
48 49 2421 2422
49 50
50 51
51 52 2423 2428
52 53
53 54 2430 2431 2432
54 55
55 56
56 57 2433 2434 2435
57 58
58 59 2436
59 60
60 61
61 62 2437
62 63 2438 2439
63 64 2441
64 65 2442 2443
65 66
66 67
67 68
68 69 2445 2446
69 70 2447 2448 2449
70 71
71 72 2450 2453
72 73 2454 2455 2458 2460 2461 2462 2463
73 74
74 75 2464
75 76 2465 2466 2467 2468 2473
76 77
77 78
78 79 2474
79 80
80 81 2475 2476
81 82
82 83
83 84 2477 2478
84 85
85 86 2479
86 87
87 88 2480
88 89 2481
89 90
90 91
91 92 2482 2483
92 93 2484 2485 2486
93 94 2487 2490 2491
94 95 2492 2494 2495 2496 2497 2498 2499
95 96 2500
96 97
97 98
98 99 2505 2506 2507
99 100 2509
100 101
101 102
102 103 2510
103 104
104 105
105 106 2512 2514 2517 2518 2521 2522
106 107
107 108
108 109
109 110
110 111 2525 2526
111 112
112 113
113 114
114 115 2528 2529
115 116 2530
116 117 2532
117 118 2533
118 119 2534
119 120 2536
120 121 2537 2538
121 122 2539 2540
122 123 2542 2543
123 124 2545 2546
124 125 2547 2548 2551
125 126
126 127 2552 2554 2555
127 128 2556 2557 2558 2559
128 129
129 130 2560
130 131 2561
131 132 2563 2564
132 133
133 134
134 135
135 136
136 137
137 138
138 139
139 140 2567 2570 2572
140 141 2573
141 142
142 143
143 144 2574 2575 2577 2579
144 145
145 146 2581 2584
146 147 2586
147 148
148 149
149 150
150 151 2587 2590
151 152 2592
152 153 2593
153 154 2595
154 155 2596
155 156 2598
156 157 2600
157 158 2604
158 159
159 160
160 161
161 162 2606 2607 2609 2612 2613 2616 2617
162 163
163 164
164 165
165 166 2619 2620
166 167 2625 2627 2628 2629 2632 2634 2637 2639
167 168
168 169
169 170 2640 2641 2643
170 171
171 172 2644 2645
172 173
173 174
174 175 2647 2648 2649
175 176
176 177 2650
177 178
178 179
179 180
180 181 2651
181 182
182 183
183 184 2652 2654 2656 2658
184 185
185 186 2659 2661
186 187 2662
187 188 2663 2666 2670
188 189 2673
189 190
190 191 2676
191 192
192 193
193 194 2677 2679
194 195 2680
195 196
196 197
197 198 2682
198 199 2684 2685
199 200 2686 2689 2690 2691
200 201
201 202 2693 2694 2696
202 203 2697
203 204
204 205
205 206
206 207 2699
207 208 2700
208 209 2702 2705
209 210
210 211 2706 2707
211 212 2708 2711 2712
212 213 2713
213 214 2714 2715
214 215
215 216
216 217 2716 2717
217 218 2720
218 219
219 220 2721
220 221 2722 2723 2725
221 222 2726
222 223
223 224 2727 2728 2734
224 225 2736 2738 2739
225 226 2741 2742 2743
226 227
227 228
228 229
229 230
230 231
231 232
232 233 2744 2745 2747 2751
233 234
234 235 2753
235 236 2756
236 237
237 238 2757
238 239
239 240 2758
240 241
241 242
242 243
243 244
244 245 2759 2761 2762
245 246
246 247 2764 2765 2767 2769 2770 2772
247 248
248 249 2773 2776
249 250
250 251
251 252 2777 2778 2779
252 253 2782
253 254
254 255 2783
255 256
256 257
257 258
258 259
259 260 2784
260 261 2785
261 262
262 263 2786 2787
263 264
264 265
265 266 2788 2789
266 267 2792 2794
267 268 2795 2796 2799
268 269 2801 2803
269 270 2805
270 271 2806 2809
271 272
272 273 2811
273 274 2812
274 275
275 276
276 277
277 278
278 279 2814 2816
279 280
280 281 2817 2818 2819 2820
281 282 2821 2822 2824
282 283
283 284
284 285
285 286 2825
286 287 2827
287 288 2829
288 289
289 290 2830
290 291 2832
291 292
292 293
293 294 2833 2836 2837
294 295
295 296
296 297
297 298
298 299
299 300 2840 2841
300 301 2842
301 302 2845 2846
302 303
303 304
304 305 2847
305 306
306 307 2848 2849 2850 2851 2852
307 308 2855 2858 2861
308 309
309 310
310 311
311 312 2862
312 313
313 314 2866
314 315
315 316
316 317 2868 2869
317 318
318 319 2873
319 320 2874 2875
320 321
321 322 2876 2877
322 323
323 324 2878
324 325
325 326 2880 2881
326 327 2883 2888 2889
327 328
328 329
329 330 2890
330 331 2891 2892 2893 2894
331 332 2896
332 333 2900 2901
333 334 2902 2903 2904 2905 2906 2907
334 335 2909
335 336 2911 2912
336 337 2913 2915
337 338
338 339
339 340
340 341
341 342
342 343
343 344
344 345 2916 2917
345 346 2918
346 347
347 348
348 349 2920 2922
349 350
350 351
351 352 2923
352 353
353 354 2924
354 355
355 356 2927 2929
356 357
357 358
358 359
359 360
360 361
361 362
362 363 2930 2931 2934
363 364
364 365 2935
365 366
366 367
367 368
368 369
369 370 2936
370 371 2937 2938 2940 2942
371 372
372 373 2943
373 374
374 375 2944
375 376 2946
376 377 2947 2948
377 378 2951 2952
378 379 2953 2954 2956
379 380 2957
380 381 2958 2961 2963
381 382 2964 2965
382 383
383 384 2967 2969
384 385 2971
385 386 2972
386 387
387 388
388 389
389 390
390 391 2973 2978
391 392
392 393
393 394
394 395
395 396 2980
396 397
397 398
398 399
399 400 2981 2984
400 401
401 402 2985
402 403
403 404 2989 2990 2991
404 405 2992
405 406
406 407 2993
407 408
408 409
409 410 2994 2995 2996 2997
410 411
411 412
412 413 2998
413 414
414 415 2999
415 416
416 417
417 418
418 419 3000
419 420 3001
420 421 3002
421 422 3003 3004
422 423 3005
423 424 3007
424 425
425 426
426 427 3010
427 428 3011
428 429 3012
429 430 3013
430 431 3014 3016 3018 3019 3020
431 432
432 433 3021
433 434
434 435
435 436
436 437 3022
437 438
438 439
439 440 3023
440 441
441 442
442 443
443 444
444 445 3025 3027
445 446 3028 3030 3031 3032
446 447
447 448
448 449
449 450
450 451 3034 3036 3038
451 452 3040 3041 3043 3045 3046 3047
452 453 3049
453 454
454 455 3051 3052 3053
455 456
456 457 3054 3057
457 458 3058 3060
458 459
459 460 3061 3062
460 461 3063
461 462
462 463
463 464
464 465
465 466 3066
466 467 3067
467 468 3068
468 469 3069 3071 3073 3076
469 470 3077 3079
470 471
471 472
472 473 3080
473 474 3083 3084 3085
474 475 3089 3090 3091
475 476
476 477
477 478
478 479
479 480 3095
480 481 3100 3103
481 482
482 483 3104
483 484
484 485
485 486 3105 3107 3111 3112 3115 3116 3117 3118 3119 3121 3123
486 487
487 488
488 489
489 490 3124
490 491
491 492
492 493
493 494
494 495
495 496 3125 3126
496 497
497 498 3128 3131 3132
498 499
499 500
500 501 3133 3134
501 502
502 503
503 504 3135
504 505
505 506
506 507 3138
507 508
508 509
509 510 3139
510 511 3140
511 512 3142 3143
512 513
513 514
514 515 3144 3146 3148 3150 3151 3156 3157 3160 3164 3166 3167
515 516 3168 3170 3171
516 517
517 518 3172 3173 3174 3175
518 519 3177 3178 3179 3180
519 520 3181
520 521 3182
521 522
522 523
523 524
524 525 3183
525 526
526 527 3184
527 528
528 529 3185
529 530 3186
530 531 3187 3188 3189
531 532 3190 3191
532 533 3193 3194 3195
533 534
534 535
535 536
536 537
537 538
538 539 3197
539 540
540 541 3199 3200 3201 3203
541 542
542 543 3204 3205
543 544 3206
544 545 3207
545 546
546 547
547 548
548 549 3208 3210
549 550 3211
550 551
551 552 3212
552 553 3213 3214 3215
553 554
554 555
555 556 3216 3217
556 557 3219
557 558 3220
558 559 3221
559 560 3222
560 561 3224
561 562
562 563
563 564
564 565
565 566
566 567 3225
567 568 3226
568 569 3228
569 570
570 571
571 572
572 573
573 574
574 575 3229
575 576
576 577
577 578
578 579
579 580
580 581
581 582
582 583
583 584 3230 3233
584 585 3234 3236
585 586 3237 3238
586 587 3239 3241 3242
587 588
588 589 3245 3246
589 590 3249 3252
590 591
591 592 3253 3255 3256 3257
592 593 3258 3259
593 594 3260
594 595
595 596 3263 3264
596 597
597 598
598 599 3266
599 600
600 601
601 602 3268
602 603 3270 3271 3272
603 604
604 605 3275
605 606
606 607 3278
607 608
608 609
609 610 3279
610 611
611 612
612 613
613 614
614 615
615 616
616 617
617 618
618 619 3280 3281 3282 3283
619 620
620 621 3285
621 622 3287 3289
622 623 3290 3292 3293 3294 3296 3297 3302
623 624 3306 3310 3311 3312
624 625
625 626
626 627
627 628
628 629 3313 3314 3315 3316
629 630 3317
630 631
631 632 3318 3320
632 633
633 634 3321
634 635
635 636
636 637
637 638
638 639 3322 3323 3324 3325
639 640
640 641
641 642 3327 3330 3331 3332
642 643
643 644
644 645 3335
645 646 3336
646 647 3337
647 648 3339
648 649
649 650 3340 3341
650 651
651 652
652 653 3342 3343
653 654 3344 3345
654 655
655 656 3346
656 657 3354
657 658 3357 3358
658 659
659 660 3362 3367 3369
660 661 3370
661 662 3372
662 663 3373
663 664 3374
664 665
665 666
666 667
667 668
668 669
669 670
670 671 3377 3378 3380
671 672 3382 3384 3385
672 673 3386
673 674
674 675
675 676
676 677 3387
677 678
678 679
679 680 3388
680 681 3389 3390
681 682 3391
682 683
683 684
684 685
685 686 3395
686 687 3397 3399
687 688
688 689 3400 3401
689 690
690 691 3404
691 692
692 693
693 694 3406 3407
694 695
695 696
696 697
697 698
698 699 3409 3410
699 700
700 701 3411 3413 3414
701 702 3416 3418
702 703 3419
703 704 3420
704 705 3421 3422
705 706
706 707
707 708 3423 3424
708 709 3428 3430 3432 3433
709 710 3434 3435
710 711
711 712 3437 3438
712 713
713 714 3439
714 715 3440 3442
715 716 3443 3444
716 717 3445
717 718
718 719
719 720 3447 3449 3450
720 721 3452 3453
721 722 3455
722 723 3456
723 724 3457
724 725
725 726 3458 3460
726 727
727 728
728 729 3463
729 730
730 731 3464 3465 3468 3471 3472
731 732 3473 3475 3476
732 733
733 734
734 735 3481 3482 3483
735 736 3484
736 737
737 738
738 739 3486 3487
739 740
740 741
741 742
742 743 3490 3491 3492
743 744
744 745
745 746
746 747 3493
747 748 3494
748 749
749 750 3498
750 751 3499 3500 3501 3503 3504 3505 3507
751 752 3508 3509 3510
752 753 3511
753 754
754 755
755 756 3514
756 757
757 758 3515 3516
758 759 3517 3519
759 760 3520
760 761 3521
761 762 3522 3523 3524
762 763 3526
763 764 3529 3531 3532
764 765 3533 3534
765 766
766 767 3535
767 768
768 769 3536 3537
769 770 3541 3542
770 771
771 772 3543
772 773
773 774
774 775
775 776
776 777 3544 3546 3547 3548
777 778 3550
778 779
779 780
780 781
781 782
782 783
783 784
784 785
785 786 3551 3553 3554
786 787 3555 3556
787 788
788 789 3558
789 790
790 791 3560
791 792 3561 3562 3563 3565 3566
792 793
793 794
794 795 3567 3568 3570
795 796
796 797 3571
797 798
798 799
799 800
800 801
801 802
802 803
803 804
804 805 3575
805 806 3576
806 807
807 808 3578
808 809 3582
809 810 3585 3586 3587
810 811 3588
811 812 3591 3592 3594
812 813 3595 3596 3598
813 814
814 815
815 816
816 817
817 818 3599
818 819 3600 3602 3603
819 820
820 821
821 822 3604 3606 3608
822 823 3609 3610
823 824
824 825 3611
825 826 3614
826 827 3615 3616
827 828
828 829
829 830 3618
830 831
831 832 3619
832 833 3620 3621 3622
833 834
834 835
835 836 3623
836 837
837 838
838 839 3624 3625 3626
839 840
840 841
841 842
842 843
843 844
844 845
845 846
846 847 3627 3628 3629
847 848 3630
848 849 3631 3632 3633
849 850
850 851 3635
851 852
852 853 3636 3638
853 854 3639
854 855 3640 3642 3643 3645
855 856 3646 3648 3649
856 857 3650 3651 3653 3655
857 858
858 859 3657
859 860
860 861
861 862
862 863 3663 3664
863 864
864 865 3665
865 866
866 867
867 868
868 869 3667
869 870 3668 3669 3671 3672
870 871 3673 3674
871 872
872 873 3675
873 874
874 875
875 876 3676 3677 3679 3682
876 877
877 878
878 879
879 880
880 881
881 882
882 883 3683 3684
883 884
884 885
885 886 3686 3687
886 887 3691 3694 3695
887 888 3697 3698 3699 3700
888 889
889 890
890 891 3701 3702 3705 3706 3708 3710 3711 3713 3714 3716 3720
891 892
892 893 3722 3723
893 894 3724
894 895
895 896
896 897
897 898 3726
898 899 3727 3728
899 900
900 901
901 902
902 903
903 904 3729
904 905
905 906
906 907
907 908 3731
908 909
909 910
910 911 3733
911 912
912 913 3735
913 914
914 915 3736 3740
915 916 3741 3742 3743 3746 3748 3749
916 917
917 918 3750 3752
918 919
919 920
920 921
921 922
922 923 3754
923 924
924 925 3757 3758
925 926 3759
926 927
927 928
928 929 3760 3762
929 930
930 931
931 932 3763 3764
932 933 3767 3768
933 934 3769
934 935 3770
935 936
936 937
937 938
938 939 3771
939 940 3772 3773 3775 3776 3777 3779 3781 3782
940 941
941 942
942 943 3784
943 944 3785
944 945 3787 3788 3790
945 946
946 947 3791
947 948 3792 3793
948 949 3795
949 950 3796 3800
950 951 3801
951 952 3802 3804
952 953
953 954
954 955
955 956
956 957
957 958 3805 3808
958 959 3810
959 960 3812
960 961 3814
961 962 3820 3821
962 963
963 964
964 965 3823 3826
965 966 3827 3829 3830 3831 3834
966 967
967 968 3835
968 969 3837
969 970 3839 3840 3841 3843 3844 3845 3847
970 971 3848 3849 3850
971 972 3851 3854
972 973 3856
973 974 3859 3860 3861
974 975
975 976
976 977 3863 3864
977 978
978 979 3865
979 980 3866 3867
980 981 3868 3872
981 982 3874
982 983
983 984
984 985 3877 3878 3880
985 986 3881
986 987 3882
987 988 3883
988 989
989 990 3884
990 991
991 992 3888 3889
992 993
993 994
994 995 3890 3891
995 996
996 997 3893 3894 3895 3898 3899
997 998
998 999 3901
999 1000
1000 1001
1001 1002 3902 3904
1002 1003 3906 3908
1003 1004 3909 3910
1004 1005
1005 1006 3911
1006 1007 3912
1007 1008
1008 1009
1009 1010
1010 1011 3916
1011 1012 3917
1012 1013
1013 1014 3918
1014 1015
1015 1016
1016 1017
1017 1018
1018 1019 3919
1019 1020
1020 1021
1021 1022 3920 3921
1022 1023
1023 1024 3922
1024 1025
1025 1026
1026 1027
1027 1028 3924 3926 3928
1028 1029 3929
1029 1030 3930 3931
1030 1031 3933
1031 1032
1032 1033 3934
1033 1034 3935
1034 1035
1035 1036
1036 1037 3936
1037 1038
1038 1039 3938
1039 1040 3941
1040 1041 3942 3944
1041 1042
1042 1043
1043 1044
1044 1045
1045 1046
1046 1047 3946
1047 1048
1048 1049 3947
1049 1050 3948
1050 1051
1051 1052 3950
1052 1053
1053 1054 3952 3955
1054 1055
1055 1056 3956 3957 3958
1056 1057
1057 1058
1058 1059
1059 1060
1060 1061 3959 3960 3961 3962 3963
1061 1062
1062 1063 3964 3968
1063 1064
1064 1065 3970
1065 1066 3972
1066 1067 3973
1067 1068 3977
1068 1069
1069 1070
1070 1071 3979
1071 1072 3980 3981
1072 1073 3982
1073 1074
1074 1075
1075 1076 3983 3984
1076 1077
1077 1078 3986
1078 1079 3991 3992 3994 3995
1079 1080 3996
1080 1081 3997
1081 1082 3998
1082 1083
1083 1084 3999
1084 1085
1085 1086 4000 4001
1086 1087
1087 1088 4002 4004 4009
1088 1089 4010 4011
1089 1090
1090 1091 4016
1091 1092 4017 4019
1092 1093
1093 1094 4020
1094 1095
1095 1096 4022
1096 1097 4026 4028
1097 1098 4030 4031 4032
1098 1099
1099 1100
1100 1101
1101 1102 4035 4037
1102 1103 4038
1103 1104 4043 4047
1104 1105 4048 4049
1105 1106 4051
1106 1107
1107 1108
1108 1109
1109 1110 4052 4053 4055 4056 4057
1110 1111
1111 1112
1112 1113
1113 1114 4058 4059 4061 4064
1114 1115
1115 1116 4065
1116 1117 4066 4067 4068
1117 1118 4070 4071 4072 4075
1118 1119
1119 1120
1120 1121
1121 1122
1122 1123 4077 4079
1123 1124
1124 1125
1125 1126 4080
1126 1127
1127 1128 4082 4084 4085 4086 4088
1128 1129
1129 1130
1130 1131
1131 1132
1132 1133
1133 1134
1134 1135
1135 1136
1136 1137
1137 1138 4089 4090 4091
1138 1139 4092 4093
1139 1140
1140 1141
1141 1142 4094 4095
1142 1143 4096 4097 4098 4099
1143 1144 4100
1144 1145
1145 1146
1146 1147 4103
1147 1148 4104 4105
1148 1149 4107 4109
1149 1150 4111
1150 1151
1151 1152
1152 1153 4112
1153 1154
1154 1155 4114 4115 4116
1155 1156 4117
1156 1157
1157 1158
1158 1159 4118
1159 1160 4119
1160 1161
1161 1162
1162 1163
1163 1164 4120
1164 1165
1165 1166 4122
1166 1167
1167 1168
1168 1169
1169 1170 4125 4126 4127 4129 4132 4136
1170 1171
1171 1172
1172 1173 4139
1173 1174 4140 4144
1174 1175 4146
1175 1176 4148 4151
1176 1177 4153
1177 1178 4154
1178 1179 4156 4159 4160 4161 4162 4163
1179 1180 4164 4166 4169
1180 1181 4171
1181 1182
1182 1183
1183 1184 4172
1184 1185
1185 1186 4175
1186 1187 4178
1187 1188
1188 1189
1189 1190 4179
1190 1191
1191 1192
1192 1193
1193 1194
1194 1195 4181
1195 1196 4182 4183 4184
1196 1197
1197 1198
1198 1199
1199 1200
1200 1201
1201 1202
1202 1203
1203 1204 4185 4186
1204 1205 4188
1205 1206
1206 1207 4189
1207 1208
1208 1209 4190
1209 1210
1210 1211
1211 1212 4191 4193
1212 1213 4195 4196
1213 1214
1214 1215
1215 1216 4197
1216 1217
1217 1218 4198
1218 1219
1219 1220 4199 4200 4202
1220 1221
1221 1222 4206 4207 4208
1222 1223
1223 1224
1224 1225 4209
1225 1226 4212 4214
1226 1227
1227 1228
1228 1229
1229 1230 4215
1230 1231
1231 1232 4216 4217 4220 4221 4223
1232 1233
1233 1234
1234 1235
1235 1236 4224
1236 1237 4226 4228
1237 1238
1238 1239
1239 1240
1240 1241
1241 1242
1242 1243
1243 1244 4230 4232 4233 4234
1244 1245
1245 1246
1246 1247
1247 1248 4238 4240 4241 4242
1248 1249
1249 1250 4244 4245
1250 1251
1251 1252
1252 1253 4246 4249
1253 1254 4250
1254 1255 4251 4252 4253
1255 1256 4254 4255 4257 4258 4261 4263
1256 1257 4266
1257 1258 4267
1258 1259
1259 1260
1260 1261
1261 1262
1262 1263 4268 4272
1263 1264 4273 4274 4275 4276 4277
1264 1265
1265 1266 4278
1266 1267
1267 1268 4279
1268 1269 4280 4281
1269 1270
1270 1271
1271 1272
1272 1273 4282 4283
1273 1274
1274 1275 4284 4285
1275 1276 4286 4287 4288
1276 1277 4289
1277 1278 4291
1278 1279
1279 1280
1280 1281 4293 4294
1281 1282 4295
1282 1283 4298 4299
1283 1284 4300
1284 1285 4301
1285 1286
1286 1287
1287 1288 4302 4303 4306 4307
1288 1289
1289 1290
1290 1291 4308
1291 1292
1292 1293 4309 4311 4312 4313 4314
1293 1294 4317 4318
1294 1295
1295 1296
1296 1297
1297 1298
1298 1299
1299 1300
1300 1301
1301 1302 4319 4321 4322 4323
1302 1303
1303 1304
1304 1305 4325
1305 1306
1306 1307
1307 1308 4329 4330
1308 1309
1309 1310 4331
1310 1311
1311 1312 4332
1312 1313 4335
1313 1314 4336
1314 1315
1315 1316
1316 1317 4337
1317 1318
1318 1319 4338 4340 4341 4343
1319 1320 4346
1320 1321 4347 4348
1321 1322
1322 1323
1323 1324 4350
1324 1325
1325 1326 4351
1326 1327
1327 1328
1328 1329
1329 1330 4353
1330 1331
1331 1332
1332 1333
1333 1334
1334 1335
1335 1336
1336 1337 4354
1337 1338 4355
1338 1339
1339 1340 4356 4358
1340 1341
1341 1342 4359
1342 1343
1343 1344 4360
1344 1345
1345 1346
1346 1347 4362
1347 1348
1348 1349
1349 1350
1350 1351
1351 1352 4365
1352 1353
1353 1354
1354 1355
1355 1356
1356 1357
1357 1358
1358 1359 4367 4368
1359 1360 4369
1360 1361
1361 1362
1362 1363
1363 1364 4370 4371
1364 1365 4374
1365 1366
1366 1367
1367 1368 4375 4377 4378 4381 4382 4383 4384
1368 1369 4385 4386
1369 1370 4391
1370 1371
1371 1372
1372 1373 4393
1373 1374
1374 1375
1375 1376 4395 4398 4399 4400 4401
1376 1377
1377 1378
1378 1379
1379 1380
1380 1381 4403 4405
1381 1382
1382 1383
1383 1384 4406 4411 4413 4415
1384 1385
1385 1386 4416
1386 1387 4417 4418
1387 1388
1388 1389 4420 4422 4423 4425 4426 4428
1389 1390
1390 1391 4430 4431
1391 1392 4432
1392 1393 4433
1393 1394 4434 4435
1394 1395
1395 1396
1396 1397 4436
1397 1398 4440
1398 1399
1399 1400 4441 4442
1400 1401
1401 1402 4444
1402 1403
1403 1404 4445 4447 4448 4449 4451
1404 1405 4452 4453
1405 1406 4454
1406 1407
1407 1408 4456 4459
1408 1409 4464 4466
1409 1410 4467 4469
1410 1411
1411 1412
1412 1413
1413 1414
1414 1415 4470 4471
1415 1416
1416 1417
1417 1418 4472
1418 1419
1419 1420
1420 1421 4474 4478
1421 1422 4480 4481
1422 1423 4482 4483
1423 1424 4484
1424 1425 4485 4486 4488
1425 1426 4490 4491
1426 1427
1427 1428 4492
1428 1429
1429 1430
1430 1431 4494 4495 4496
1431 1432 4500 4501 4503 4504 4505
1432 1433 4506
1433 1434
1434 1435
1435 1436
1436 1437 4507 4508 4509
1437 1438
1438 1439
1439 1440 4510 4511
1440 1441
1441 1442 4512 4513
1442 1443
1443 1444
1444 1445 4514
1445 1446
1446 1447
1447 1448
1448 1449
1449 1450
1450 1451 4515
1451 1452 4516
1452 1453 4517 4518
1453 1454
1454 1455 4519
1455 1456 4520 4524
1456 1457
1457 1458
1458 1459 4526
1459 1460 4527 4528 4529
1460 1461
1461 1462
1462 1463
1463 1464 4530
1464 1465 4531
1465 1466
1466 1467
1467 1468 4532 4533
1468 1469
1469 1470 4535 4536 4537 4538
1470 1471 4539
1471 1472 4540
1472 1473
1473 1474
1474 1475
1475 1476 4541 4542
1476 1477
1477 1478 4543
1478 1479 4544 4545 4546
1479 1480 4547
1480 1481
1481 1482
1482 1483
1483 1484
1484 1485
1485 1486 4548
1486 1487 4549
1487 1488
1488 1489
1489 1490
1490 1491 4551 4553 4554
1491 1492 4555
1492 1493
1493 1494
1494 1495
1495 1496
1496 1497
1497 1498
1498 1499
1499 1500
1500 1501
1501 1502
1502 1503 4556
1503 1504 4557
1504 1505 4558
1505 1506 4563 4564
1506 1507
1507 1508 4565 4567 4568
1508 1509 4571
1509 1510
1510 1511 4572 4573
1511 1512 4575
1512 1513 4576 4577 4579 4580
1513 1514 4582
1514 1515
1515 1516
1516 1517
1517 1518 4585 4586
1518 1519 4589 4590 4592
1519 1520 4594 4596 4598
1520 1521 4601 4602 4603 4604 4605
1521 1522
1522 1523
1523 1524
1524 1525 4606 4608
1525 1526 4609
1526 1527
1527 1528
1528 1529
1529 1530
1530 1531
1531 1532 4610
1532 1533 4611 4612
1533 1534
1534 1535
1535 1536
1536 1537
1537 1538 4613 4615
1538 1539 4616
1539 1540
1540 1541
1541 1542
1542 1543
1543 1544
1544 1545 4620
1545 1546 4621
1546 1547 4624 4626 4627
1547 1548
1548 1549 4630
1549 1550
1550 1551
1551 1552 4632
1552 1553
1553 1554 4633
1554 1555
1555 1556 4634 4635
1556 1557 4636 4639
1557 1558
1558 1559 4641
1559 1560
1560 1561
1561 1562 4643 4646
1562 1563
1563 1564
1564 1565
1565 1566 4647 4648
1566 1567 4649
1567 1568 4650
1568 1569 4652
1569 1570 4653
1570 1571 4654 4656
1571 1572
1572 1573
1573 1574
1574 1575 4660 4661
1575 1576
1576 1577
1577 1578
1578 1579
1579 1580
1580 1581 4663
1581 1582
1582 1583 4664 4665 4666 4667 4668 4670
1583 1584 4671
1584 1585 4672
1585 1586
1586 1587
1587 1588
1588 1589
1589 1590 4673
1590 1591
1591 1592 4675
1592 1593 4678 4682 4683 4684 4686 4688
1593 1594
1594 1595
1595 1596
1596 1597
1597 1598
1598 1599 4689 4690 4691
1599 1600
1600 1601
1601 1602 4692 4693 4694
1602 1603
1603 1604
1604 1605
1605 1606 4696
1606 1607 4697 4698
1607 1608
1608 1609
1609 1610
1610 1611
1611 1612 4699 4700 4701 4706 4708 4709 4711 4712
1612 1613 4714
1613 1614 4715 4719
1614 1615
1615 1616 4720
1616 1617
1617 1618
1618 1619
1619 1620 4721
1620 1621
1621 1622
1622 1623 4723
1623 1624
1624 1625 4726
1625 1626 4727 4728 4729 4730
1626 1627 4731
1627 1628 4733 4734 4735
1628 1629
1629 1630 4736
1630 1631
1631 1632 4737 4739
1632 1633 4740 4741
1633 1634 4742
1634 1635
1635 1636
1636 1637 4746
1637 1638 4748 4749
1638 1639
1639 1640
1640 1641 4750
1641 1642 4752 4753 4754 4755
1642 1643
1643 1644 4757 4759 4760
1644 1645
1645 1646 4762
1646 1647 4763 4764
1647 1648 4765 4769
1648 1649 4772 4774 4775 4778 4779
1649 1650
1650 1651
1651 1652
1652 1653 4784
1653 1654 4785
1654 1655 4787
1655 1656 4788
1656 1657
1657 1658 4789
1658 1659 4792
1659 1660 4793 4796 4797 4798 4799 4801
1660 1661 4802
1661 1662
1662 1663 4803
1663 1664 4804
1664 1665
1665 1666
1666 1667 4808 4810
1667 1668
1668 1669 4811
1669 1670
1670 1671
1671 1672 4813 4814 4815
1672 1673 4816
1673 1674
1674 1675
1675 1676
1676 1677 4818
1677 1678 4819
1678 1679
1679 1680 4820
1680 1681 4821
1681 1682
1682 1683
1683 1684 4822
1684 1685 4823 4825 4826
1685 1686
1686 1687 4829
1687 1688 4830
1688 1689
1689 1690
1690 1691
1691 1692
1692 1693
1693 1694 4831
1694 1695
1695 1696
1696 1697 4832 4833 4834
1697 1698
1698 1699 4836
1699 1700
1700 1701
1701 1702 4838
1702 1703 4842 4843
1703 1704
1704 1705
1705 1706
1706 1707
1707 1708
1708 1709 4845
1709 1710
1710 1711 4846 4850
1711 1712
1712 1713 4851 4853 4854
1713 1714 4855 4857 4859 4860 4861
1714 1715 4862 4864 4865
1715 1716 4866 4868
1716 1717 4869
1717 1718
1718 1719
1719 1720 4870
1720 1721
1721 1722
1722 1723
1723 1724 4871
1724 1725
1725 1726
1726 1727 4872 4874
1727 1728
1728 1729
1729 1730 4875 4876
1730 1731 4878
1731 1732
1732 1733 4881
1733 1734 4883 4884
1734 1735 4885 4887 4889
1735 1736
1736 1737 4890
1737 1738 4891 4893
1738 1739
1739 1740 4894
1740 1741
1741 1742 4895 4896 4897
1742 1743
1743 1744
1744 1745 4899 4900 4901 4902 4903
1745 1746
1746 1747
1747 1748 4905 4906 4907 4908 4910 4911
1748 1749 4912 4913
1749 1750 4915 4918
1750 1751
1751 1752 4919 4920 4921
1752 1753 4922 4923
1753 1754 4925
1754 1755
1755 1756
1756 1757 4928
1757 1758
1758 1759
1759 1760 4929 4930 4932
1760 1761
1761 1762
1762 1763
1763 1764
1764 1765 4933
1765 1766
1766 1767
1767 1768
1768 1769
1769 1770
1770 1771 4934 4935 4936 4939
1771 1772
1772 1773 4941
1773 1774
1774 1775 4945
1775 1776 4946 4949 4952 4953 4956 4957
1776 1777 4958 4959
1777 1778
1778 1779
1779 1780 4960 4961
1780 1781
1781 1782 4963 4964 4965
1782 1783 4967
1783 1784 4969 4971 4972 4975 4976 4978 4981 4987
1784 1785
1785 1786 4988 4989 4991 4992 4994 4997
1786 1787 4999
1787 1788
1788 1789 5001
1789 1790 5006 5007 5009
1790 1791
1791 1792 5010
1792 1793
1793 1794
1794 1795
1795 1796
1796 1797 5011
1797 1798 5012 5014
1798 1799
1799 1800
1800 1801 5015 5017
1801 1802
1802 1803
1803 1804 5018
1804 1805
1805 1806 5019
1806 1807
1807 1808
1808 1809 5020
1809 1810 5023
1810 1811
1811 1812 5024
1812 1813 5025 5026 5028
1813 1814 5030 5032
1814 1815 5033 5036 5037 5038
1815 1816 5041
1816 1817
1817 1818
1818 1819
1819 1820 5042 5043 5048 5049 5050
1820 1821
1821 1822
1822 1823 5051 5052
1823 1824 5053
1824 1825
1825 1826
1826 1827 5054
1827 1828
1828 1829
1829 1830
1830 1831
1831 1832
1832 1833
1833 1834 5059
1834 1835
1835 1836 5061
1836 1837
1837 1838
1838 1839 5062
1839 1840
1840 1841 5063 5064 5065 5066
1841 1842
1842 1843
1843 1844 5068 5070 5071
1844 1845
1845 1846
1846 1847
1847 1848 5072
1848 1849 5073
1849 1850 5074
1850 1851
1851 1852
1852 1853 5075 5077
1853 1854
1854 1855 5078
1855 1856
1856 1857 5079 5082
1857 1858
1858 1859
1859 1860 5083
1860 1861 5084
1861 1862
1862 1863 5086
1863 1864
1864 1865
1865 1866 5087 5088 5090
1866 1867 5091 5092 5094 5095
1867 1868 5098
1868 1869 5099
1869 1870
1870 1871 5101 5102
1871 1872 5104
1872 1873 5105 5106
1873 1874 5107 5108
1874 1875 5111 5114 5115
1875 1876 5118
1876 1877
1877 1878
1878 1879 5119 5120
1879 1880
1880 1881 5122 5123 5124 5125 5127
1881 1882
1882 1883
1883 1884 5128
1884 1885 5129 5130 5131 5132 5133
1885 1886 5134 5137
1886 1887
1887 1888 5139 5142 5145
1888 1889
1889 1890 5146
1890 1891 5147 5148
1891 1892 5150 5152
1892 1893 5154 5155 5156 5158
1893 1894
1894 1895 5159 5160 5161
1895 1896
1896 1897
1897 1898
1898 1899 5163 5164 5165
1899 1900
1900 1901
1901 1902 5167 5169 5171
1902 1903
1903 1904 5174
1904 1905 5175 5177 5179
1905 1906
1906 1907
1907 1908
1908 1909
1909 1910
1910 1911 5181
1911 1912
1912 1913 5182 5183 5184
1913 1914
1914 1915
1915 1916 5185
1916 1917 5186
1917 1918
1918 1919
1919 1920 5187
1920 1921 5188 5189
1921 1922
1922 1923 5190 5191
1923 1924
1924 1925
1925 1926
1926 1927
1927 1928
1928 1929
1929 1930
1930 1931
1931 1932
1932 1933
1933 1934 5195
1934 1935 5196 5197
1935 1936
1936 1937 5198
1937 1938
1938 1939
1939 1940 5199 5200
1940 1941 5201
1941 1942 5202
1942 1943 5203
1943 1944
1944 1945 5204 5206
1945 1946 5208
1946 1947
1947 1948
1948 1949
1949 1950
1950 1951 5209
1951 1952
1952 1953
1953 1954 5211
1954 1955
1955 1956
1956 1957 5212 5213
1957 1958
1958 1959 5214
1959 1960 5215
1960 1961 5216
1961 1962
1962 1963
1963 1964
1964 1965 5217
1965 1966
1966 1967 5220 5222
1967 1968 5223
1968 1969
1969 1970 5224
1970 1971 5226 5227
1971 1972 5230 5232
1972 1973
1973 1974
1974 1975
1975 1976
1976 1977 5233 5234
1977 1978 5237
1978 1979 5238 5239 5240
1979 1980
1980 1981
1981 1982
1982 1983
1983 1984 5242 5243 5244 5245
1984 1985
1985 1986
1986 1987
1987 1988
1988 1989 5247
1989 1990
1990 1991
1991 1992
1992 1993
1993 1994
1994 1995 5249
1995 1996
1996 1997
1997 1998
1998 1999
1999 2000 5251
2000 2001
2001 2002
2002 2003
2003 2004
2004 2005
2005 2006
2006 2007 5252
2007 2008 5253
2008 2009
2009 2010
2010 2011 5254
2011 2012 5255
2012 2013
2013 2014
2014 2015
2015 2016
2016 2017 5259 5261
2017 2018
2018 2019
2019 2020 5262
2020 2021
2021 2022 5265
2022 2023 5266 5268
2023 2024 5269 5271
2024 2025
2025 2026
2026 2027 5272
2027 2028
2028 2029 5273
2029 2030
2030 2031 5274
2031 2032 5275
2032 2033 5276 5277 5278
2033 2034
2034 2035 5279
2035 2036
2036 2037
2037 2038
2038 2039 5280
2039 2040
2040 2041 5281 5283 5286
2041 2042 5287 5291
2042 2043
2043 2044
2044 2045
2045 2046
2046 2047
2047 2048
2048 2049
2049 2050
2050 2051 5294
2051 2052
2052 2053 5298 5300
2053 2054
2054 2055
2055 2056
2056 2057 5302
2057 2058
2058 2059 5304 5305 5306
2059 2060
2060 2061
2061 2062
2062 2063 5308 5309 5311
2063 2064 5312 5313
2064 2065
2065 2066
2066 2067
2067 2068
2068 2069
2069 2070 5316
2070 2071
2071 2072
2072 2073 5318
2073 2074 5320
2074 2075
2075 2076
2076 2077
2077 2078
2078 2079 5321 5322 5323
2079 2080 5326
2080 2081
2081 2082 5328 5329
2082 2083 5331
2083 2084 5333 5334
2084 2085 5336
2085 2086 5337 5338
2086 2087 5339
2087 2088
2088 2089 5340
2089 2090
2090 2091
2091 2092 5341
2092 2093 5343
2093 2094
2094 2095 5345 5346
2095 2096
2096 2097
2097 2098
2098 2099 5348 5349
2099 2100
2100 2101 5350
2101 2102 5351
2102 2103 5352
2103 2104
2104 2105
2105 2106
2106 2107 5353 5354
2107 2108 5355 5356 5357 5358 5360
2108 2109
2109 2110
2110 2111
2111 2112 5362
2112 2113 5363 5366
2113 2114
2114 2115 5367 5368 5369 5370 5372
2115 2116
2116 2117
2117 2118
2118 2119 5373 5374
2119 2120 5376
2120 2121 5377 5379 5380
2121 2122 5381 5383 5384 5385
2122 2123
2123 2124 5391 5393
2124 2125 5395
2125 2126 5396
2126 2127 5398 5400
2127 2128 5401
2128 2129 5402
2129 2130
2130 2131
2131 2132
2132 2133 5403
2133 2134 5405
2134 2135
2135 2136
2136 2137 5406 5410
2137 2138
2138 2139 5411
2139 2140 5412
2140 2141 5413
2141 2142 5418
2142 2143
2143 2144
2144 2145 5420
2145 2146
2146 2147 5422
2147 2148
2148 2149 5423
2149 2150 5424 5427
2150 2151 5428
2151 2152 5429 5432 5435
2152 2153
2153 2154
2154 2155
2155 2156
2156 2157 5437
2157 2158 5439 5440
2158 2159 5441 5442 5443 5445 5447 5449 5450
2159 2160
2160 2161 5451
2161 2162 5452
2162 2163 5453
2163 2164
2164 2165 5454
2165 2166
2166 2167
2167 2168 5455 5456
2168 2169
2169 2170
2170 2171 5459 5462
2171 2172
2172 2173
2173 2174
2174 2175
2175 2176
2176 2177
2177 2178
2178 2179
2179 2180
2180 2181
2181 2182 5464
2182 2183 5465
2183 2184 5467 5469
2184 2185
2185 2186 5474 5475
2186 2187
2187 2188 5478
2188 2189 5479
2189 2190 5480
2190 2191 5481
2191 2192
2192 2193
2193 2194 5482 5483
2194 2195
2195 2196 5486
2196 2197 5487 5488
2197 2198 5491 5497 5498
2198 2199
2199 2200 5499 5500
2200 2201
2201 2202 5501 5504 5505
2202 2203 5507
2203 2204 5508
2204 2205 5510
2205 2206 5511
2206 2207 5512 5514
2207 2208 5516
2208 2209
2209 2210 5518 5519
2210 2211
2211 2212
2212 2213 5520 5521 5522
2213 2214 5523
2214 2215 5525
2215 2216
2216 2217 5526 5528
2217 2218
2218 2219
2219 2220 5529
2220 2221
2221 2222
2222 2223
2223 2224
2224 2225 5530
2225 2226 5534 5536
2226 2227
2227 2228
2228 2229
2229 2230
2230 2231 5537 5539
2231 2232 5541
2232 2233 5542 5545 5546 5547 5548
2233 2234 5550 5551 5556
2234 2235
2235 2236 5557
2236 2237
2237 2238 5560 5561 5563
2238 2239
2239 2240 5564
2240 2241
2241 2242
2242 2243
2243 2244
2244 2245
2245 2246
2246 2247 5565 5566 5567
2247 2248
2248 2249 5568
2249 2250 5569
2250 2251
2251 2252 5570
2252 2253
2253 2254
2254 2255
2255 2256 5571
2256 2257 5576
2257 2258 5577 5578
2258 2259
2259 2260
2260 2261
2261 2262
2262 2263 5579 5581 5582 5583 5586 5589 5590 5593 5594 5595 5596 5599 5600
2263 2264 5601 5602 5603 5605
2264 2265 5607
2265 2266 5608
2266 2267
2267 2268
2268 2269
2269 2270 5609 5611
2270 2271
2271 2272 5612 5613
2272 2273 5614 5617
2273 2274
2274 2275
2275 2276
2276 2277
2277 2278
2278 2279 5620 5621 5622
2279 2280 5623
2280 2281
2281 2282
2282 2283 5624
2283 2284 5626
2284 2285
2285 2286 5630
2286 2287 5631
2287 2288 5632
2288 2289 5633 5634
2289 2290
2290 2291
2291 2292
2292 2293 5635 5636 5637
2293 2294 5638
2294 2295
2295 2296
2296 2297 5639
2297 2298
2298 2299
2299 2300
2300 2301
2301 2302 5640 5641 5642
2302 2303 5643 5644
2303 2304 5645
2304 2305 5647
2305 2306
2306 2307 5649
2307 2308 5651
2308 2309
2309 2310
2310 2311 5653 5655
2311 2312
2312 2313 5658 5660 5661 5664
2313 2314
2314 2315
2315 2316 5666
2316 2317
2317 2318 5669 5671
2318 2319 5672 5674 5675
2319 2320
2320 2321
2321 2322
2322 2323 5677 5678
2323 2324 5681 5682
2324 2325
2325 2326 5683 5684
2326 2327
2327 2328
2328 2329 5685
2329 5686 5689 5693 5694 5695 5697 5700 5706 5707
2330
2331 2332
2332
2333
2334
2335 2336
2336
2337
2338
2339 2340 2341
2340
2341
2342 2343
2343
2344
2345 2346 2347 2348
2346
2347
2348
2349 2350
2350
2351
2352
2353 2354
2354
2355 2356
2356
2357
2358
2359 2360
2360
2361
2362 2363
2363
2364 2365
2365
2366 2367 2368
2367
2368
2369
2370 2371
2371
2372
2373
2374 2375
2375
2376
2377
2378
2379
2380 2381 2382
2381
2382
2383 2384
2384
2385 2386 2387
2386
2387
2388
2389 2390
2390
2391
2392
2393
2394 2395
2395
2396
2397
2398 2399 2400
2399
2400
2401
2402
2403 2404
2404
2405 2406 2407 2408
2406
2407
2408
2409
2410 2411
2411
2412
2413
2414
2415
2416 2417
2417
2418 2419
2419
2420
2421
2422
2423 2424 2425 2426 2427
2424
2425
2426
2427
2428 2429
2429
2430
2431
2432
2433
2434
2435
2436
2437
2438
2439 2440
2440
2441
2442
2443 2444
2444
2445
2446
2447
2448
2449
2450 2451 2452
2451
2452
2453
2454
2455 2456 2457
2456
2457
2458 2459
2459
2460
2461
2462
2463
2464
2465
2466
2467
2468 2469 2470 2471 2472
2469
2470
2471
2472
2473
2474
2475
2476
2477
2478
2479
2480
2481
2482
2483
2484
2485
2486
2487 2488 2489
2488
2489
2490
2491
2492 2493
2493
2494
2495
2496
2497
2498
2499
2500 2501 2502 2503 2504
2501
2502
2503
2504
2505
2506
2507 2508
2508
2509
2510 2511
2511
2512 2513
2513
2514 2515 2516
2515
2516
2517
2518 2519 2520
2519
2520
2521
2522 2523 2524
2523
2524
2525
2526 2527
2527
2528
2529
2530 2531
2531
2532
2533
2534 2535
2535
2536
2537
2538
2539
2540 2541
2541
2542
2543 2544
2544
2545
2546
2547
2548 2549 2550
2549
2550
2551
2552 2553
2553
2554
2555
2556
2557
2558
2559
2560
2561 2562
2562
2563
2564 2565 2566
2565
2566
2567 2568 2569
2568
2569
2570 2571
2571
2572
2573
2574
2575 2576
2576
2577 2578
2578
2579 2580
2580
2581 2582 2583
2582
2583
2584 2585
2585
2586
2587 2588 2589
2588
2589
2590 2591
2591
2592
2593 2594
2594
2595
2596 2597
2597
2598 2599
2599
2600 2601 2602 2603
2601
2602
2603
2604 2605
2605
2606
2607 2608
2608
2609 2610 2611
2610
2611
2612
2613 2614 2615
2614
2615
2616
2617 2618
2618
2619
2620 2621 2622 2623 2624
2621
2622
2623
2624
2625 2626
2626
2627
2628
2629 2630 2631
2630
2631
2632 2633
2633
2634 2635 2636
2635
2636
2637 2638
2638
2639
2640
2641 2642
2642
2643
2644
2645 2646
2646
2647
2648
2649
2650
2651
2652 2653
2653
2654 2655
2655
2656 2657
2657
2658
2659 2660
2660
2661
2662
2663 2664 2665
2664
2665
2666 2667 2668 2669
2667
2668
2669
2670 2671 2672
2671
2672
2673 2674 2675
2674
2675
2676
2677 2678
2678
2679
2680 2681
2681
2682 2683
2683
2684
2685
2686 2687 2688
2687
2688
2689
2690
2691 2692
2692
2693
2694 2695
2695
2696
2697 2698
2698
2699
2700 2701
2701
2702 2703 2704
2703
2704
2705
2706
2707
2708 2709 2710
2709
2710
2711
2712
2713
2714
2715
2716
2717 2718 2719
2718
2719
2720
2721
2722
2723 2724
2724
2725
2726
2727
2728 2729 2730 2731 2732 2733
2729
2730
2731
2732
2733
2734 2735
2735
2736 2737
2737
2738
2739 2740
2740
2741
2742
2743
2744
2745 2746
2746
2747 2748 2749 2750
2748
2749
2750
2751 2752
2752
2753 2754 2755
2754
2755
2756
2757
2758
2759 2760
2760
2761
2762 2763
2763
2764
2765 2766
2766
2767 2768
2768
2769
2770 2771
2771
2772
2773 2774 2775
2774
2775
2776
2777
2778
2779 2780 2781
2780
2781
2782
2783
2784
2785
2786
2787
2788
2789 2790 2791
2790
2791
2792 2793
2793
2794
2795
2796 2797 2798
2797
2798
2799 2800
2800
2801 2802
2802
2803 2804
2804
2805
2806 2807 2808
2807
2808
2809 2810
2810
2811
2812 2813
2813
2814 2815
2815
2816
2817
2818
2819
2820
2821
2822 2823
2823
2824
2825 2826
2826
2827 2828
2828
2829
2830 2831
2831
2832
2833 2834 2835
2834
2835
2836
2837 2838 2839
2838
2839
2840
2841
2842 2843 2844
2843
2844
2845
2846
2847
2848
2849
2850
2851
2852 2853 2854
2853
2854
2855 2856 2857
2856
2857
2858 2859 2860
2859
2860
2861
2862 2863 2864 2865
2863
2864
2865
2866 2867
2867
2868
2869 2870 2871 2872
2870
2871
2872
2873
2874
2875
2876
2877
2878 2879
2879
2880
2881 2882
2882
2883 2884 2885 2886 2887
2884
2885
2886
2887
2888
2889
2890
2891
2892
2893
2894 2895
2895
2896 2897 2898 2899
2897
2898
2899
2900
2901
2902
2903
2904
2905
2906
2907 2908
2908
2909 2910
2910
2911
2912
2913 2914
2914
2915
2916
2917
2918 2919
2919
2920 2921
2921
2922
2923
2924 2925 2926
2925
2926
2927 2928
2928
2929
2930
2931 2932 2933
2932
2933
2934
2935
2936
2937
2938 2939
2939
2940 2941
2941
2942
2943
2944 2945
2945
2946
2947
2948 2949 2950
2949
2950
2951
2952
2953
2954 2955
2955
2956
2957
2958 2959 2960
2959
2960
2961 2962
2962
2963
2964
2965 2966
2966
2967 2968
2968
2969 2970
2970
2971
2972
2973 2974 2975 2976 2977
2974
2975
2976
2977
2978 2979
2979
2980
2981 2982 2983
2982
2983
2984
2985 2986 2987 2988
2986
2987
2988
2989
2990
2991
2992
2993
2994
2995
2996
2997
2998
2999
3000
3001
3002
3003
3004
3005 3006
3006
3007 3008 3009
3008
3009
3010
3011
3012
3013
3014 3015
3015
3016 3017
3017
3018
3019
3020
3021
3022
3023 3024
3024
3025 3026
3026
3027
3028 3029
3029
3030
3031
3032 3033
3033
3034 3035
3035
3036 3037
3037
3038 3039
3039
3040
3041 3042
3042
3043 3044
3044
3045
3046
3047 3048
3048
3049 3050
3050
3051
3052
3053
3054 3055 3056
3055
3056
3057
3058 3059
3059
3060
3061
3062
3063 3064 3065
3064
3065
3066
3067
3068
3069 3070
3070
3071 3072
3072
3073 3074 3075
3074
3075
3076
3077 3078
3078
3079
3080 3081 3082
3081
3082
3083
3084
3085 3086 3087 3088
3086
3087
3088
3089
3090
3091 3092 3093 3094
3092
3093
3094
3095 3096 3097 3098 3099
3096
3097
3098
3099
3100 3101 3102
3101
3102
3103
3104
3105 3106
3106
3107 3108 3109 3110
3108
3109
3110
3111
3112 3113 3114
3113
3114
3115
3116
3117
3118
3119 3120
3120
3121 3122
3122
3123
3124
3125
3126 3127
3127
3128 3129 3130
3129
3130
3131
3132
3133
3134
3135 3136 3137
3136
3137
3138
3139
3140 3141
3141
3142
3143
3144 3145
3145
3146 3147
3147
3148 3149
3149
3150
3151 3152 3153 3154 3155
3152
3153
3154
3155
3156
3157 3158 3159
3158
3159
3160 3161 3162 3163
3161
3162
3163
3164 3165
3165
3166
3167
3168 3169
3169
3170
3171
3172
3173
3174
3175 3176
3176
3177
3178
3179
3180
3181
3182
3183
3184
3185
3186
3187
3188
3189
3190
3191 3192
3192
3193
3194
3195 3196
3196
3197 3198
3198
3199
3200
3201 3202
3202
3203
3204
3205
3206
3207
3208 3209
3209
3210
3211
3212
3213
3214
3215
3216
3217 3218
3218
3219
3220
3221
3222 3223
3223
3224
3225
3226 3227
3227
3228
3229
3230 3231 3232
3231
3232
3233
3234 3235
3235
3236
3237
3238
3239 3240
3240
3241
3242 3243 3244
3243
3244
3245
3246 3247 3248
3247
3248
3249 3250 3251
3250
3251
3252
3253 3254
3254
3255
3256
3257
3258
3259
3260 3261 3262
3261
3262
3263
3264 3265
3265
3266 3267
3267
3268 3269
3269
3270
3271
3272 3273 3274
3273
3274
3275 3276 3277
3276
3277
3278
3279
3280
3281
3282
3283 3284
3284
3285 3286
3286
3287 3288
3288
3289
3290 3291
3291
3292
3293
3294 3295
3295
3296
3297 3298 3299 3300 3301
3298
3299
3300
3301
3302 3303 3304 3305
3303
3304
3305
3306 3307 3308 3309
3307
3308
3309
3310
3311
3312
3313
3314
3315
3316
3317
3318 3319
3319
3320
3321
3322
3323
3324
3325 3326
3326
3327 3328 3329
3328
3329
3330
3331
3332 3333 3334
3333
3334
3335
3336
3337 3338
3338
3339
3340
3341
3342
3343
3344
3345
3346 3347 3348 3349 3350 3351 3352 3353
3347
3348
3349
3350
3351
3352
3353
3354 3355 3356
3355
3356
3357
3358 3359 3360 3361
3359
3360
3361
3362 3363 3364 3365 3366
3363
3364
3365
3366
3367 3368
3368
3369
3370 3371
3371
3372
3373
3374 3375 3376
3375
3376
3377
3378 3379
3379
3380 3381
3381
3382 3383
3383
3384
3385
3386
3387
3388
3389
3390
3391 3392 3393 3394
3392
3393
3394
3395 3396
3396
3397 3398
3398
3399
3400
3401 3402 3403
3402
3403
3404 3405
3405
3406
3407 3408
3408
3409
3410
3411 3412
3412
3413
3414 3415
3415
3416 3417
3417
3418
3419
3420
3421
3422
3423
3424 3425 3426 3427
3425
3426
3427
3428 3429
3429
3430 3431
3431
3432
3433
3434
3435 3436
3436
3437
3438
3439
3440 3441
3441
3442
3443
3444
3445 3446
3446
3447 3448
3448
3449
3450 3451
3451
3452
3453 3454
3454
3455
3456
3457
3458 3459
3459
3460 3461 3462
3461
3462
3463
3464
3465 3466 3467
3466
3467
3468 3469 3470
3469
3470
3471
3472
3473 3474
3474
3475
3476 3477 3478 3479 3480
3477
3478
3479
3480
3481
3482
3483
3484 3485
3485
3486
3487 3488 3489
3488
3489
3490
3491
3492
3493
3494 3495 3496 3497
3495
3496
3497
3498
3499
3500
3501 3502
3502
3503
3504
3505 3506
3506
3507
3508
3509
3510
3511 3512 3513
3512
3513
3514
3515
3516
3517 3518
3518
3519
3520
3521
3522
3523
3524 3525
3525
3526 3527 3528
3527
3528
3529 3530
3530
3531
3532
3533
3534
3535
3536
3537 3538 3539 3540
3538
3539
3540
3541
3542
3543
3544 3545
3545
3546
3547
3548 3549
3549
3550
3551 3552
3552
3553
3554
3555
3556 3557
3557
3558 3559
3559
3560
3561
3562
3563 3564
3564
3565
3566
3567
3568 3569
3569
3570
3571 3572 3573 3574
3572
3573
3574
3575
3576 3577
3577
3578 3579 3580 3581
3579
3580
3581
3582 3583 3584
3583
3584
3585
3586
3587
3588 3589 3590
3589
3590
3591
3592 3593
3593
3594
3595
3596 3597
3597
3598
3599
3600 3601
3601
3602
3603
3604 3605
3605
3606 3607
3607
3608
3609
3610
3611 3612 3613
3612
3613
3614
3615
3616 3617
3617
3618
3619
3620
3621
3622
3623
3624
3625
3626
3627
3628
3629
3630
3631
3632
3633 3634
3634
3635
3636 3637
3637
3638
3639
3640 3641
3641
3642
3643 3644
3644
3645
3646 3647
3647
3648
3649
3650
3651 3652
3652
3653 3654
3654
3655 3656
3656
3657 3658 3659 3660 3661 3662
3658
3659
3660
3661
3662
3663
3664
3665 3666
3666
3667
3668
3669 3670
3670
3671
3672
3673
3674
3675
3676
3677 3678
3678
3679 3680 3681
3680
3681
3682
3683
3684 3685
3685
3686
3687 3688 3689 3690
3688
3689
3690
3691 3692 3693
3692
3693
3694
3695 3696
3696
3697
3698
3699
3700
3701
3702 3703 3704
3703
3704
3705
3706 3707
3707
3708 3709
3709
3710
3711 3712
3712
3713
3714 3715
3715
3716 3717 3718 3719
3717
3718
3719
3720 3721
3721
3722
3723
3724 3725
3725
3726
3727
3728
3729 3730
3730
3731 3732
3732
3733 3734
3734
3735
3736 3737 3738 3739
3737
3738
3739
3740
3741
3742
3743 3744 3745
3744
3745
3746 3747
3747
3748
3749
3750 3751
3751
3752 3753
3753
3754 3755 3756
3755
3756
3757
3758
3759
3760 3761
3761
3762
3763
3764 3765 3766
3765
3766
3767
3768
3769
3770
3771
3772
3773 3774
3774
3775
3776
3777 3778
3778
3779 3780
3780
3781
3782 3783
3783
3784
3785 3786
3786
3787
3788 3789
3789
3790
3791
3792
3793 3794
3794
3795
3796 3797 3798 3799
3797
3798
3799
3800
3801
3802 3803
3803
3804
3805 3806 3807
3806
3807
3808 3809
3809
3810 3811
3811
3812 3813
3813
3814 3815 3816 3817 3818 3819
3815
3816
3817
3818
3819
3820
3821 3822
3822
3823 3824 3825
3824
3825
3826
3827 3828
3828
3829
3830
3831 3832 3833
3832
3833
3834
3835 3836
3836
3837 3838
3838
3839
3840
3841 3842
3842
3843
3844
3845 3846
3846
3847
3848
3849
3850
3851 3852 3853
3852
3853
3854 3855
3855
3856 3857 3858
3857
3858
3859
3860
3861 3862
3862
3863
3864
3865
3866
3867
3868 3869 3870 3871
3869
3870
3871
3872 3873
3873
3874 3875 3876
3875
3876
3877
3878 3879
3879
3880
3881
3882
3883
3884 3885 3886 3887
3885
3886
3887
3888
3889
3890
3891 3892
3892
3893
3894
3895 3896 3897
3896
3897
3898
3899 3900
3900
3901
3902 3903
3903
3904 3905
3905
3906 3907
3907
3908
3909
3910
3911
3912 3913 3914 3915
3913
3914
3915
3916
3917
3918
3919
3920
3921
3922 3923
3923
3924 3925
3925
3926 3927
3927
3928
3929
3930
3931 3932
3932
3933
3934
3935
3936 3937
3937
3938 3939 3940
3939
3940
3941
3942 3943
3943
3944 3945
3945
3946
3947
3948 3949
3949
3950 3951
3951
3952 3953 3954
3953
3954
3955
3956
3957
3958
3959
3960
3961
3962
3963
3964 3965 3966 3967
3965
3966
3967
3968 3969
3969
3970 3971
3971
3972
3973 3974 3975 3976
3974
3975
3976
3977 3978
3978
3979
3980
3981
3982
3983
3984 3985
3985
3986 3987 3988 3989 3990
3987
3988
3989
3990
3991
3992 3993
3993
3994
3995
3996
3997
3998
3999
4000
4001
4002 4003
4003
4004 4005 4006 4007 4008
4005
4006
4007
4008
4009
4010
4011 4012 4013 4014 4015
4012
4013
4014
4015
4016
4017 4018
4018
4019
4020 4021
4021
4022 4023 4024 4025
4023
4024
4025
4026 4027
4027
4028 4029
4029
4030
4031
4032 4033 4034
4033
4034
4035 4036
4036
4037
4038 4039 4040 4041 4042
4039
4040
4041
4042
4043 4044 4045 4046
4044
4045
4046
4047
4048
4049 4050
4050
4051
4052
4053 4054
4054
4055
4056
4057
4058
4059 4060
4060
4061 4062 4063
4062
4063
4064
4065
4066
4067
4068 4069
4069
4070
4071
4072 4073 4074
4073
4074
4075 4076
4076
4077 4078
4078
4079
4080 4081
4081
4082 4083
4083
4084
4085
4086 4087
4087
4088
4089
4090
4091
4092
4093
4094
4095
4096
4097
4098
4099
4100 4101 4102
4101
4102
4103
4104
4105 4106
4106
4107 4108
4108
4109 4110
4110
4111
4112 4113
4113
4114
4115
4116
4117
4118
4119
4120 4121
4121
4122 4123 4124
4123
4124
4125
4126
4127 4128
4128
4129 4130 4131
4130
4131
4132 4133 4134 4135
4133
4134
4135
4136 4137 4138
4137
4138
4139
4140 4141 4142 4143
4141
4142
4143
4144 4145
4145
4146 4147
4147
4148 4149 4150
4149
4150
4151 4152
4152
4153
4154 4155
4155
4156 4157 4158
4157
4158
4159
4160
4161
4162
4163
4164 4165
4165
4166 4167 4168
4167
4168
4169 4170
4170
4171
4172 4173 4174
4173
4174
4175 4176 4177
4176
4177
4178
4179 4180
4180
4181
4182
4183
4184
4185
4186 4187
4187
4188
4189
4190
4191 4192
4192
4193 4194
4194
4195
4196
4197
4198
4199
4200 4201
4201
4202 4203 4204 4205
4203
4204
4205
4206
4207
4208
4209 4210 4211
4210
4211
4212 4213
4213
4214
4215
4216
4217 4218 4219
4218
4219
4220
4221 4222
4222
4223
4224 4225
4225
4226 4227
4227
4228 4229
4229
4230 4231
4231
4232
4233
4234 4235 4236 4237
4235
4236
4237
4238 4239
4239
4240
4241
4242 4243
4243
4244
4245
4246 4247 4248
4247
4248
4249
4250
4251
4252
4253
4254
4255 4256
4256
4257
4258 4259 4260
4259
4260
4261 4262
4262
4263 4264 4265
4264
4265
4266
4267
4268 4269 4270 4271
4269
4270
4271
4272
4273
4274
4275
4276
4277
4278
4279
4280
4281
4282
4283
4284
4285
4286
4287
4288
4289 4290
4290
4291 4292
4292
4293
4294
4295 4296 4297
4296
4297
4298
4299
4300
4301
4302
4303 4304 4305
4304
4305
4306
4307
4308
4309 4310
4310
4311
4312
4313
4314 4315 4316
4315
4316
4317
4318
4319 4320
4320
4321
4322
4323 4324
4324
4325 4326 4327 4328
4326
4327
4328
4329
4330
4331
4332 4333 4334
4333
4334
4335
4336
4337
4338 4339
4339
4340
4341 4342
4342
4343 4344 4345
4344
4345
4346
4347
4348 4349
4349
4350
4351 4352
4352
4353
4354
4355
4356 4357
4357
4358
4359
4360 4361
4361
4362 4363 4364
4363
4364
4365 4366
4366
4367
4368
4369
4370
4371 4372 4373
4372
4373
4374
4375 4376
4376
4377
4378 4379 4380
4379
4380
4381
4382
4383
4384
4385
4386 4387 4388 4389 4390
4387
4388
4389
4390
4391 4392
4392
4393 4394
4394
4395 4396 4397
4396
4397
4398
4399
4400
4401 4402
4402
4403 4404
4404
4405
4406 4407 4408 4409 4410
4407
4408
4409
4410
4411 4412
4412
4413 4414
4414
4415
4416
4417
4418 4419
4419
4420 4421
4421
4422
4423 4424
4424
4425
4426 4427
4427
4428 4429
4429
4430
4431
4432
4433
4434
4435
4436 4437 4438 4439
4437
4438
4439
4440
4441
4442 4443
4443
4444
4445 4446
4446
4447
4448
4449 4450
4450
4451
4452
4453
4454 4455
4455
4456 4457 4458
4457
4458
4459 4460 4461 4462 4463
4460
4461
4462
4463
4464 4465
4465
4466
4467 4468
4468
4469
4470
4471
4472 4473
4473
4474 4475 4476 4477
4475
4476
4477
4478 4479
4479
4480
4481
4482
4483
4484
4485
4486 4487
4487
4488 4489
4489
4490
4491
4492 4493
4493
4494
4495
4496 4497 4498 4499
4497
4498
4499
4500
4501 4502
4502
4503
4504
4505
4506
4507
4508
4509
4510
4511
4512
4513
4514
4515
4516
4517
4518
4519
4520 4521 4522 4523
4521
4522
4523
4524 4525
4525
4526
4527
4528
4529
4530
4531
4532
4533 4534
4534
4535
4536
4537
4538
4539
4540
4541
4542
4543
4544
4545
4546
4547
4548
4549 4550
4550
4551 4552
4552
4553
4554
4555
4556
4557
4558 4559 4560 4561 4562
4559
4560
4561
4562
4563
4564
4565 4566
4566
4567
4568 4569 4570
4569
4570
4571
4572
4573 4574
4574
4575
4576
4577 4578
4578
4579
4580 4581
4581
4582 4583 4584
4583
4584
4585
4586 4587 4588
4587
4588
4589
4590 4591
4591
4592 4593
4593
4594 4595
4595
4596 4597
4597
4598 4599 4600
4599
4600
4601
4602
4603
4604
4605
4606 4607
4607
4608
4609
4610
4611
4612
4613 4614
4614
4615
4616 4617 4618 4619
4617
4618
4619
4620
4621 4622 4623
4622
4623
4624 4625
4625
4626
4627 4628 4629
4628
4629
4630 4631
4631
4632
4633
4634
4635
4636 4637 4638
4637
4638
4639 4640
4640
4641 4642
4642
4643 4644 4645
4644
4645
4646
4647
4648
4649
4650 4651
4651
4652
4653
4654 4655
4655
4656 4657 4658 4659
4657
4658
4659
4660
4661 4662
4662
4663
4664
4665
4666
4667
4668 4669
4669
4670
4671
4672
4673 4674
4674
4675 4676 4677
4676
4677
4678 4679 4680 4681
4679
4680
4681
4682
4683
4684 4685
4685
4686 4687
4687
4688
4689
4690
4691
4692
4693
4694 4695
4695
4696
4697
4698
4699
4700
4701 4702 4703 4704 4705
4702
4703
4704
4705
4706 4707
4707
4708
4709 4710
4710
4711
4712 4713
4713
4714
4715 4716 4717 4718
4716
4717
4718
4719
4720
4721 4722
4722
4723 4724 4725
4724
4725
4726
4727
4728
4729
4730
4731 4732
4732
4733
4734
4735
4736
4737 4738
4738
4739
4740
4741
4742 4743 4744 4745
4743
4744
4745
4746 4747
4747
4748
4749
4750 4751
4751
4752
4753
4754
4755 4756
4756
4757 4758
4758
4759
4760 4761
4761
4762
4763
4764
4765 4766 4767 4768
4766
4767
4768
4769 4770 4771
4770
4771
4772 4773
4773
4774
4775 4776 4777
4776
4777
4778
4779 4780 4781 4782 4783
4780
4781
4782
4783
4784
4785 4786
4786
4787
4788
4789 4790 4791
4790
4791
4792
4793 4794 4795
4794
4795
4796
4797
4798
4799 4800
4800
4801
4802
4803
4804 4805 4806 4807
4805
4806
4807
4808 4809
4809
4810
4811 4812
4812
4813
4814
4815
4816 4817
4817
4818
4819
4820
4821
4822
4823 4824
4824
4825
4826 4827 4828
4827
4828
4829
4830
4831
4832
4833
4834 4835
4835
4836 4837
4837
4838 4839 4840 4841
4839
4840
4841
4842
4843 4844
4844
4845
4846 4847 4848 4849
4847
4848
4849
4850
4851 4852
4852
4853
4854
4855 4856
4856
4857 4858
4858
4859
4860
4861
4862 4863
4863
4864
4865
4866 4867
4867
4868
4869
4870
4871
4872 4873
4873
4874
4875
4876 4877
4877
4878 4879 4880
4879
4880
4881 4882
4882
4883
4884
4885 4886
4886
4887 4888
4888
4889
4890
4891 4892
4892
4893
4894
4895
4896
4897 4898
4898
4899
4900
4901
4902
4903 4904
4904
4905
4906
4907
4908 4909
4909
4910
4911
4912
4913 4914
4914
4915 4916 4917
4916
4917
4918
4919
4920
4921
4922
4923 4924
4924
4925 4926 4927
4926
4927
4928
4929
4930 4931
4931
4932
4933
4934
4935
4936 4937 4938
4937
4938
4939 4940
4940
4941 4942 4943 4944
4942
4943
4944
4945
4946 4947 4948
4947
4948
4949 4950 4951
4950
4951
4952
4953 4954 4955
4954
4955
4956
4957
4958
4959
4960
4961 4962
4962
4963
4964
4965 4966
4966
4967 4968
4968
4969 4970
4970
4971
4972 4973 4974
4973
4974
4975
4976 4977
4977
4978 4979 4980
4979
4980
4981 4982 4983 4984 4985 4986
4982
4983
4984
4985
4986
4987
4988
4989 4990
4990
4991
4992 4993
4993
4994 4995 4996
4995
4996
4997 4998
4998
4999 5000
5000
5001 5002 5003 5004 5005
5002
5003
5004
5005
5006
5007 5008
5008
5009
5010
5011
5012 5013
5013
5014
5015 5016
5016
5017
5018
5019
5020 5021 5022
5021
5022
5023
5024
5025
5026 5027
5027
5028 5029
5029
5030 5031
5031
5032
5033 5034 5035
5034
5035
5036
5037
5038 5039 5040
5039
5040
5041
5042
5043 5044 5045 5046 5047
5044
5045
5046
5047
5048
5049
5050
5051
5052
5053
5054 5055 5056 5057 5058
5055
5056
5057
5058
5059 5060
5060
5061
5062
5063
5064
5065
5066 5067
5067
5068 5069
5069
5070
5071
5072
5073
5074
5075 5076
5076
5077
5078
5079 5080 5081
5080
5081
5082
5083
5084 5085
5085
5086
5087
5088 5089
5089
5090
5091
5092 5093
5093
5094
5095 5096 5097
5096
5097
5098
5099 5100
5100
5101
5102 5103
5103
5104
5105
5106
5107
5108 5109 5110
5109
5110
5111 5112 5113
5112
5113
5114
5115 5116 5117
5116
5117
5118
5119
5120 5121
5121
5122
5123
5124
5125 5126
5126
5127
5128
5129
5130
5131
5132
5133
5134 5135 5136
5135
5136
5137 5138
5138
5139 5140 5141
5140
5141
5142 5143 5144
5143
5144
5145
5146
5147
5148 5149
5149
5150 5151
5151
5152 5153
5153
5154
5155
5156 5157
5157
5158
5159
5160
5161 5162
5162
5163
5164
5165 5166
5166
5167 5168
5168
5169 5170
5170
5171 5172 5173
5172
5173
5174
5175 5176
5176
5177 5178
5178
5179 5180
5180
5181
5182
5183
5184
5185
5186
5187
5188
5189
5190
5191 5192 5193 5194
5192
5193
5194
5195
5196
5197
5198
5199
5200
5201
5202
5203
5204 5205
5205
5206 5207
5207
5208
5209 5210
5210
5211
5212
5213
5214
5215
5216
5217 5218 5219
5218
5219
5220 5221
5221
5222
5223
5224 5225
5225
5226
5227 5228 5229
5228
5229
5230 5231
5231
5232
5233
5234 5235 5236
5235
5236
5237
5238
5239
5240 5241
5241
5242
5243
5244
5245 5246
5246
5247 5248
5248
5249 5250
5250
5251
5252
5253
5254
5255 5256 5257 5258
5256
5257
5258
5259 5260
5260
5261
5262 5263 5264
5263
5264
5265
5266 5267
5267
5268
5269 5270
5270
5271
5272
5273
5274
5275
5276
5277
5278
5279
5280
5281 5282
5282
5283 5284 5285
5284
5285
5286
5287 5288 5289 5290
5288
5289
5290
5291 5292 5293
5292
5293
5294 5295 5296 5297
5295
5296
5297
5298 5299
5299
5300 5301
5301
5302 5303
5303
5304
5305
5306 5307
5307
5308
5309 5310
5310
5311
5312
5313 5314 5315
5314
5315
5316 5317
5317
5318 5319
5319
5320
5321
5322
5323 5324 5325
5324
5325
5326 5327
5327
5328
5329 5330
5330
5331 5332
5332
5333
5334 5335
5335
5336
5337
5338
5339
5340
5341 5342
5342
5343 5344
5344
5345
5346 5347
5347
5348
5349
5350
5351
5352
5353
5354
5355
5356
5357
5358 5359
5359
5360 5361
5361
5362
5363 5364 5365
5364
5365
5366
5367
5368
5369
5370 5371
5371
5372
5373
5374 5375
5375
5376
5377 5378
5378
5379
5380
5381 5382
5382
5383
5384
5385 5386 5387 5388 5389 5390
5386
5387
5388
5389
5390
5391 5392
5392
5393 5394
5394
5395
5396 5397
5397
5398 5399
5399
5400
5401
5402
5403 5404
5404
5405
5406 5407 5408 5409
5407
5408
5409
5410
5411
5412
5413 5414 5415 5416 5417
5414
5415
5416
5417
5418 5419
5419
5420 5421
5421
5422
5423
5424 5425 5426
5425
5426
5427
5428
5429 5430 5431
5430
5431
5432 5433 5434
5433
5434
5435 5436
5436
5437 5438
5438
5439
5440
5441
5442
5443 5444
5444
5445 5446
5446
5447 5448
5448
5449
5450
5451
5452
5453
5454
5455
5456 5457 5458
5457
5458
5459 5460 5461
5460
5461
5462 5463
5463
5464
5465 5466
5466
5467 5468
5468
5469 5470 5471 5472 5473
5470
5471
5472
5473
5474
5475 5476 5477
5476
5477
5478
5479
5480
5481
5482
5483 5484 5485
5484
5485
5486
5487
5488 5489 5490
5489
5490
5491 5492 5493 5494 5495 5496
5492
5493
5494
5495
5496
5497
5498
5499
5500
5501 5502 5503
5502
5503
5504
5505 5506
5506
5507
5508 5509
5509
5510
5511
5512 5513
5513
5514 5515
5515
5516 5517
5517
5518
5519
5520
5521
5522
5523 5524
5524
5525
5526 5527
5527
5528
5529
5530 5531 5532 5533
5531
5532
5533
5534 5535
5535
5536
5537 5538
5538
5539 5540
5540
5541
5542 5543 5544
5543
5544
5545
5546
5547
5548 5549
5549
5550
5551 5552 5553 5554 5555
5552
5553
5554
5555
5556
5557 5558 5559
5558
5559
5560
5561 5562
5562
5563
5564
5565
5566
5567
5568
5569
5570
5571 5572 5573 5574 5575
5572
5573
5574
5575
5576
5577
5578
5579 5580
5580
5581
5582
5583 5584 5585
5584
5585
5586 5587 5588
5587
5588
5589
5590 5591 5592
5591
5592
5593
5594
5595
5596 5597 5598
5597
5598
5599
5600
5601
5602
5603 5604
5604
5605 5606
5606
5607
5608
5609 5610
5610
5611
5612
5613
5614 5615 5616
5615
5616
5617 5618 5619
5618
5619
5620
5621
5622
5623
5624 5625
5625
5626 5627 5628 5629
5627
5628
5629
5630
5631
5632
5633
5634
5635
5636
5637
5638
5639
5640
5641
5642
5643
5644
5645 5646
5646
5647 5648
5648
5649 5650
5650
5651 5652
5652
5653 5654
5654
5655 5656 5657
5656
5657
5658 5659
5659
5660
5661 5662 5663
5662
5663
5664 5665
5665
5666 5667 5668
5667
5668
5669 5670
5670
5671
5672 5673
5673
5674
5675 5676
5676
5677
5678 5679 5680
5679
5680
5681
5682
5683
5684
5685
5686 5687 5688
5687
5688
5689 5690 5691 5692
5690
5691
5692
5693
5694
5695 5696
5696
5697 5698 5699
5698
5699
5700 5701 5702 5703 5704 5705
5701
5702
5703
5704
5705
5706
5707
