#/opt/homebrew/Caskroom/miniconda/base/envs/hack25/lib/python3.12/site-packages/ipykernel_launcher.py --f=/Users/jpinney/Library/Jupyter/runtime/kernel-v352576b36ed274793969b57d69d8306c9df606370.json
# GMT Sun Jul 20 14:08:16 2025
# 
0 1
1 2
2 3
3 4
4 5
5 6
6 7
7 8 2067
8 9 2068
9 10
10 11
11 12
12 13
13 14
14 15
15 16 2069
16 17
17 18 2070 2071 2074
18 19
19 20
20 21
21 22 2075
22 23
23 24 2076 2077
24 25 2079 2080
25 26
26 27 2081
27 28 2082 2083 2084 2085
28 29 2086
29 30
30 31
31 32
32 33
33 34 2087
34 35 2088
35 36 2090 2091 2092
36 37 2093
37 38 2094
38 39 2095 2096
39 40
40 41
41 42 2097
42 43 2099
43 44
44 45
45 46
46 47 2100 2102 2103
47 48 2104 2105 2107
48 49 2108
49 50 2109
50 51
51 52
52 53
53 54 2110 2112
54 55
55 56 2115 2116 2118
56 57 2119 2120 2121
57 58 2122 2123
58 59
59 60
60 61
61 62
62 63
63 64 2124
64 65
65 66
66 67 2127
67 68
68 69
69 70 2128
70 71
71 72 2129 2130
72 73
73 74 2131
74 75
75 76 2132 2134 2135 2137 2138
76 77
77 78
78 79
79 80 2139
80 81
81 82
82 83
83 84
84 85
85 86 2140
86 87
87 88
88 89
89 90
90 91
91 92 2141 2142
92 93
93 94
94 95
95 96
96 97
97 98
98 99 2143 2145 2146
99 100 2147
100 101
101 102
102 103 2148 2150
103 104
104 105
105 106 2151 2152
106 107
107 108
108 109
109 110
110 111 2154
111 112
112 113
113 114
114 115 2155
115 116
116 117
117 118 2156
118 119
119 120 2157
120 121
121 122
122 123 2160 2161
123 124
124 125
125 126
126 127
127 128
128 129 2162
129 130
130 131 2163
131 132 2164
132 133 2166 2168
133 134 2169 2170
134 135 2171
135 136
136 137
137 138
138 139
139 140
140 141 2172
141 142 2173
142 143
143 144 2174 2175
144 145 2176
145 146
146 147
147 148 2177
148 149
149 150 2178 2179
150 151
151 152
152 153
153 154 2180
154 155 2181
155 156
156 157 2182
157 158
158 159
159 160
160 161
161 162 2184
162 163 2185
163 164 2186
164 165 2187
165 166 2192
166 167
167 168
168 169
169 170 2194
170 171
171 172
172 173 2195
173 174 2196 2198
174 175
175 176
176 177 2199
177 178
178 179
179 180
180 181
181 182
182 183 2200 2201
183 184
184 185 2202
185 186 2204
186 187
187 188
188 189
189 190 2205 2206
190 191
191 192 2207 2209
192 193
193 194
194 195 2210 2211 2214
195 196
196 197 2215 2217
197 198 2219
198 199
199 200 2222
200 201 2223 2224
201 202
202 203 2225 2226 2227
203 204 2228
204 205 2229 2230
205 206 2231 2232 2233 2234
206 207
207 208
208 209
209 210
210 211 2235
211 212 2236
212 213
213 214 2237
214 215
215 216 2238
216 217
217 218
218 219 2239
219 220 2240
220 221
221 222 2241
222 223
223 224 2242 2243
224 225
225 226
226 227 2244 2245 2247
227 228 2248
228 229 2249 2250 2251
229 230
230 231
231 232 2253
232 233 2254 2255 2256
233 234
234 235
235 236
236 237
237 238
238 239 2258
239 240 2259 2260 2261
240 241
241 242 2263
242 243 2265
243 244 2266
244 245 2269
245 246
246 247 2271
247 248
248 249
249 250 2272
250 251
251 252
252 253 2274 2275
253 254 2276 2277
254 255
255 256 2278
256 257
257 258
258 259
259 260
260 261
261 262 2280 2281
262 263 2283
263 264 2284
264 265
265 266
266 267
267 268
268 269
269 270
270 271
271 272 2286 2287
272 273 2288 2289 2290
273 274
274 275 2291
275 276 2292
276 277
277 278
278 279 2293 2294
279 280
280 281 2295
281 282 2297
282 283
283 284
284 285
285 286 2298
286 287
287 288
288 289 2299
289 290 2300
290 291
291 292
292 293
293 294 2303
294 295 2304 2305 2306
295 296 2307 2308
296 297
297 298 2310
298 299 2311 2312
299 300
300 301
301 302
302 303
303 304
304 305 2313 2314
305 306 2315
306 307
307 308
308 309
309 310
310 311
311 312
312 313 2316 2317
313 314 2318 2319
314 315
315 316 2321
316 317
317 318 2322
318 319 2323
319 320 2324
320 321
321 322
322 323 2325
323 324
324 325
325 326
326 327
327 328
328 329 2326
329 330
330 331 2327 2328 2329
331 332
332 333 2330 2332
333 334
334 335
335 336 2333 2334
336 337
337 338
338 339 2335 2336
339 340
340 341 2337 2338 2339
341 342
342 343 2340 2341
343 344 2342
344 345 2343
345 346
346 347
347 348
348 349 2344
349 350 2345
350 351
351 352 2348 2349
352 353
353 354
354 355
355 356
356 357
357 358
358 359 2350 2352
359 360
360 361 2353
361 362
362 363 2354
363 364
364 365
365 366
366 367 2355
367 368 2356
368 369
369 370 2358
370 371 2359
371 372
372 373
373 374
374 375
375 376
376 377
377 378 2360 2362
378 379 2364 2365
379 380
380 381 2366 2367
381 382 2368
382 383
383 384 2369
384 385
385 386
386 387 2370 2371 2372
387 388
388 389
389 390 2373
390 391
391 392 2375
392 393
393 394 2376
394 395
395 396
396 397
397 398 2377
398 399
399 400
400 401
401 402
402 403
403 404 2378
404 405 2379
405 406
406 407 2380 2381
407 408
408 409
409 410 2382
410 411
411 412
412 413
413 414 2383 2384 2387
414 415
415 416
416 417
417 418
418 419 2389
419 420
420 421
421 422
422 423 2392
423 424 2393 2395 2397
424 425
425 426
426 427 2399
427 428 2401 2402
428 429 2403 2404 2405 2406
429 430
430 431 2407 2408
431 432
432 433
433 434 2409
434 435 2411 2413
435 436
436 437
437 438 2414
438 439
439 440 2417 2419
440 441
441 442
442 443
443 444
444 445
445 446
446 447
447 448
448 449
449 450
450 451
451 452 2420
452 453
453 454
454 455
455 456
456 457
457 458
458 459
459 460 2421
460 461 2422
461 462
462 463
463 464
464 465
465 466 2423 2424
466 467 2425 2426
467 468
468 469
469 470 2427
470 471
471 472
472 473 2428 2429
473 474 2430
474 475
475 476
476 477 2431
477 478
478 479
479 480 2433
480 481
481 482 2435 2436
482 483 2437
483 484 2438 2439 2440 2441
484 485
485 486
486 487
487 488 2442 2443 2444
488 489 2447
489 490
490 491
491 492
492 493
493 494
494 495
495 496 2448
496 497 2449 2450
497 498 2451
498 499 2452
499 500
500 501 2453
501 502
502 503 2455
503 504
504 505
505 506
506 507
507 508
508 509
509 510
510 511 2456
511 512 2457
512 513
513 514 2458 2461
514 515
515 516 2462 2463 2464
516 517 2465 2467
517 518
518 519
519 520
520 521
521 522
522 523 2468
523 524 2469
524 525
525 526
526 527 2470
527 528
528 529 2471 2472
529 530 2473
530 531 2474 2475
531 532
532 533
533 534 2476 2477
534 535 2478
535 536 2480
536 537
537 538
538 539
539 540
540 541 2482
541 542 2483 2484
542 543 2485
543 544
544 545 2486
545 546 2488 2489 2490
546 547
547 548
548 549 2491
549 550 2492 2494 2495
550 551 2496
551 552
552 553 2497
553 554 2498
554 555
555 556
556 557 2499
557 558
558 559
559 560 2500
560 561 2502
561 562
562 563 2503
563 564
564 565 2504
565 566 2505 2507 2508
566 567
567 568
568 569
569 570 2510 2511
570 571
571 572 2513 2514
572 573
573 574
574 575
575 576
576 577
577 578
578 579
579 580 2516 2517 2519
580 581
581 582
582 583 2520
583 584 2521
584 585
585 586
586 587
587 588 2522
588 589
589 590
590 591 2524
591 592
592 593
593 594 2525
594 595 2526 2527
595 596
596 597 2529
597 598 2530
598 599
599 600
600 601
601 602
602 603
603 604
604 605
605 606
606 607 2531 2532 2533 2534
607 608
608 609 2535
609 610
610 611
611 612 2536 2537
612 613
613 614
614 615
615 616
616 617 2539
617 618
618 619
619 620
620 621 2540
621 622 2541
622 623
623 624
624 625 2542
625 626 2543
626 627
627 628
628 629
629 630
630 631 2544
631 632
632 633
633 634
634 635
635 636
636 637
637 638 2545
638 639
639 640
640 641 2547 2548
641 642
642 643
643 644 2549
644 645
645 646
646 647 2551
647 648
648 649
649 650
650 651 2552
651 652
652 653 2553
653 654
654 655 2554
655 656
656 657
657 658
658 659
659 660
660 661
661 662 2555 2556
662 663
663 664
664 665 2558 2559
665 666
666 667 2560
667 668
668 669
669 670 2561
670 671 2564
671 672 2565
672 673
673 674 2566
674 675
675 676 2567
676 677 2568
677 678
678 679
679 680
680 681
681 682
682 683
683 684
684 685 2569
685 686 2570
686 687 2571 2572
687 688
688 689 2573 2575
689 690
690 691
691 692 2576
692 693
693 694
694 695 2577
695 696
696 697
697 698
698 699
699 700
700 701
701 702
702 703
703 704
704 705
705 706
706 707
707 708
708 709 2580
709 710 2581 2583 2584
710 711 2586 2587
711 712
712 713
713 714
714 715
715 716
716 717
717 718
718 719
719 720 2588
720 721
721 722
722 723 2589
723 724 2590
724 725 2591 2592 2593 2594
725 726
726 727 2595
727 728 2596
728 729
729 730
730 731
731 732
732 733
733 734 2597
734 735 2598
735 736 2599 2600
736 737
737 738 2601
738 739
739 740 2602
740 741
741 742 2603 2604 2605 2606
742 743
743 744
744 745
745 746 2607
746 747
747 748
748 749
749 750 2608 2609
750 751
751 752
752 753 2610
753 754 2611
754 755
755 756
756 757
757 758
758 759 2613
759 760 2614
760 761 2616 2617 2618
761 762 2619 2620 2621 2624 2625 2626 2627
762 763 2628 2629
763 764
764 765 2630
765 766
766 767
767 768
768 769
769 770
770 771
771 772 2631
772 773 2632 2633 2634 2635 2636
773 774 2637 2638
774 775 2639
775 776
776 777
777 778
778 779
779 780
780 781
781 782
782 783 2641 2642 2643
783 784 2644
784 785 2645
785 786 2647 2648
786 787
787 788
788 789
789 790
790 791
791 792
792 793 2649 2650
793 794
794 795
795 796 2651 2652
796 797
797 798
798 799
799 800
800 801 2653
801 802
802 803 2654
803 804 2655
804 805 2656
805 806 2657
806 807
807 808
808 809 2658
809 810 2659
810 811
811 812 2661
812 813
813 814
814 815
815 816 2662 2665
816 817 2666
817 818
818 819
819 820
820 821
821 822
822 823
823 824
824 825
825 826 2667
826 827 2668 2669 2670
827 828 2671
828 829 2672
829 830
830 831 2673
831 832 2675
832 833
833 834
834 835
835 836 2676 2677
836 837 2678 2679
837 838
838 839
839 840
840 841
841 842 2682
842 843
843 844
844 845
845 846 2683 2684 2685 2686
846 847 2687 2688
847 848 2690 2691
848 849
849 850 2692
850 851
851 852
852 853 2693 2694
853 854
854 855 2695
855 856
856 857
857 858
858 859 2696 2697
859 860
860 861
861 862
862 863 2698 2699
863 864 2702
864 865
865 866 2705
866 867
867 868
868 869 2707 2708 2709
869 870 2710
870 871 2711 2712
871 872 2713 2714
872 873
873 874
874 875
875 876
876 877 2716
877 878
878 879
879 880
880 881 2717
881 882
882 883
883 884 2718
884 885 2719
885 886
886 887 2720
887 888 2721
888 889 2723 2724
889 890
890 891 2726
891 892
892 893
893 894 2728
894 895 2729
895 896 2731 2732
896 897
897 898 2733 2735
898 899
899 900
900 901
901 902
902 903 2736 2737
903 904 2739
904 905
905 906
906 907
907 908
908 909
909 910 2742
910 911 2743
911 912
912 913
913 914
914 915
915 916
916 917
917 918
918 919 2744 2745
919 920
920 921
921 922
922 923
923 924
924 925 2747 2748
925 926 2749
926 927 2750 2751
927 928
928 929
929 930
930 931
931 932
932 933
933 934
934 935 2752 2754 2755
935 936
936 937
937 938 2757
938 939 2758 2759
939 940
940 941
941 942
942 943 2760
943 944 2761 2762
944 945 2763
945 946 2764
946 947
947 948 2766
948 949
949 950
950 951
951 952 2767
952 953
953 954
954 955
955 956 2768
956 957
957 958
958 959 2769 2771
959 960
960 961 2772
961 962 2775 2776 2777
962 963
963 964 2778
964 965
965 966 2779
966 967
967 968
968 969 2780 2782
969 970
970 971
971 972
972 973 2783
973 974
974 975
975 976
976 977
977 978
978 979
979 980
980 981
981 982 2784 2785 2786
982 983
983 984
984 985 2787
985 986
986 987 2788 2789 2790
987 988
988 989
989 990
990 991
991 992 2791
992 993
993 994
994 995
995 996
996 997
997 998
998 999 2792
999 1000
1000 1001 2794 2795 2796 2797
1001 1002
1002 1003
1003 1004
1004 1005
1005 1006 2798
1006 1007 2799 2800
1007 1008
1008 1009
1009 1010
1010 1011
1011 1012
1012 1013 2801
1013 1014
1014 1015
1015 1016
1016 1017
1017 1018
1018 1019
1019 1020
1020 1021
1021 1022
1022 1023 2802
1023 1024
1024 1025 2803
1025 1026
1026 1027
1027 1028
1028 1029
1029 1030
1030 1031
1031 1032 2804
1032 1033
1033 1034 2806
1034 1035
1035 1036 2807
1036 1037
1037 1038 2808
1038 1039
1039 1040
1040 1041 2809
1041 1042
1042 1043 2811 2812
1043 1044
1044 1045
1045 1046
1046 1047
1047 1048
1048 1049
1049 1050
1050 1051 2813
1051 1052
1052 1053
1053 1054 2814
1054 1055
1055 1056
1056 1057
1057 1058 2815
1058 1059
1059 1060
1060 1061
1061 1062
1062 1063 2816
1063 1064 2817
1064 1065
1065 1066
1066 1067 2818
1067 1068
1068 1069 2820
1069 1070
1070 1071 2821
1071 1072
1072 1073 2822 2823
1073 1074
1074 1075
1075 1076 2824
1076 1077 2825 2827
1077 1078
1078 1079 2828
1079 1080
1080 1081
1081 1082
1082 1083
1083 1084
1084 1085
1085 1086 2829
1086 1087
1087 1088 2830
1088 1089
1089 1090
1090 1091 2831
1091 1092 2832
1092 1093
1093 1094 2833 2834 2835
1094 1095
1095 1096
1096 1097
1097 1098 2836
1098 1099
1099 1100 2837
1100 1101
1101 1102
1102 1103 2838 2839
1103 1104
1104 1105
1105 1106
1106 1107 2840 2842
1107 1108
1108 1109
1109 1110
1110 1111
1111 1112
1112 1113
1113 1114
1114 1115
1115 1116
1116 1117 2845 2847
1117 1118
1118 1119 2849
1119 1120 2850
1120 1121
1121 1122
1122 1123 2852
1123 1124
1124 1125 2853
1125 1126
1126 1127 2854
1127 1128 2855
1128 1129
1129 1130
1130 1131
1131 1132
1132 1133
1133 1134
1134 1135
1135 1136
1136 1137
1137 1138
1138 1139 2856
1139 1140 2858
1140 1141
1141 1142
1142 1143 2859 2860
1143 1144
1144 1145
1145 1146
1146 1147 2861
1147 1148 2862 2863
1148 1149 2864 2865
1149 1150
1150 1151 2867
1151 1152 2868
1152 1153
1153 1154 2870 2871
1154 1155
1155 1156
1156 1157
1157 1158
1158 1159
1159 1160
1160 1161
1161 1162
1162 1163
1163 1164
1164 1165
1165 1166
1166 1167
1167 1168
1168 1169
1169 1170
1170 1171 2872 2874
1171 1172
1172 1173
1173 1174
1174 1175
1175 1176
1176 1177 2875 2876 2878 2880
1177 1178
1178 1179
1179 1180
1180 1181
1181 1182
1182 1183
1183 1184 2881 2883
1184 1185
1185 1186
1186 1187 2884
1187 1188 2885
1188 1189
1189 1190 2886 2888
1190 1191
1191 1192 2891
1192 1193
1193 1194 2892
1194 1195 2893
1195 1196
1196 1197
1197 1198
1198 1199
1199 1200
1200 1201
1201 1202
1202 1203 2895 2899 2900 2901
1203 1204 2903
1204 1205
1205 1206
1206 1207 2904
1207 1208 2906
1208 1209 2907 2908
1209 1210
1210 1211 2910 2911 2913
1211 1212 2914
1212 1213
1213 1214
1214 1215
1215 1216 2915
1216 1217
1217 1218
1218 1219 2916 2917 2918
1219 1220 2919 2920
1220 1221
1221 1222 2921
1222 1223
1223 1224
1224 1225
1225 1226 2922
1226 1227
1227 1228 2923
1228 1229
1229 1230
1230 1231
1231 1232
1232 1233
1233 1234
1234 1235
1235 1236
1236 1237
1237 1238
1238 1239 2924 2925 2926
1239 1240 2927
1240 1241
1241 1242
1242 1243
1243 1244
1244 1245 2928
1245 1246 2929
1246 1247
1247 1248 2930
1248 1249 2931 2932 2933
1249 1250 2934 2936
1250 1251 2937 2938
1251 1252 2939
1252 1253
1253 1254
1254 1255 2940 2942 2943 2944 2945
1255 1256
1256 1257
1257 1258 2946 2947
1258 1259
1259 1260 2948
1260 1261
1261 1262 2951 2952
1262 1263 2953
1263 1264 2955
1264 1265 2956
1265 1266 2957
1266 1267
1267 1268
1268 1269
1269 1270
1270 1271
1271 1272
1272 1273
1273 1274 2959 2960
1274 1275 2961 2963 2964
1275 1276
1276 1277
1277 1278
1278 1279
1279 1280 2965
1280 1281
1281 1282
1282 1283 2966
1283 1284
1284 1285 2968
1285 1286
1286 1287 2969 2970
1287 1288 2971 2972
1288 1289
1289 1290 2973 2974
1290 1291 2975
1291 1292 2976
1292 1293
1293 1294
1294 1295
1295 1296 2977 2978 2979
1296 1297
1297 1298
1298 1299 2981
1299 1300 2982
1300 1301 2983
1301 1302
1302 1303
1303 1304 2984
1304 1305
1305 1306
1306 1307
1307 1308
1308 1309
1309 1310 2988 2989 2990 2992 2993
1310 1311 2994 2996
1311 1312
1312 1313 2997
1313 1314
1314 1315
1315 1316 2998 2999 3000 3001
1316 1317
1317 1318
1318 1319
1319 1320 3002
1320 1321 3003 3004 3005 3006
1321 1322 3008
1322 1323
1323 1324
1324 1325
1325 1326 3009
1326 1327
1327 1328 3011
1328 1329 3012
1329 1330 3014 3015
1330 1331
1331 1332 3016 3018
1332 1333
1333 1334
1334 1335
1335 1336 3019 3021
1336 1337 3022
1337 1338 3023
1338 1339
1339 1340
1340 1341 3024 3025 3026 3027
1341 1342
1342 1343
1343 1344
1344 1345 3028
1345 1346
1346 1347
1347 1348
1348 1349
1349 1350 3029
1350 1351 3030
1351 1352
1352 1353 3032 3033
1353 1354
1354 1355 3034 3036
1355 1356
1356 1357 3037
1357 1358
1358 1359
1359 1360
1360 1361
1361 1362 3038
1362 1363
1363 1364 3039
1364 1365
1365 1366
1366 1367
1367 1368
1368 1369 3040 3042 3043
1369 1370
1370 1371
1371 1372
1372 1373
1373 1374
1374 1375 3044
1375 1376 3045
1376 1377
1377 1378
1378 1379
1379 1380
1380 1381
1381 1382
1382 1383
1383 1384
1384 1385
1385 1386
1386 1387
1387 1388
1388 1389 3046
1389 1390
1390 1391 3047 3048 3050 3051
1391 1392
1392 1393
1393 1394
1394 1395
1395 1396
1396 1397
1397 1398 3052
1398 1399 3053
1399 1400
1400 1401
1401 1402
1402 1403 3055 3056
1403 1404 3057
1404 1405
1405 1406
1406 1407 3058
1407 1408 3061
1408 1409 3062
1409 1410 3063
1410 1411
1411 1412
1412 1413
1413 1414 3065
1414 1415
1415 1416
1416 1417
1417 1418
1418 1419
1419 1420
1420 1421
1421 1422
1422 1423
1423 1424 3066
1424 1425
1425 1426
1426 1427 3067
1427 1428
1428 1429 3068
1429 1430 3069
1430 1431
1431 1432 3070
1432 1433
1433 1434 3071
1434 1435
1435 1436 3072
1436 1437
1437 1438 3075 3076 3078
1438 1439
1439 1440 3081 3082 3084
1440 1441 3086 3087
1441 1442
1442 1443 3088
1443 1444
1444 1445 3089
1445 1446
1446 1447 3090
1447 1448
1448 1449
1449 1450
1450 1451 3091 3092 3093
1451 1452 3094
1452 1453
1453 1454
1454 1455
1455 1456
1456 1457
1457 1458
1458 1459 3097
1459 1460 3098
1460 1461 3099
1461 1462
1462 1463 3100 3101
1463 1464 3102
1464 1465 3104
1465 1466
1466 1467 3105 3106 3107
1467 1468
1468 1469
1469 1470
1470 1471
1471 1472
1472 1473 3108
1473 1474
1474 1475
1475 1476
1476 1477 3109
1477 1478 3111
1478 1479 3112 3113
1479 1480
1480 1481 3114 3116
1481 1482
1482 1483
1483 1484
1484 1485
1485 1486
1486 1487
1487 1488
1488 1489 3119
1489 1490
1490 1491
1491 1492 3120 3121
1492 1493
1493 1494 3123
1494 1495
1495 1496
1496 1497
1497 1498
1498 1499
1499 1500 3124 3125 3126 3127
1500 1501
1501 1502
1502 1503
1503 1504
1504 1505 3128 3129
1505 1506
1506 1507
1507 1508 3130 3131 3132
1508 1509 3133
1509 1510
1510 1511
1511 1512
1512 1513
1513 1514
1514 1515
1515 1516
1516 1517 3134
1517 1518
1518 1519
1519 1520 3135 3136 3137 3139
1520 1521
1521 1522
1522 1523 3140
1523 1524 3143
1524 1525
1525 1526
1526 1527
1527 1528 3144
1528 1529
1529 1530 3145 3146 3148
1530 1531 3149 3150
1531 1532
1532 1533 3151
1533 1534
1534 1535
1535 1536 3152 3153
1536 1537
1537 1538
1538 1539
1539 1540
1540 1541
1541 1542
1542 1543 3154
1543 1544
1544 1545
1545 1546
1546 1547
1547 1548 3155 3157 3158
1548 1549
1549 1550
1550 1551
1551 1552
1552 1553 3159
1553 1554
1554 1555
1555 1556 3160 3161 3162
1556 1557 3163 3164
1557 1558
1558 1559
1559 1560 3165
1560 1561
1561 1562 3166
1562 1563
1563 1564
1564 1565
1565 1566
1566 1567 3167
1567 1568
1568 1569
1569 1570 3169
1570 1571
1571 1572
1572 1573
1573 1574 3170 3171
1574 1575
1575 1576 3172
1576 1577
1577 1578
1578 1579
1579 1580 3173
1580 1581
1581 1582 3174 3175 3176
1582 1583 3178
1583 1584
1584 1585 3179
1585 1586
1586 1587
1587 1588
1588 1589
1589 1590 3180 3181 3182
1590 1591
1591 1592
1592 1593
1593 1594
1594 1595
1595 1596 3183 3184
1596 1597
1597 1598
1598 1599
1599 1600 3185 3188
1600 1601
1601 1602
1602 1603
1603 1604
1604 1605
1605 1606 3190 3191
1606 1607
1607 1608 3192
1608 1609 3193
1609 1610
1610 1611
1611 1612
1612 1613
1613 1614 3194
1614 1615
1615 1616
1616 1617
1617 1618
1618 1619 3195
1619 1620
1620 1621
1621 1622 3196
1622 1623
1623 1624
1624 1625 3198
1625 1626
1626 1627
1627 1628 3199
1628 1629
1629 1630
1630 1631
1631 1632 3201
1632 1633
1633 1634
1634 1635
1635 1636
1636 1637 3202
1637 1638
1638 1639 3204 3205 3206
1639 1640 3207 3208
1640 1641
1641 1642 3210
1642 1643
1643 1644
1644 1645 3211 3212
1645 1646
1646 1647 3213 3214
1647 1648 3217
1648 1649
1649 1650
1650 1651
1651 1652
1652 1653
1653 1654
1654 1655 3220
1655 1656
1656 1657
1657 1658
1658 1659
1659 1660
1660 1661
1661 1662
1662 1663
1663 1664 3221
1664 1665
1665 1666 3222
1666 1667 3223 3224
1667 1668
1668 1669
1669 1670
1670 1671
1671 1672
1672 1673 3227
1673 1674
1674 1675 3228 3229 3232 3233
1675 1676 3234 3235 3236
1676 1677
1677 1678
1678 1679
1679 1680 3237
1680 1681
1681 1682
1682 1683
1683 1684 3238 3239
1684 1685
1685 1686 3241 3242 3243 3244
1686 1687
1687 1688 3245 3246
1688 1689
1689 1690
1690 1691
1691 1692
1692 1693
1693 1694
1694 1695 3247
1695 1696 3248
1696 1697 3249 3250
1697 1698 3251 3252
1698 1699 3253 3254
1699 1700 3257 3258
1700 1701
1701 1702 3259
1702 1703
1703 1704 3260
1704 1705 3262
1705 1706
1706 1707
1707 1708 3263
1708 1709 3264 3265
1709 1710
1710 1711 3269
1711 1712
1712 1713
1713 1714 3270
1714 1715
1715 1716
1716 1717
1717 1718
1718 1719
1719 1720
1720 1721 3272
1721 1722 3273
1722 1723
1723 1724
1724 1725
1725 1726
1726 1727
1727 1728
1728 1729
1729 1730
1730 1731
1731 1732
1732 1733 3274 3275
1733 1734
1734 1735
1735 1736
1736 1737
1737 1738
1738 1739 3276
1739 1740 3277
1740 1741
1741 1742
1742 1743
1743 1744
1744 1745 3278
1745 1746 3279
1746 1747 3282
1747 1748
1748 1749
1749 1750 3283 3284
1750 1751
1751 1752
1752 1753
1753 1754
1754 1755
1755 1756 3285 3286
1756 1757
1757 1758
1758 1759
1759 1760
1760 1761
1761 1762 3289 3290
1762 1763
1763 1764 3291
1764 1765
1765 1766 3292 3293
1766 1767
1767 1768
1768 1769 3294
1769 1770
1770 1771 3295 3296
1771 1772
1772 1773
1773 1774 3298
1774 1775 3299
1775 1776
1776 1777
1777 1778
1778 1779
1779 1780 3300 3301
1780 1781
1781 1782 3302
1782 1783
1783 1784 3303
1784 1785
1785 1786
1786 1787
1787 1788
1788 1789
1789 1790
1790 1791 3304 3306 3307
1791 1792 3309
1792 1793
1793 1794 3310 3311
1794 1795 3312
1795 1796
1796 1797
1797 1798
1798 1799
1799 1800
1800 1801
1801 1802
1802 1803 3313 3314
1803 1804
1804 1805 3317 3318
1805 1806
1806 1807 3319 3320 3321 3322 3323 3324
1807 1808 3325
1808 1809
1809 1810 3326
1810 1811
1811 1812
1812 1813 3328 3331
1813 1814
1814 1815
1815 1816
1816 1817
1817 1818 3332
1818 1819
1819 1820
1820 1821
1821 1822 3333
1822 1823
1823 1824
1824 1825 3334
1825 1826
1826 1827
1827 1828
1828 1829 3335 3336 3338
1829 1830
1830 1831
1831 1832
1832 1833
1833 1834 3341 3343
1834 1835
1835 1836
1836 1837
1837 1838 3345
1838 1839
1839 1840
1840 1841 3346
1841 1842 3347
1842 1843 3349 3350
1843 1844 3351 3352 3353
1844 1845
1845 1846
1846 1847 3354 3355
1847 1848
1848 1849
1849 1850
1850 1851 3356
1851 1852
1852 1853 3357 3358 3360
1853 1854 3361
1854 1855 3362
1855 1856 3363 3364
1856 1857
1857 1858 3365
1858 1859
1859 1860
1860 1861
1861 1862
1862 1863 3367 3368
1863 1864 3369
1864 1865 3370 3371 3372 3373
1865 1866 3374
1866 1867 3376 3377 3378
1867 1868
1868 1869 3379
1869 1870 3380
1870 1871 3381
1871 1872
1872 1873 3382
1873 1874
1874 1875 3385
1875 1876 3386
1876 1877
1877 1878 3387 3390
1878 1879
1879 1880
1880 1881 3391
1881 1882
1882 1883 3392 3393
1883 1884 3394
1884 1885
1885 1886
1886 1887
1887 1888
1888 1889
1889 1890
1890 1891
1891 1892 3395
1892 1893 3396
1893 1894 3398
1894 1895
1895 1896 3399 3401
1896 1897 3402
1897 1898
1898 1899
1899 1900
1900 1901
1901 1902 3403 3404 3405 3407 3408 3410
1902 1903 3411
1903 1904 3412 3413
1904 1905
1905 1906
1906 1907
1907 1908
1908 1909 3415
1909 1910
1910 1911 3416 3417 3418
1911 1912 3419
1912 1913 3421
1913 1914
1914 1915 3422
1915 1916
1916 1917 3423 3424 3425
1917 1918 3426 3427
1918 1919
1919 1920 3429
1920 1921
1921 1922 3430
1922 1923
1923 1924 3431
1924 1925
1925 1926
1926 1927
1927 1928
1928 1929 3432
1929 1930
1930 1931
1931 1932
1932 1933 3434
1933 1934
1934 1935
1935 1936
1936 1937
1937 1938
1938 1939
1939 1940
1940 1941
1941 1942
1942 1943 3437 3438
1943 1944 3439
1944 1945
1945 1946
1946 1947
1947 1948
1948 1949
1949 1950 3440
1950 1951
1951 1952 3441 3442
1952 1953
1953 1954 3443
1954 1955 3444
1955 1956
1956 1957
1957 1958
1958 1959 3445 3446 3447 3448
1959 1960 3449
1960 1961
1961 1962
1962 1963
1963 1964
1964 1965
1965 1966 3450 3451
1966 1967 3452 3453
1967 1968
1968 1969
1969 1970 3455
1970 1971 3456
1971 1972
1972 1973
1973 1974
1974 1975
1975 1976
1976 1977 3457
1977 1978
1978 1979 3458
1979 1980
1980 1981 3459
1981 1982
1982 1983 3460 3461
1983 1984 3463
1984 1985
1985 1986
1986 1987
1987 1988
1988 1989
1989 1990
1990 1991 3464 3465 3466
1991 1992
1992 1993
1993 1994 3467
1994 1995
1995 1996 3468 3469
1996 1997
1997 1998
1998 1999
1999 2000 3470
2000 2001
2001 2002 3471
2002 2003 3472
2003 2004
2004 2005
2005 2006
2006 2007 3473 3474
2007 2008
2008 2009
2009 2010 3475
2010 2011
2011 2012 3477 3478
2012 2013
2013 2014
2014 2015 3479
2015 2016
2016 2017
2017 2018
2018 2019
2019 2020
2020 2021
2021 2022
2022 2023 3481
2023 2024
2024 2025
2025 2026
2026 2027
2027 2028
2028 2029
2029 2030 3482
2030 2031
2031 2032
2032 2033
2033 2034 3483
2034 2035
2035 2036
2036 2037 3484 3485
2037 2038 3486 3487
2038 2039
2039 2040 3489
2040 2041
2041 2042
2042 2043
2043 2044
2044 2045 3490 3491
2045 2046
2046 2047
2047 2048 3492
2048 2049
2049 2050 3493
2050 2051
2051 2052
2052 2053
2053 2054 3494
2054 2055 3495 3496
2055 2056 3497
2056 2057
2057 2058
2058 2059
2059 2060
2060 2061
2061 2062
2062 2063 3498
2063 2064
2064 2065
2065 2066
2066 3499 3500
2067
2068
2069
2070
2071 2072 2073
2072
2073
2074
2075
2076
2077 2078
2078
2079
2080
2081
2082
2083
2084
2085
2086
2087
2088 2089
2089
2090
2091
2092
2093
2094
2095
2096
2097 2098
2098
2099
2100 2101
2101
2102
2103
2104
2105 2106
2106
2107
2108
2109
2110 2111
2111
2112 2113 2114
2113
2114
2115
2116 2117
2117
2118
2119
2120
2121
2122
2123
2124 2125 2126
2125
2126
2127
2128
2129
2130
2131
2132 2133
2133
2134
2135 2136
2136
2137
2138
2139
2140
2141
2142
2143 2144
2144
2145
2146
2147
2148 2149
2149
2150
2151
2152 2153
2153
2154
2155
2156
2157 2158 2159
2158
2159
2160
2161
2162
2163
2164 2165
2165
2166 2167
2167
2168
2169
2170
2171
2172
2173
2174
2175
2176
2177
2178
2179
2180
2181
2182 2183
2183
2184
2185
2186
2187 2188 2189 2190 2191
2188
2189
2190
2191
2192 2193
2193
2194
2195
2196 2197
2197
2198
2199
2200
2201
2202 2203
2203
2204
2205
2206
2207 2208
2208
2209
2210
2211 2212 2213
2212
2213
2214
2215 2216
2216
2217 2218
2218
2219 2220 2221
2220
2221
2222
2223
2224
2225
2226
2227
2228
2229
2230
2231
2232
2233
2234
2235
2236
2237
2238
2239
2240
2241
2242
2243
2244
2245 2246
2246
2247
2248
2249
2250
2251 2252
2252
2253
2254
2255
2256 2257
2257
2258
2259
2260
2261 2262
2262
2263 2264
2264
2265
2266 2267 2268
2267
2268
2269 2270
2270
2271
2272 2273
2273
2274
2275
2276
2277
2278 2279
2279
2280
2281 2282
2282
2283
2284 2285
2285
2286
2287
2288
2289
2290
2291
2292
2293
2294
2295 2296
2296
2297
2298
2299
2300 2301 2302
2301
2302
2303
2304
2305
2306
2307
2308 2309
2309
2310
2311
2312
2313
2314
2315
2316
2317
2318
2319 2320
2320
2321
2322
2323
2324
2325
2326
2327
2328
2329
2330 2331
2331
2332
2333
2334
2335
2336
2337
2338
2339
2340
2341
2342
2343
2344
2345 2346 2347
2346
2347
2348
2349
2350 2351
2351
2352
2353
2354
2355
2356 2357
2357
2358
2359
2360 2361
2361
2362 2363
2363
2364
2365
2366
2367
2368
2369
2370
2371
2372
2373 2374
2374
2375
2376
2377
2378
2379
2380
2381
2382
2383
2384 2385 2386
2385
2386
2387 2388
2388
2389 2390 2391
2390
2391
2392
2393 2394
2394
2395 2396
2396
2397 2398
2398
2399 2400
2400
2401
2402
2403
2404
2405
2406
2407
2408
2409 2410
2410
2411 2412
2412
2413
2414 2415 2416
2415
2416
2417 2418
2418
2419
2420
2421
2422
2423
2424
2425
2426
2427
2428
2429
2430
2431 2432
2432
2433 2434
2434
2435
2436
2437
2438
2439
2440
2441
2442
2443
2444 2445 2446
2445
2446
2447
2448
2449
2450
2451
2452
2453 2454
2454
2455
2456
2457
2458 2459 2460
2459
2460
2461
2462
2463
2464
2465 2466
2466
2467
2468
2469
2470
2471
2472
2473
2474
2475
2476
2477
2478 2479
2479
2480 2481
2481
2482
2483
2484
2485
2486 2487
2487
2488
2489
2490
2491
2492 2493
2493
2494
2495
2496
2497
2498
2499
2500 2501
2501
2502
2503
2504
2505 2506
2506
2507
2508 2509
2509
2510
2511 2512
2512
2513
2514 2515
2515
2516
2517 2518
2518
2519
2520
2521
2522 2523
2523
2524
2525
2526
2527 2528
2528
2529
2530
2531
2532
2533
2534
2535
2536
2537 2538
2538
2539
2540
2541
2542
2543
2544
2545 2546
2546
2547
2548
2549 2550
2550
2551
2552
2553
2554
2555
2556 2557
2557
2558
2559
2560
2561 2562 2563
2562
2563
2564
2565
2566
2567
2568
2569
2570
2571
2572
2573 2574
2574
2575
2576
2577 2578 2579
2578
2579
2580
2581 2582
2582
2583
2584 2585
2585
2586
2587
2588
2589
2590
2591
2592
2593
2594
2595
2596
2597
2598
2599
2600
2601
2602
2603
2604
2605
2606
2607
2608
2609
2610
2611 2612
2612
2613
2614 2615
2615
2616
2617
2618
2619
2620
2621 2622 2623
2622
2623
2624
2625
2626
2627
2628
2629
2630
2631
2632
2633
2634
2635
2636
2637
2638
2639 2640
2640
2641
2642
2643
2644
2645 2646
2646
2647
2648
2649
2650
2651
2652
2653
2654
2655
2656
2657
2658
2659 2660
2660
2661
2662 2663 2664
2663
2664
2665
2666
2667
2668
2669
2670
2671
2672
2673 2674
2674
2675
2676
2677
2678
2679 2680 2681
2680
2681
2682
2683
2684
2685
2686
2687
2688 2689
2689
2690
2691
2692
2693
2694
2695
2696
2697
2698
2699 2700 2701
2700
2701
2702 2703 2704
2703
2704
2705 2706
2706
2707
2708
2709
2710
2711
2712
2713
2714 2715
2715
2716
2717
2718
2719
2720
2721 2722
2722
2723
2724 2725
2725
2726 2727
2727
2728
2729 2730
2730
2731
2732
2733 2734
2734
2735
2736
2737 2738
2738
2739 2740 2741
2740
2741
2742
2743
2744
2745 2746
2746
2747
2748
2749
2750
2751
2752 2753
2753
2754
2755 2756
2756
2757
2758
2759
2760
2761
2762
2763
2764 2765
2765
2766
2767
2768
2769 2770
2770
2771
2772 2773 2774
2773
2774
2775
2776
2777
2778
2779
2780 2781
2781
2782
2783
2784
2785
2786
2787
2788
2789
2790
2791
2792 2793
2793
2794
2795
2796
2797
2798
2799
2800
2801
2802
2803
2804 2805
2805
2806
2807
2808
2809 2810
2810
2811
2812
2813
2814
2815
2816
2817
2818 2819
2819
2820
2821
2822
2823
2824
2825 2826
2826
2827
2828
2829
2830
2831
2832
2833
2834
2835
2836
2837
2838
2839
2840 2841
2841
2842 2843 2844
2843
2844
2845 2846
2846
2847 2848
2848
2849
2850 2851
2851
2852
2853
2854
2855
2856 2857
2857
2858
2859
2860
2861
2862
2863
2864
2865 2866
2866
2867
2868 2869
2869
2870
2871
2872 2873
2873
2874
2875
2876 2877
2877
2878 2879
2879
2880
2881 2882
2882
2883
2884
2885
2886 2887
2887
2888 2889 2890
2889
2890
2891
2892
2893 2894
2894
2895 2896 2897 2898
2896
2897
2898
2899
2900
2901 2902
2902
2903
2904 2905
2905
2906
2907
2908 2909
2909
2910
2911 2912
2912
2913
2914
2915
2916
2917
2918
2919
2920
2921
2922
2923
2924
2925
2926
2927
2928
2929
2930
2931
2932
2933
2934 2935
2935
2936
2937
2938
2939
2940 2941
2941
2942
2943
2944
2945
2946
2947
2948 2949 2950
2949
2950
2951
2952
2953 2954
2954
2955
2956
2957 2958
2958
2959
2960
2961 2962
2962
2963
2964
2965
2966 2967
2967
2968
2969
2970
2971
2972
2973
2974
2975
2976
2977
2978
2979 2980
2980
2981
2982
2983
2984 2985 2986 2987
2985
2986
2987
2988
2989
2990 2991
2991
2992
2993
2994 2995
2995
2996
2997
2998
2999
3000
3001
3002
3003
3004
3005
3006 3007
3007
3008
3009 3010
3010
3011
3012 3013
3013
3014
3015
3016 3017
3017
3018
3019 3020
3020
3021
3022
3023
3024
3025
3026
3027
3028
3029
3030 3031
3031
3032
3033
3034 3035
3035
3036
3037
3038
3039
3040 3041
3041
3042
3043
3044
3045
3046
3047
3048 3049
3049
3050
3051
3052
3053 3054
3054
3055
3056
3057
3058 3059 3060
3059
3060
3061
3062
3063 3064
3064
3065
3066
3067
3068
3069
3070
3071
3072 3073 3074
3073
3074
3075
3076 3077
3077
3078 3079 3080
3079
3080
3081
3082 3083
3083
3084 3085
3085
3086
3087
3088
3089
3090
3091
3092
3093
3094 3095 3096
3095
3096
3097
3098
3099
3100
3101
3102 3103
3103
3104
3105
3106
3107
3108
3109 3110
3110
3111
3112
3113
3114 3115
3115
3116 3117 3118
3117
3118
3119
3120
3121 3122
3122
3123
3124
3125
3126
3127
3128
3129
3130
3131
3132
3133
3134
3135
3136
3137 3138
3138
3139
3140 3141 3142
3141
3142
3143
3144
3145
3146 3147
3147
3148
3149
3150
3151
3152
3153
3154
3155 3156
3156
3157
3158
3159
3160
3161
3162
3163
3164
3165
3166
3167 3168
3168
3169
3170
3171
3172
3173
3174
3175
3176 3177
3177
3178
3179
3180
3181
3182
3183
3184
3185 3186 3187
3186
3187
3188 3189
3189
3190
3191
3192
3193
3194
3195
3196 3197
3197
3198
3199 3200
3200
3201
3202 3203
3203
3204
3205
3206
3207
3208 3209
3209
3210
3211
3212
3213
3214 3215 3216
3215
3216
3217 3218 3219
3218
3219
3220
3221
3222
3223
3224 3225 3226
3225
3226
3227
3228
3229 3230 3231
3230
3231
3232
3233
3234
3235
3236
3237
3238
3239 3240
3240
3241
3242
3243
3244
3245
3246
3247
3248
3249
3250
3251
3252
3253
3254 3255 3256
3255
3256
3257
3258
3259
3260 3261
3261
3262
3263
3264
3265 3266 3267 3268
3266
3267
3268
3269
3270 3271
3271
3272
3273
3274
3275
3276
3277
3278
3279 3280 3281
3280
3281
3282
3283
3284
3285
3286 3287 3288
3287
3288
3289
3290
3291
3292
3293
3294
3295
3296 3297
3297
3298
3299
3300
3301
3302
3303
3304 3305
3305
3306
3307 3308
3308
3309
3310
3311
3312
3313
3314 3315 3316
3315
3316
3317
3318
3319
3320
3321
3322
3323
3324
3325
3326 3327
3327
3328 3329 3330
3329
3330
3331
3332
3333
3334
3335
3336 3337
3337
3338 3339 3340
3339
3340
3341 3342
3342
3343 3344
3344
3345
3346
3347 3348
3348
3349
3350
3351
3352
3353
3354
3355
3356
3357
3358 3359
3359
3360
3361
3362
3363
3364
3365 3366
3366
3367
3368
3369
3370
3371
3372
3373
3374 3375
3375
3376
3377
3378
3379
3380
3381
3382 3383 3384
3383
3384
3385
3386
3387 3388 3389
3388
3389
3390
3391
3392
3393
3394
3395
3396 3397
3397
3398
3399 3400
3400
3401
3402
3403
3404
3405 3406
3406
3407
3408 3409
3409
3410
3411
3412
3413 3414
3414
3415
3416
3417
3418
3419 3420
3420
3421
3422
3423
3424
3425
3426
3427 3428
3428
3429
3430
3431
3432 3433
3433
3434 3435 3436
3435
3436
3437
3438
3439
3440
3441
3442
3443
3444
3445
3446
3447
3448
3449
3450
3451
3452
3453 3454
3454
3455
3456
3457
3458
3459
3460
3461 3462
3462
3463
3464
3465
3466
3467
3468
3469
3470
3471
3472
3473
3474
3475 3476
3476
3477
3478
3479 3480
3480
3481
3482
3483
3484
3485
3486
3487 3488
3488
3489
3490
3491
3492
3493
3494
3495
3496
3497
3498
3499
3500
