#/opt/homebrew/Caskroom/miniconda/base/envs/hack25/lib/python3.12/site-packages/ipykernel_launcher.py --f=/Users/jpinney/Library/Jupyter/runtime/kernel-v352576b36ed274793969b57d69d8306c9df606370.json
# GMT Sun Jul 20 12:32:04 2025
# 
0 1 2396
1 2 1955
2 3
3 4 1427
4 5
5 6 1893
6 7 1683
7 8
8 9 1621 1753
9 10
10 11 159
11 12 1602
12 13
13 14 787
14 15 747
15 16 682
16 17
17 18 303 673 1771
18 19 2084 2116
19 20
20 21
21 22 528 792
22 23 923
23 24 589
24 25
25 26 835 1778
26 27 1188
27 28
28 29 1542
29 30
30 31 266
31 32 92
32 33 158
33 34
34 35
35 36 1229
36 37 791
37 38
38 39
39 40
40 41 2252
41 42
42 43 932
43 44
44 45
45 46 531 2327
46 47
47 48
48 49 685
49 50 2141
50 51
51 52 2263
52 53 1663
53 54 483
54 55
55 56
56 57
57 58 1799
58 59
59 60
60 61
61 62 1355 1657
62 63 2195
63 64 1289 2230
64 65
65 66 1946 210
66 67
67 68 1267
68 69 2105
69 70 943
70 71 1966
71 72 2279
72 73 631 392
73 74 225
74 75
75 76
76 77
77 78 1680
78 79
79 80
80 81
81 82
82 83 1066
83 84
84 85
85 86
86 87 1132
87 88 697
88 89 1151
89 90
90 91 1736
91 92 1750 97
92 93
93 94 965
94 95
95 96
96 97 411
97 98 682
98 99
99 100 2025
100 101
101 102 841 1040
102 103 1113
103 104 860
104 105
105 106 340 906
106 107
107 108 1969
108 109
109 110
110 111
111 112 1468 719
112 113 347
113 114
114 115
115 116 847 1113 2329
116 117 1550
117 118 2132
118 119 1635
119 120 535
120 121 705
121 122 332
122 123 2324
123 124
124 125
125 126
126 127
127 128 644 1016
128 129
129 130
130 131
131 132
132 133
133 134 2214
134 135 1508
135 136
136 137
137 138 1303 786
138 139
139 140 441
140 141 1197
141 142
142 143
143 144
144 145
145 146 2080
146 147
147 148
148 149
149 150
150 151
151 152 1688 1588 2372
152 153 1971
153 154 1096
154 155
155 156 1785
156 157 982
157 158
158 159
159 160 257
160 161 202
161 162
162 163
163 164
164 165 1206
165 166
166 167 1110 1202 1974 2267
167 168 2131
168 169
169 170
170 171
171 172
172 173
173 174
174 175
175 176
176 177
177 178
178 179 440
179 180 2191
180 181
181 182
182 183 1785
183 184 794
184 185
185 186
186 187 189
187 188 2154 2336
188 189 1645
189 190 687
190 191 866
191 192
192 193 1850 975
193 194 2236
194 195
195 196
196 197 2343
197 198 2365
198 199
199 200
200 201
201 202 811
202 203
203 204
204 205
205 206 579
206 207 1399
207 208 1732
208 209 1022 1428
209 210
210 211
211 212 2116
212 213 2342
213 214
214 215 1244
215 216
216 217
217 218 2206 1734
218 219
219 220 250
220 221
221 222 1430
222 223 718
223 224 597 1479
224 225
225 226
226 227 2314 2304
227 228 305
228 229 1889
229 230 1136
230 231 1189
231 232 1340
232 233
233 234 702
234 235 1390
235 236
236 237 545
237 238 1723
238 239
239 240 1025
240 241
241 242
242 243
243 244
244 245
245 246
246 247 522
247 248
248 249 1438
249 250
250 251 1673 2239
251 252
252 253
253 254 1481 1917
254 255
255 256
256 257
257 258
258 259
259 260
260 261
261 262
262 263 815
263 264 2299
264 265
265 266 1677
266 267 648
267 268 1666
268 269 1015
269 270
270 271 2187
271 272
272 273
273 274
274 275 619
275 276
276 277 556
277 278 341
278 279 2170
279 280 631
280 281 678
281 282 430 2045
282 283
283 284
284 285
285 286 1412
286 287 379
287 288
288 289 1248
289 290
290 291
291 292 934
292 293 2233
293 294 921 1839
294 295
295 296
296 297
297 298 2259
298 299
299 300 1045 1183
300 301 425 1699
301 302
302 303
303 304
304 305 452 2225
305 306 1239
306 307
307 308
308 309 827 892 2313
309 310
310 311
311 312
312 313 2275
313 314 771
314 315
315 316 2302
316 317 1879
317 318
318 319 758
319 320 2018
320 321
321 322 1254 2029
322 323
323 324
324 325
325 326 1464
326 327
327 328
328 329
329 330
330 331
331 332 1593 1552
332 333
333 334
334 335
335 336 1498 953
336 337
337 338
338 339
339 340 1290
340 341
341 342
342 343
343 344 1976
344 345 1006
345 346 1122
346 347 518
347 348
348 349 759
349 350 2353
350 351 1804 1862
351 352 1320
352 353
353 354 656
354 355
355 356
356 357
357 358 574
358 359 1124
359 360 958
360 361
361 362 1075
362 363 2275
363 364
364 365 588
365 366 1932
366 367
367 368 1002
368 369
369 370
370 371
371 372
372 373
373 374 1100
374 375 2231
375 376 2382
376 377 1132 2019
377 378 398
378 379 593
379 380
380 381
381 382
382 383
383 384 1531
384 385 1992
385 386 1795 638 2058
386 387
387 388
388 389 819
389 390 1487
390 391 515
391 392 898 646
392 393
393 394
394 395
395 396
396 397
397 398 478
398 399
399 400
400 401
401 402
402 403
403 404
404 405
405 406 2393
406 407 1143 779
407 408 1286
408 409 1965
409 410
410 411 1511
411 412
412 413
413 414
414 415 483
415 416
416 417
417 418
418 419 592 1833
419 420
420 421 959 1662
421 422
422 423
423 424 938
424 425
425 426
426 427
427 428
428 429
429 430 1293
430 431 1046 1119
431 432
432 433 1603 2233
433 434
434 435 1041 472
435 436
436 437
437 438
438 439
439 440
440 441 1872
441 442
442 443 1303
443 444 799
444 445 2234
445 446
446 447
447 448 468
448 449 831
449 450 540 1539
450 451
451 452
452 453 1557
453 454
454 455 693
455 456
456 457 2100 1650
457 458
458 459
459 460 2065
460 461
461 462
462 463
463 464 1557 1993
464 465
465 466 2236
466 467 1561
467 468
468 469
469 470
470 471
471 472
472 473
473 474
474 475
475 476 1848 1558
476 477 2312
477 478 593
478 479 1914
479 480
480 481 1865
481 482 1308 866
482 483 1413
483 484 741
484 485
485 486
486 487
487 488
488 489
489 490
490 491 1758
491 492 1754
492 493
493 494
494 495
495 496
496 497 1578
497 498
498 499 995
499 500
500 501
501 502 2115
502 503
503 504 2356
504 505
505 506
506 507 1213
507 508
508 509 1429
509 510 2333
510 511 2020
511 512
512 513
513 514
514 515
515 516
516 517
517 518 2164
518 519 2023
519 520 809
520 521
521 522
522 523
523 524 1296
524 525 999 2250
525 526
526 527
527 528 1462
528 529 1466
529 530 577
530 531
531 532 1372
532 533
533 534
534 535 1189
535 536 1147
536 537
537 538
538 539 1365
539 540
540 541
541 542
542 543
543 544
544 545
545 546
546 547
547 548
548 549
549 550
550 551 1712
551 552
552 553
553 554
554 555
555 556 884
556 557 2219
557 558 1178
558 559
559 560
560 561
561 562
562 563
563 564 2357
564 565
565 566 1353
566 567
567 568 1923
568 569
569 570
570 571
571 572
572 573
573 574
574 575 1709
575 576
576 577
577 578 1371
578 579 1463
579 580
580 581
581 582 1353
582 583 1665
583 584 1066
584 585
585 586 2002
586 587 2120
587 588
588 589
589 590
590 591
591 592 2246
592 593
593 594
594 595 869 1253
595 596 1946
596 597 2008
597 598
598 599
599 600 1451
600 601 1401 2224 2355
601 602
602 603 1064
603 604 1965
604 605
605 606
606 607
607 608 668
608 609
609 610
610 611
611 612
612 613 1226
613 614 1270
614 615 1555 1994
615 616
616 617
617 618
618 619
619 620 831 1231
620 621 1664
621 622 1511
622 623 1334
623 624
624 625
625 626 1436
626 627
627 628
628 629
629 630 931 1037
630 631
631 632 653 1968
632 633
633 634 716 1478
634 635 1546
635 636 1214
636 637
637 638
638 639
639 640 1746
640 641 1808
641 642
642 643
643 644 858
644 645
645 646
646 647
647 648
648 649
649 650
650 651
651 652
652 653 1676
653 654
654 655 1998
655 656 1417
656 657
657 658 2130 1813
658 659
659 660 915
660 661
661 662 1071
662 663 1156
663 664
664 665 1504 1945
665 666
666 667
667 668
668 669 1785 2380
669 670
670 671 741
671 672
672 673 1292
673 674 1690
674 675 899
675 676
676 677 1164
677 678 2215
678 679
679 680 2024
680 681 2212
681 682 1902
682 683
683 684 2057
684 685
685 686
686 687 1420 1120
687 688
688 689
689 690
690 691 2348
691 692 1560
692 693
693 694 1453
694 695 2394 1538
695 696
696 697
697 698
698 699 1324
699 700 2346
700 701
701 702
702 703
703 704
704 705
705 706
706 707
707 708 2371 1991
708 709
709 710
710 711
711 712
712 713
713 714
714 715
715 716
716 717
717 718
718 719
719 720
720 721
721 722 1598 1982
722 723 931
723 724 1397
724 725
725 726
726 727 731
727 728
728 729
729 730
730 731
731 732
732 733
733 734 2191
734 735 1563
735 736 2080
736 737
737 738
738 739
739 740 1385
740 741 1943 1217
741 742 1212
742 743 1969
743 744 1164 1408
744 745
745 746 1786
746 747 1614
747 748
748 749 2364
749 750
750 751
751 752 1307
752 753
753 754
754 755
755 756 1110 994
756 757 928
757 758
758 759
759 760
760 761 1465
761 762
762 763 774
763 764 1291
764 765
765 766
766 767
767 768 1784 1246
768 769
769 770 1101 1207
770 771
771 772
772 773
773 774
774 775
775 776 1816
776 777
777 778
778 779 1038
779 780
780 781
781 782
782 783
783 784 1933 2258
784 785
785 786
786 787
787 788 1127
788 789
789 790
790 791 964
791 792 2296
792 793
793 794
794 795 1543
795 796
796 797 1456
797 798
798 799
799 800
800 801
801 802
802 803
803 804
804 805 2261
805 806
806 807
807 808
808 809
809 810
810 811 2131
811 812
812 813
813 814
814 815 2239
815 816
816 817
817 818
818 819
819 820 2181
820 821 2273
821 822 871
822 823 1446 1484
823 824
824 825 1984
825 826
826 827
827 828
828 829
829 830 1316
830 831 1715 1563 1859
831 832
832 833
833 834 1661 1012
834 835
835 836
836 837
837 838 1705 1692
838 839
839 840
840 841
841 842
842 843
843 844
844 845
845 846
846 847
847 848
848 849
849 850
850 851 1079 1523
851 852 1733
852 853
853 854
854 855
855 856
856 857
857 858
858 859
859 860
860 861
861 862
862 863
863 864
864 865 1133
865 866
866 867
867 868
868 869 2360
869 870
870 871 1076
871 872
872 873
873 874
874 875 2376
875 876
876 877 1435
877 878 1871
878 879
879 880
880 881 963
881 882 1269
882 883 2044
883 884 1061
884 885
885 886 1598 2082 2188
886 887 1175
887 888 1392
888 889 1338
889 890
890 891 1884
891 892 1186
892 893
893 894
894 895
895 896
896 897 2079
897 898
898 899 1940 1789
899 900 2084
900 901
901 902
902 903
903 904 1971
904 905 1936
905 906 978
906 907
907 908
908 909 2285
909 910 1632 1844
910 911
911 912 1365
912 913
913 914
914 915 1264
915 916 1467
916 917 945
917 918
918 919
919 920 1070
920 921
921 922
922 923
923 924
924 925 2038
925 926
926 927 2187 1069
927 928
928 929
929 930
930 931
931 932 2315
932 933 1530
933 934 1664
934 935
935 936
936 937
937 938
938 939
939 940 1907
940 941 1787
941 942
942 943 1105
943 944
944 945
945 946 1457
946 947
947 948 2372
948 949 1338
949 950
950 951
951 952
952 953
953 954 1528
954 955 1084
955 956
956 957 1205
957 958
958 959
959 960
960 961
961 962
962 963
963 964 2258
964 965
965 966 1472
966 967 1342
967 968 1125
968 969
969 970 2169
970 971 1743
971 972
972 973 1073
973 974
974 975
975 976
976 977
977 978
978 979
979 980
980 981
981 982
982 983 1850
983 984
984 985 1545
985 986
986 987
987 988 1988
988 989 1757
989 990
990 991 1022
991 992 1914
992 993
993 994
994 995
995 996
996 997 1752
997 998
998 999 1616
999 1000
1000 1001
1001 1002
1002 1003
1003 1004
1004 1005 1232
1005 1006
1006 1007
1007 1008 1798
1008 1009
1009 1010 1052 1568 1908
1010 1011
1011 1012
1012 1013
1013 1014
1014 1015
1015 1016
1016 1017
1017 1018 1299
1018 1019
1019 1020
1020 1021 2248
1021 1022
1022 1023
1023 1024 2391
1024 1025
1025 1026 2310
1026 1027 1108
1027 1028
1028 1029
1029 1030 1874
1030 1031 2043
1031 1032
1032 1033 1331
1033 1034 1199
1034 1035
1035 1036
1036 1037 1062
1037 1038 1269
1038 1039
1039 1040
1040 1041
1041 1042 1464
1042 1043 1113
1043 1044 1833
1044 1045
1045 1046
1046 1047
1047 1048 1573
1048 1049
1049 1050
1050 1051
1051 1052
1052 1053
1053 1054
1054 1055 1872
1055 1056
1056 1057 1093
1057 1058
1058 1059
1059 1060 1321
1060 1061
1061 1062
1062 1063 2354 1444
1063 1064
1064 1065 1921
1065 1066 1935
1066 1067
1067 1068
1068 1069 2100
1069 1070
1070 1071
1071 1072 1590
1072 1073
1073 1074
1074 1075
1075 1076
1076 1077
1077 1078 2154
1078 1079
1079 1080
1080 1081
1081 1082
1082 1083
1083 1084 1867
1084 1085 2320
1085 1086
1086 1087
1087 1088 1903
1088 1089
1089 1090 2167
1090 1091
1091 1092
1092 1093
1093 1094
1094 1095
1095 1096
1096 1097
1097 1098
1098 1099
1099 1100
1100 1101
1101 1102 1649
1102 1103
1103 1104
1104 1105
1105 1106
1106 1107
1107 1108
1108 1109 1567
1109 1110 1810
1110 1111 1653
1111 1112
1112 1113
1113 1114 1223
1114 1115
1115 1116
1116 1117 1740
1117 1118
1118 1119 1361
1119 1120
1120 1121
1121 1122 1162
1122 1123
1123 1124 1547
1124 1125
1125 1126 1577
1126 1127 1819
1127 1128
1128 1129 2175
1129 1130
1130 1131
1131 1132
1132 1133
1133 1134
1134 1135 1422
1135 1136 1344
1136 1137 2247
1137 1138
1138 1139
1139 1140
1140 1141 2091
1141 1142
1142 1143
1143 1144
1144 1145
1145 1146
1146 1147 1948
1147 1148
1148 1149 1224 1475
1149 1150 2187
1150 1151
1151 1152 2337
1152 1153 1836 2303
1153 1154
1154 1155
1155 1156 2293
1156 1157
1157 1158
1158 1159
1159 1160
1160 1161
1161 1162
1162 1163
1163 1164
1164 1165
1165 1166
1166 1167
1167 1168 2381
1168 1169
1169 1170
1170 1171
1171 1172
1172 1173
1173 1174
1174 1175
1175 1176
1176 1177
1177 1178
1178 1179 1190
1179 1180
1180 1181
1181 1182 1311
1182 1183 1850
1183 1184
1184 1185
1185 1186
1186 1187
1187 1188
1188 1189
1189 1190
1190 1191
1191 1192
1192 1193
1193 1194
1194 1195
1195 1196 1821
1196 1197
1197 1198
1198 1199
1199 1200
1200 1201 1290
1201 1202
1202 1203 1864
1203 1204 2171
1204 1205 2164
1205 1206 1483
1206 1207 2370
1207 1208
1208 1209 1258
1209 1210
1210 1211
1211 1212
1212 1213 1923
1213 1214
1214 1215
1215 1216
1216 1217
1217 1218
1218 1219
1219 1220 1285
1220 1221
1221 1222
1222 1223
1223 1224
1224 1225
1225 1226
1226 1227
1227 1228 2312
1228 1229 1851
1229 1230 1374
1230 1231 1802
1231 1232
1232 1233 1809 1704 1987 2322
1233 1234
1234 1235
1235 1236
1236 1237
1237 1238
1238 1239
1239 1240
1240 1241 1768
1241 1242 1612
1242 1243 1858
1243 1244 1248
1244 1245 2245
1245 1246
1246 1247
1247 1248
1248 1249 1677
1249 1250 1776
1250 1251
1251 1252 1907 1981
1252 1253 2164 1367
1253 1254 2155
1254 1255
1255 1256 2373
1256 1257 2032
1257 1258
1258 1259
1259 1260
1260 1261 2009
1261 1262
1262 1263
1263 1264
1264 1265
1265 1266
1266 1267
1267 1268
1268 1269
1269 1270
1270 1271
1271 1272
1272 1273
1273 1274
1274 1275
1275 1276
1276 1277 1582
1277 1278
1278 1279 2201 1700
1279 1280
1280 1281
1281 1282
1282 1283 1935
1283 1284
1284 1285 2342
1285 1286
1286 1287
1287 1288 1614
1288 1289 1826
1289 1290
1290 1291 2161
1291 1292
1292 1293
1293 1294 2072
1294 1295
1295 1296
1296 1297
1297 1298 1570
1298 1299 1842
1299 1300
1300 1301
1301 1302 2095
1302 1303 1479
1303 1304
1304 1305
1305 1306
1306 1307
1307 1308
1308 1309
1309 1310
1310 1311 2311
1311 1312
1312 1313
1313 1314
1314 1315
1315 1316
1316 1317
1317 1318 1962
1318 1319 2013
1319 1320
1320 1321
1321 1322
1322 1323
1323 1324 2308
1324 1325
1325 1326
1326 1327
1327 1328 1852 2255
1328 1329 2256
1329 1330
1330 1331
1331 1332
1332 1333
1333 1334 1568
1334 1335
1335 1336 2034
1336 1337 2057
1337 1338
1338 1339
1339 1340
1340 1341
1341 1342
1342 1343
1343 1344 2266
1344 1345
1345 1346
1346 1347 1435
1347 1348 1519
1348 1349
1349 1350 2320
1350 1351
1351 1352 2193 2254
1352 1353
1353 1354 2172 2102
1354 1355
1355 1356
1356 1357 1747 2228
1357 1358
1358 1359 1617
1359 1360
1360 1361
1361 1362
1362 1363
1363 1364
1364 1365
1365 1366
1366 1367 1956
1367 1368
1368 1369
1369 1370 1966
1370 1371
1371 1372
1372 1373
1373 1374
1374 1375 1610 1806
1375 1376
1376 1377
1377 1378
1378 1379
1379 1380 2321
1380 1381
1381 1382
1382 1383 2335
1383 1384
1384 1385
1385 1386
1386 1387 2203
1387 1388
1388 1389
1389 1390
1390 1391
1391 1392
1392 1393
1393 1394
1394 1395
1395 1396
1396 1397
1397 1398
1398 1399 2087
1399 1400 1852
1400 1401
1401 1402 1848 1500 2129
1402 1403
1403 1404 1757
1404 1405 1659
1405 1406
1406 1407
1407 1408
1408 1409
1409 1410 2090
1410 1411
1411 1412
1412 1413
1413 1414
1414 1415
1415 1416
1416 1417
1417 1418
1418 1419
1419 1420 1637
1420 1421
1421 1422 1429
1422 1423 2221
1423 1424 1876
1424 1425
1425 1426
1426 1427 1641
1427 1428
1428 1429
1429 1430 1579
1430 1431 2311
1431 1432 1597
1432 1433
1433 1434
1434 1435
1435 1436
1436 1437
1437 1438 1653
1438 1439
1439 1440 2332
1440 1441
1441 1442
1442 1443
1443 1444
1444 1445
1445 1446
1446 1447 1541
1447 1448
1448 1449
1449 1450
1450 1451 1846 1658
1451 1452
1452 1453
1453 1454
1454 1455
1455 1456
1456 1457
1457 1458
1458 1459
1459 1460
1460 1461
1461 1462 1601
1462 1463
1463 1464 2176
1464 1465
1465 1466
1466 1467
1467 1468
1468 1469
1469 1470 1716
1470 1471 1899
1471 1472
1472 1473 2003
1473 1474
1474 1475
1475 1476
1476 1477 1639
1477 1478 1744
1478 1479
1479 1480
1480 1481
1481 1482
1482 1483
1483 1484
1484 1485
1485 1486
1486 1487 1726
1487 1488
1488 1489
1489 1490
1490 1491 2292
1491 1492 2044
1492 1493
1493 1494
1494 1495
1495 1496 1644
1496 1497
1497 1498
1498 1499 1700 1756
1499 1500 1719
1500 1501
1501 1502
1502 1503
1503 1504
1504 1505
1505 1506 2318
1506 1507
1507 1508
1508 1509
1509 1510
1510 1511 2069
1511 1512
1512 1513 2254
1513 1514 2123 2163
1514 1515
1515 1516
1516 1517
1517 1518
1518 1519 1542
1519 1520
1520 1521
1521 1522
1522 1523 1745
1523 1524
1524 1525
1525 1526
1526 1527 2347
1527 1528
1528 1529
1529 1530
1530 1531
1531 1532 1868
1532 1533
1533 1534 1712
1534 1535 1606
1535 1536 1978
1536 1537
1537 1538
1538 1539
1539 1540 1979
1540 1541
1541 1542
1542 1543
1543 1544 1905
1544 1545
1545 1546
1546 1547
1547 1548
1548 1549
1549 1550
1550 1551 2231
1551 1552
1552 1553
1553 1554
1554 1555
1555 1556 1602
1556 1557
1557 1558 2276
1558 1559
1559 1560 2128
1560 1561
1561 1562
1562 1563
1563 1564
1564 1565
1565 1566 2232
1566 1567
1567 1568
1568 1569
1569 1570 2231
1570 1571
1571 1572
1572 1573
1573 1574 2101
1574 1575
1575 1576
1576 1577
1577 1578
1578 1579 1762
1579 1580 1743
1580 1581
1581 1582 2349
1582 1583
1583 1584
1584 1585 2200
1585 1586
1586 1587
1587 1588
1588 1589
1589 1590 2191
1590 1591
1591 1592
1592 1593
1593 1594 2306
1594 1595
1595 1596
1596 1597
1597 1598
1598 1599 2110
1599 1600 1766
1600 1601
1601 1602
1602 1603
1603 1604
1604 1605
1605 1606 2173
1606 1607
1607 1608
1608 1609
1609 1610
1610 1611 1811
1611 1612
1612 1613
1613 1614
1614 1615
1615 1616
1616 1617
1617 1618
1618 1619
1619 1620
1620 1621
1621 1622
1622 1623
1623 1624
1624 1625
1625 1626 2106
1626 1627
1627 1628
1628 1629 2360
1629 1630 1867
1630 1631
1631 1632
1632 1633
1633 1634
1634 1635
1635 1636 1722
1636 1637
1637 1638
1638 1639
1639 1640
1640 1641
1641 1642
1642 1643
1643 1644
1644 1645
1645 1646
1646 1647
1647 1648
1648 1649
1649 1650
1650 1651
1651 1652
1652 1653
1653 1654 2120
1654 1655
1655 1656
1656 1657 2221
1657 1658
1658 1659
1659 1660 1788 2020
1660 1661
1661 1662
1662 1663
1663 1664 2212
1664 1665
1665 1666
1666 1667
1667 1668
1668 1669
1669 1670
1670 1671 2319
1671 1672
1672 1673 1893 1817
1673 1674
1674 1675
1675 1676
1676 1677
1677 1678
1678 1679
1679 1680
1680 1681
1681 1682
1682 1683
1683 1684
1684 1685
1685 1686
1686 1687 1962
1687 1688
1688 1689
1689 1690 1856
1690 1691
1691 1692 2230
1692 1693
1693 1694
1694 1695
1695 1696 1989
1696 1697
1697 1698
1698 1699
1699 1700
1700 1701
1701 1702 2078
1702 1703
1703 1704
1704 1705
1705 1706
1706 1707
1707 1708 1889
1708 1709
1709 1710
1710 1711
1711 1712 1833
1712 1713
1713 1714
1714 1715
1715 1716
1716 1717
1717 1718
1718 1719
1719 1720
1720 1721
1721 1722
1722 1723
1723 1724 2211
1724 1725
1725 1726
1726 1727
1727 1728
1728 1729 2380
1729 1730 2242
1730 1731
1731 1732
1732 1733
1733 1734
1734 1735 1760
1735 1736
1736 1737 1930
1737 1738 1915
1738 1739
1739 1740
1740 1741
1741 1742
1742 1743
1743 1744
1744 1745
1745 1746 2257
1746 1747 2216
1747 1748
1748 1749
1749 1750
1750 1751
1751 1752
1752 1753
1753 1754
1754 1755
1755 1756
1756 1757
1757 1758
1758 1759
1759 1760
1760 1761
1761 1762
1762 1763
1763 1764
1764 1765
1765 1766
1766 1767
1767 1768
1768 1769 2063
1769 1770
1770 1771 1922 2211
1771 1772
1772 1773
1773 1774
1774 1775
1775 1776
1776 1777
1777 1778
1778 1779
1779 1780
1780 1781
1781 1782
1782 1783 2284
1783 1784
1784 1785
1785 1786 2386
1786 1787 2206
1787 1788
1788 1789
1789 1790
1790 1791 2150
1791 1792
1792 1793
1793 1794 1821
1794 1795
1795 1796
1796 1797
1797 1798
1798 1799
1799 1800
1800 1801 2143
1801 1802
1802 1803
1803 1804
1804 1805 2049
1805 1806
1806 1807
1807 1808
1808 1809
1809 1810
1810 1811
1811 1812
1812 1813
1813 1814
1814 1815
1815 1816
1816 1817
1817 1818
1818 1819
1819 1820
1820 1821
1821 1822
1822 1823
1823 1824
1824 1825 1998
1825 1826
1826 1827
1827 1828
1828 1829
1829 1830
1830 1831
1831 1832 2271
1832 1833
1833 1834
1834 1835 2099
1835 1836
1836 1837
1837 1838 1873
1838 1839
1839 1840
1840 1841
1841 1842
1842 1843
1843 1844
1844 1845
1845 1846 2137
1846 1847
1847 1848
1848 1849
1849 1850
1850 1851
1851 1852
1852 1853
1853 1854
1854 1855
1855 1856 2204
1856 1857
1857 1858
1858 1859
1859 1860
1860 1861
1861 1862
1862 1863
1863 1864
1864 1865
1865 1866
1866 1867
1867 1868
1868 1869 2073
1869 1870
1870 1871
1871 1872
1872 1873
1873 1874
1874 1875
1875 1876
1876 1877
1877 1878
1878 1879
1879 1880
1880 1881
1881 1882
1882 1883
1883 1884
1884 1885 1972
1885 1886
1886 1887
1887 1888 2344 1959
1888 1889 2334
1889 1890
1890 1891
1891 1892
1892 1893
1893 1894
1894 1895 2164
1895 1896
1896 1897
1897 1898
1898 1899
1899 1900
1900 1901
1901 1902
1902 1903
1903 1904
1904 1905
1905 1906
1906 1907
1907 1908
1908 1909
1909 1910
1910 1911
1911 1912
1912 1913
1913 1914 2074
1914 1915
1915 1916
1916 1917
1917 1918
1918 1919
1919 1920
1920 1921
1921 1922
1922 1923
1923 1924
1924 1925
1925 1926
1926 1927 2086
1927 1928
1928 1929
1929 1930
1930 1931
1931 1932
1932 1933
1933 1934
1934 1935
1935 1936
1936 1937
1937 1938
1938 1939
1939 1940
1940 1941
1941 1942
1942 1943
1943 1944
1944 1945
1945 1946
1946 1947 1967
1947 1948
1948 1949
1949 1950
1950 1951 2027
1951 1952 2217
1952 1953
1953 1954
1954 1955
1955 1956
1956 1957
1957 1958 2335
1958 1959
1959 1960
1960 1961
1961 1962
1962 1963
1963 1964
1964 1965
1965 1966
1966 1967
1967 1968
1968 1969
1969 1970
1970 1971
1971 1972
1972 1973
1973 1974
1974 1975
1975 1976
1976 1977
1977 1978
1978 1979
1979 1980
1980 1981
1981 1982
1982 1983 2044
1983 1984
1984 1985
1985 1986
1986 1987
1987 1988
1988 1989
1989 1990 2154
1990 1991
1991 1992
1992 1993
1993 1994
1994 1995
1995 1996
1996 1997 2165
1997 1998
1998 1999
1999 2000
2000 2001
2001 2002
2002 2003 2087
2003 2004
2004 2005
2005 2006
2006 2007
2007 2008
2008 2009
2009 2010
2010 2011
2011 2012
2012 2013
2013 2014
2014 2015
2015 2016
2016 2017
2017 2018
2018 2019
2019 2020
2020 2021
2021 2022
2022 2023
2023 2024
2024 2025
2025 2026
2026 2027
2027 2028
2028 2029
2029 2030
2030 2031
2031 2032
2032 2033
2033 2034
2034 2035
2035 2036
2036 2037
2037 2038
2038 2039
2039 2040
2040 2041
2041 2042
2042 2043
2043 2044
2044 2045
2045 2046
2046 2047
2047 2048
2048 2049
2049 2050
2050 2051
2051 2052 2363
2052 2053
2053 2054
2054 2055
2055 2056
2056 2057
2057 2058
2058 2059
2059 2060
2060 2061
2061 2062
2062 2063
2063 2064
2064 2065
2065 2066
2066 2067
2067 2068
2068 2069 2185
2069 2070
2070 2071
2071 2072
2072 2073
2073 2074
2074 2075
2075 2076 2167 2089
2076 2077
2077 2078
2078 2079
2079 2080
2080 2081
2081 2082
2082 2083
2083 2084
2084 2085
2085 2086
2086 2087
2087 2088
2088 2089
2089 2090
2090 2091 2194
2091 2092
2092 2093
2093 2094
2094 2095
2095 2096 2127 2379
2096 2097
2097 2098
2098 2099
2099 2100 2390
2100 2101
2101 2102
2102 2103 2113
2103 2104 2391
2104 2105
2105 2106
2106 2107
2107 2108 2295
2108 2109
2109 2110
2110 2111
2111 2112
2112 2113
2113 2114
2114 2115
2115 2116
2116 2117
2117 2118 2167
2118 2119
2119 2120
2120 2121
2121 2122
2122 2123
2123 2124
2124 2125
2125 2126
2126 2127
2127 2128
2128 2129
2129 2130
2130 2131
2131 2132
2132 2133
2133 2134
2134 2135
2135 2136
2136 2137
2137 2138
2138 2139
2139 2140
2140 2141
2141 2142 2341
2142 2143
2143 2144
2144 2145
2145 2146
2146 2147
2147 2148
2148 2149
2149 2150
2150 2151
2151 2152
2152 2153
2153 2154
2154 2155
2155 2156
2156 2157
2157 2158
2158 2159
2159 2160
2160 2161
2161 2162
2162 2163
2163 2164
2164 2165
2165 2166
2166 2167
2167 2168 2377
2168 2169
2169 2170
2170 2171
2171 2172
2172 2173
2173 2174
2174 2175
2175 2176
2176 2177
2177 2178 2314
2178 2179
2179 2180
2180 2181
2181 2182
2182 2183
2183 2184
2184 2185
2185 2186
2186 2187
2187 2188
2188 2189
2189 2190
2190 2191
2191 2192
2192 2193
2193 2194
2194 2195
2195 2196
2196 2197
2197 2198
2198 2199
2199 2200
2200 2201
2201 2202
2202 2203
2203 2204
2204 2205
2205 2206 2281
2206 2207
2207 2208
2208 2209
2209 2210
2210 2211
2211 2212
2212 2213
2213 2214
2214 2215
2215 2216
2216 2217
2217 2218
2218 2219
2219 2220
2220 2221
2221 2222
2222 2223
2223 2224
2224 2225
2225 2226
2226 2227
2227 2228
2228 2229
2229 2230
2230 2231
2231 2232
2232 2233
2233 2234
2234 2235
2235 2236
2236 2237
2237 2238
2238 2239 2280
2239 2240
2240 2241
2241 2242 2306
2242 2243
2243 2244
2244 2245
2245 2246
2246 2247
2247 2248
2248 2249
2249 2250
2250 2251
2251 2252
2252 2253
2253 2254
2254 2255
2255 2256
2256 2257
2257 2258
2258 2259
2259 2260
2260 2261
2261 2262
2262 2263
2263 2264
2264 2265
2265 2266 2285
2266 2267
2267 2268
2268 2269
2269 2270
2270 2271 2355
2271 2272
2272 2273
2273 2274
2274 2275
2275 2276
2276 2277
2277 2278
2278 2279
2279 2280
2280 2281
2281 2282
2282 2283
2283 2284
2284 2285
2285 2286
2286 2287
2287 2288
2288 2289
2289 2290
2290 2291
2291 2292
2292 2293
2293 2294
2294 2295
2295 2296
2296 2297
2297 2298
2298 2299
2299 2300
2300 2301
2301 2302
2302 2303
2303 2304
2304 2305
2305 2306
2306 2307 2351
2307 2308
2308 2309
2309 2310
2310 2311
2311 2312
2312 2313
2313 2314
2314 2315
2315 2316
2316 2317
2317 2318
2318 2319
2319 2320
2320 2321
2321 2322
2322 2323
2323 2324
2324 2325
2325 2326
2326 2327
2327 2328
2328 2329
2329 2330
2330 2331
2331 2332
2332 2333
2333 2334
2334 2335
2335 2336
2336 2337
2337 2338
2338 2339
2339 2340
2340 2341
2341 2342
2342 2343
2343 2344
2344 2345
2345 2346
2346 2347
2347 2348
2348 2349
2349 2350
2350 2351
2351 2352
2352 2353
2353 2354
2354 2355
2355 2356
2356 2357
2357 2358
2358 2359
2359 2360
2360 2361
2361 2362 2394
2362 2363
2363 2364
2364 2365
2365 2366
2366 2367
2367 2368
2368 2369
2369 2370
2370 2371
2371 2372
2372 2373
2373 2374
2374 2375
2375 2376
2376 2377
2377 2378
2378 2379
2379 2380
2380 2381
2381 2382
2382 2383
2383 2384
2384 2385
2385 2386
2386 2387
2387 2388
2388 2389
2389 2390
2390 2391
2391 2392
2392 2393
2393 2394
2394 2395
2395 2396
2396
