#/opt/homebrew/Caskroom/miniconda/base/envs/hack25/lib/python3.12/site-packages/ipykernel_launcher.py --f=/Users/jpinney/Library/Jupyter/runtime/kernel-v352576b36ed274793969b57d69d8306c9df606370.json
# GMT Sun Jul 20 12:32:04 2025
# 
0 1 2291
1 2
2 3
3 4 1805
4 5 1002
5 6 2276
6 7 1187
7 8 114
8 9
9 10
10 11
11 12 2148 150
12 13 677
13 14
14 15
15 16 777
16 17
17 18 1782
18 19 1334 2227
19 20 1772
20 21 1640
21 22
22 23 1343
23 24
24 25
25 26 1309
26 27 426
27 28
28 29 73
29 30
30 31
31 32 1293
32 33 1046
33 34 1789 1329
34 35 1793 1897
35 36 1299 724
36 37
37 38 1946
38 39
39 40 1505
40 41
41 42
42 43
43 44
44 45
45 46
46 47 56
47 48
48 49
49 50 210
50 51
51 52
52 53 636
53 54 1930
54 55 643 444 2186
55 56
56 57
57 58 1122 1746
58 59 882
59 60
60 61
61 62 1330
62 63
63 64
64 65 2075
65 66 979
66 67
67 68
68 69
69 70
70 71
71 72 1068 1188
72 73
73 74
74 75 1223
75 76
76 77 851 2210
77 78
78 79 273 481
79 80 523 750
80 81
81 82 1189
82 83
83 84
84 85 425
85 86 1164 1511
86 87 891 1298 1990
87 88 357
88 89
89 90 1060
90 91 161
91 92 692
92 93
93 94
94 95 1903
95 96 1942 2219
96 97
97 98
98 99
99 100 1245 395 411 2239
100 101
101 102
102 103 1148 820
103 104 2133
104 105 777 1735
105 106 1542
106 107
107 108 2121
108 109
109 110
110 111 707
111 112 1595
112 113
113 114
114 115 2046
115 116
116 117 2065
117 118
118 119 1787
119 120
120 121 617
121 122 2021 953 1699
122 123 854
123 124 567
124 125 434
125 126 1216 663 931
126 127 1695
127 128 765
128 129
129 130
130 131 1485 1349
131 132 920
132 133 1011 1465 1858
133 134 385 1644 1783 1982
134 135 1818
135 136
136 137
137 138
138 139
139 140
140 141 2057
141 142 534
142 143 650
143 144 1470
144 145
145 146 1587
146 147 1783
147 148 701
148 149
149 150 963 479
150 151
151 152 1301 2048
152 153 2286
153 154 1158
154 155
155 156 2178 1073
156 157
157 158
158 159 1300 1398 1847
159 160
160 161
161 162 674 876
162 163 1556
163 164 967
164 165 792 1598
165 166
166 167 618
167 168 1118
168 169 1556
169 170
170 171
171 172 847
172 173 2271
173 174 358
174 175 1497
175 176 1783 810 1738
176 177 1329 1202
177 178
178 179 1103
179 180 1019
180 181 1625
181 182 1281
182 183
183 184
184 185
185 186 852
186 187
187 188
188 189
189 190 1088 1832
190 191
191 192
192 193
193 194
194 195 507
195 196
196 197
197 198 1616 2160
198 199
199 200
200 201 1760
201 202
202 203 209 1222
203 204 470
204 205 967 1973
205 206 208 986 1625
206 207 261
207 208
208 209
209 210
210 211
211 212 709
212 213
213 214
214 215 1170 1745
215 216
216 217 1953
217 218 1487
218 219 284 1905
219 220
220 221 533 2174
221 222 930
222 223
223 224
224 225
225 226
226 227
227 228 1437
228 229
229 230
230 231 546
231 232
232 233
233 234 361
234 235 329
235 236
236 237
237 238 1496
238 239
239 240
240 241
241 242 1055 1770
242 243 1663
243 244
244 245
245 246 1896 858
246 247
247 248
248 249
249 250
250 251 2181
251 252
252 253
253 254
254 255
255 256
256 257
257 258 2272
258 259 1508
259 260 1022 2164
260 261
261 262
262 263 571 942 1107
263 264
264 265 777
265 266
266 267 2225 1401
267 268 1936
268 269
269 270
270 271
271 272 2142
272 273 858
273 274
274 275
275 276 1421 623 1626
276 277
277 278
278 279 1120
279 280 601
280 281 412 529
281 282 2118 708
282 283 1912 433
283 284 1548 1831 2148
284 285
285 286 548
286 287 573
287 288 2203
288 289 1365
289 290 1707
290 291
291 292
292 293
293 294 1683
294 295 2234
295 296
296 297 820
297 298
298 299
299 300
300 301
301 302 1691
302 303
303 304
304 305
305 306 1778 2235
306 307 372
307 308
308 309
309 310 943
310 311 764
311 312 1004
312 313
313 314 2194 832
314 315 1534
315 316 2050
316 317
317 318 1991
318 319 1599 2200
319 320 856 1714
320 321
321 322 330
322 323 566 1861
323 324 2224
324 325
325 326 1043
326 327 340
327 328 582
328 329 1680
329 330
330 331
331 332 1242
332 333
333 334
334 335 1544 1623
335 336 2197 1338
336 337 663
337 338 900
338 339 1904
339 340 2204
340 341 2156
341 342 380
342 343 2153
343 344 1816 1907
344 345
345 346 1136
346 347 1743
347 348
348 349 1183
349 350 1265
350 351 2155
351 352
352 353
353 354 647
354 355
355 356 721
356 357 1267 798
357 358
358 359
359 360
360 361 528 802
361 362
362 363 1760 1217
363 364 1142 2256
364 365 863 2205
365 366
366 367
367 368
368 369
369 370
370 371 1931
371 372 1755
372 373
373 374
374 375
375 376
376 377 558
377 378
378 379 1585
379 380
380 381 1381
381 382 811
382 383
383 384
384 385
385 386 1830
386 387
387 388 1811
388 389 1886 1407
389 390 742
390 391 1744
391 392 1243
392 393
393 394
394 395
395 396
396 397
397 398 1137
398 399 1899
399 400 828 954 1672
400 401 2036
401 402 1060
402 403 1126
403 404 664
404 405 2147
405 406 2061
406 407 588
407 408
408 409
409 410 1550
410 411
411 412 422 973
412 413
413 414
414 415
415 416 2182 620
416 417 765
417 418 1233 1353 1576
418 419
419 420 1805
420 421
421 422
422 423
423 424
424 425
425 426 736 901
426 427
427 428 1542 1919
428 429 1571
429 430
430 431 1118 1273 1468
431 432 1914 1367
432 433
433 434
434 435
435 436 1362 1289 1617
436 437 1924
437 438 1464
438 439 1512
439 440
440 441 1150
441 442
442 443 1888
443 444
444 445
445 446 980
446 447
447 448 1747
448 449
449 450
450 451
451 452 2267
452 453
453 454
454 455 1581
455 456
456 457 1388
457 458
458 459 1721 1194
459 460
460 461 561 1710
461 462
462 463
463 464
464 465 1594 1824
465 466 475 1554
466 467
467 468 2259
468 469
469 470
470 471
471 472 519
472 473 2036
473 474 596
474 475
475 476
476 477 539 1335
477 478 1299 699
478 479 1598
479 480
480 481 1359 1442 2057
481 482
482 483 1767
483 484 487
484 485
485 486
486 487 898 1007 1659
487 488 948
488 489 724
489 490 1771
490 491 642
491 492 1207
492 493
493 494
494 495 871
495 496 741 581 2290
496 497
497 498
498 499 684
499 500 1948
500 501
501 502
502 503 2061 826
503 504 2285
504 505 1593
505 506
506 507 821 841
507 508 1369
508 509 1640 1940
509 510 1698
510 511
511 512
512 513 1530
513 514 945
514 515
515 516
516 517 1357
517 518
518 519
519 520
520 521 1476
521 522
522 523 1990
523 524
524 525 989
525 526
526 527 1883 1148
527 528 1318 2185
528 529
529 530
530 531
531 532
532 533
533 534
534 535 1573 1149
535 536 881 2268
536 537 1006
537 538 1367
538 539
539 540
540 541 1317
541 542
542 543
543 544 1007 1288
544 545
545 546
546 547 906 1228
547 548
548 549 592 2223
549 550 831 1091
550 551
551 552
552 553
553 554
554 555 1304 1450
555 556 688
556 557 1632
557 558 2124 925
558 559
559 560 983
560 561
561 562 1549
562 563 569
563 564 2021
564 565
565 566
566 567 1665
567 568
568 569 916
569 570
570 571 752
571 572 816 2121
572 573 1768 580
573 574
574 575 1194
575 576
576 577
577 578
578 579
579 580
580 581
581 582
582 583 778 950
583 584 840
584 585
585 586 830 1325
586 587 1284
587 588 1348
588 589 1713 1606 1618
589 590 743 2051
590 591 1042 2097
591 592
592 593
593 594
594 595
595 596 1580
596 597 1238
597 598
598 599
599 600 2105
600 601 661
601 602
602 603
603 604
604 605 1984
605 606
606 607
607 608 1583
608 609
609 610
610 611 1999
611 612 1956
612 613
613 614
614 615
615 616
616 617
617 618
618 619 999
619 620
620 621
621 622
622 623 775
623 624
624 625 683
625 626 817 1211
626 627 1532
627 628
628 629 1927
629 630
630 631
631 632 2066
632 633 1909
633 634 1878
634 635
635 636 2085
636 637
637 638
638 639 1757
639 640 791
640 641
641 642 1712
642 643
643 644
644 645
645 646 927 2224
646 647
647 648
648 649
649 650 2091
650 651
651 652 1894 2081
652 653
653 654 1158
654 655 2203
655 656 1167
656 657
657 658 1615
658 659 668
659 660
660 661 2259 1781
661 662 769
662 663 804
663 664
664 665
665 666 2146
666 667
667 668
668 669
669 670 2153
670 671 739 1754
671 672 1098
672 673
673 674
674 675
675 676 1698
676 677 888
677 678
678 679
679 680 873
680 681 967
681 682
682 683 1600 730
683 684 1209
684 685 1988
685 686
686 687
687 688 922 1605
688 689
689 690 1119
690 691 755
691 692
692 693
693 694
694 695 873
695 696 818
696 697 1294
697 698 1160
698 699 1322
699 700
700 701 2130
701 702
702 703 1199 1223
703 704 1375
704 705
705 706
706 707 922
707 708
708 709
709 710
710 711 1005
711 712
712 713 965 1438
713 714 917
714 715 1303
715 716 1444
716 717
717 718 1229
718 719 2036
719 720 1531
720 721
721 722
722 723
723 724 1657
724 725
725 726
726 727 1405
727 728 2215
728 729 2079 2154
729 730
730 731
731 732
732 733
733 734 1541
734 735
735 736 1614
736 737 799
737 738
738 739 1942 1425
739 740
740 741 812 1059
741 742
742 743
743 744
744 745 1030 1571
745 746 2165
746 747
747 748 1769
748 749 1434 1076
749 750 1050
750 751
751 752 1391
752 753 1722
753 754
754 755
755 756
756 757
757 758 2047
758 759 2077
759 760
760 761
761 762 1427
762 763
763 764
764 765
765 766
766 767
767 768
768 769 2078
769 770
770 771
771 772 982
772 773
773 774
774 775
775 776
776 777 1661
777 778 1543
778 779 1333
779 780
780 781 1041
781 782 1162 795 2124
782 783
783 784 810 1588
784 785 1943
785 786 913
786 787 1872
787 788
788 789
789 790
790 791 2190
791 792
792 793
793 794 1403
794 795
795 796
796 797 1132
797 798 1681
798 799 889
799 800
800 801 826 1980
801 802
802 803
803 804
804 805
805 806 1440
806 807 909
807 808
808 809
809 810 1684
810 811 1212 1240 1455
811 812 2237
812 813 1178
813 814 1188
814 815 1929
815 816 2126
816 817
817 818
818 819
819 820 2228
820 821 1661
821 822
822 823
823 824
824 825 1237 1230 1596
825 826 957
826 827
827 828 1686
828 829
829 830 846
830 831 2140
831 832
832 833 1427
833 834 1604
834 835 1546
835 836
836 837 1935
837 838 1893
838 839
839 840 1857
840 841 1705
841 842
842 843
843 844
844 845
845 846
846 847
847 848 1106
848 849
849 850
850 851
851 852 1578
852 853
853 854
854 855 859
855 856
856 857
857 858
858 859
859 860
860 861 1105
861 862 2118
862 863 2216
863 864
864 865
865 866
866 867
867 868 1912
868 869 981 1518
869 870 1710
870 871 1197
871 872 2145
872 873 1808
873 874
874 875
875 876 2114
876 877
877 878
878 879 1688
879 880
880 881 1076 1421 1689
881 882
882 883 2081
883 884 1250
884 885 1368 2022
885 886
886 887
887 888
888 889
889 890
890 891 1241
891 892
892 893
893 894
894 895 1995
895 896
896 897 1591
897 898
898 899
899 900 1597
900 901
901 902
902 903 2264
903 904
904 905 2197
905 906 1079 2218
906 907
907 908 1654
908 909 1762
909 910
910 911
911 912
912 913 1068 2010
913 914
914 915
915 916 1741
916 917 2033
917 918
918 919 1443
919 920 1752
920 921
921 922
922 923
923 924 1756
924 925 2095
925 926
926 927
927 928 1525
928 929 1385
929 930 2088
930 931
931 932 1412
932 933
933 934
934 935
935 936
936 937 2055
937 938 1052
938 939
939 940 1927
940 941
941 942 1734
942 943 2260
943 944
944 945
945 946 1639
946 947
947 948
948 949 1785
949 950
950 951
951 952
952 953
953 954
954 955
955 956 1240
956 957 1227
957 958
958 959 1040
959 960
960 961
961 962 1489
962 963
963 964
964 965 2009
965 966
966 967
967 968
968 969
969 970 2152 1700
970 971
971 972
972 973
973 974
974 975
975 976
976 977
977 978 1351
978 979
979 980 2037
980 981
981 982
982 983
983 984
984 985
985 986 1397
986 987 1395
987 988
988 989
989 990
990 991
991 992
992 993 1226
993 994 1207
994 995
995 996
996 997 2144
997 998 1112 1815
998 999 1411
999 1000
1000 1001 1255
1001 1002 1536 1799
1002 1003 1444
1003 1004 1507
1004 1005
1005 1006 1200
1006 1007 1754 2163 2222
1007 1008
1008 1009
1009 1010 1356
1010 1011
1011 1012
1012 1013
1013 1014
1014 1015 1067
1015 1016 1580
1016 1017 2254 1144
1017 1018
1018 1019
1019 1020 1536
1020 1021
1021 1022
1022 1023
1023 1024 2040 2111
1024 1025 1083
1025 1026 1348 1562
1026 1027
1027 1028
1028 1029
1029 1030
1030 1031
1031 1032
1032 1033 1533
1033 1034 1226
1034 1035 1756
1035 1036 1419
1036 1037 1674
1037 1038
1038 1039 2202
1039 1040
1040 1041 2267
1041 1042
1042 1043
1043 1044
1044 1045
1045 1046
1046 1047
1047 1048 2150
1048 1049
1049 1050 1622
1050 1051 1305
1051 1052
1052 1053
1053 1054
1054 1055 1310 1896
1055 1056
1056 1057 1948
1057 1058
1058 1059
1059 1060
1060 1061
1061 1062 1880
1062 1063 2095 1788 2225
1063 1064 1429
1064 1065 1235
1065 1066 2275
1066 1067
1067 1068 1581
1068 1069
1069 1070
1070 1071
1071 1072
1072 1073 1618
1073 1074
1074 1075
1075 1076
1076 1077
1077 1078
1078 1079 1374
1079 1080 2029
1080 1081
1081 1082 2212
1082 1083 1810
1083 1084 2157
1084 1085
1085 1086 1386 1500 2143
1086 1087
1087 1088 2045 2129
1088 1089
1089 1090 1330 1586
1090 1091
1091 1092 2044
1092 1093
1093 1094 1471
1094 1095
1095 1096 1181
1096 1097
1097 1098
1098 1099 2138
1099 1100
1100 1101
1101 1102
1102 1103 2093
1103 1104
1104 1105 1294
1105 1106
1106 1107 1927 1932
1107 1108
1108 1109 1969 1790
1109 1110
1110 1111
1111 1112
1112 1113 2008
1113 1114 1798
1114 1115 2112
1115 1116 2136
1116 1117 1413
1117 1118 1121 1156
1118 1119 1592
1119 1120
1120 1121 1834
1121 1122
1122 1123
1123 1124
1124 1125 1886
1125 1126 2131 1716
1126 1127 1169 1239
1127 1128 2070 1850
1128 1129
1129 1130 2290 2276
1130 1131
1131 1132
1132 1133 2063
1133 1134
1134 1135
1135 1136
1136 1137
1137 1138
1138 1139
1139 1140 1655
1140 1141 1895 1363
1141 1142
1142 1143
1143 1144
1144 1145 2045 2212
1145 1146 2116
1146 1147
1147 1148
1148 1149 1641
1149 1150
1150 1151
1151 1152
1152 1153
1153 1154 2030
1154 1155 1780
1155 1156
1156 1157
1157 1158
1158 1159
1159 1160
1160 1161
1161 1162 1296
1162 1163 1856
1163 1164
1164 1165
1165 1166
1166 1167
1167 1168 1198
1168 1169 1542
1169 1170
1170 1171 1628
1171 1172
1172 1173 1314 1615
1173 1174
1174 1175 1188 2087 2112
1175 1176
1176 1177 2059
1177 1178 2143
1178 1179
1179 1180 1983
1180 1181 1461
1181 1182 1792 1772
1182 1183
1183 1184
1184 1185 1452
1185 1186 1743
1186 1187
1187 1188
1188 1189
1189 1190
1190 1191 2187
1191 1192
1192 1193 1676
1193 1194
1194 1195
1195 1196 2248 2249
1196 1197 1705
1197 1198
1198 1199 1778
1199 1200
1200 1201
1201 1202
1202 1203
1203 1204 1506 1341
1204 1205
1205 1206 2066
1206 1207 1424
1207 1208
1208 1209 1556
1209 1210
1210 1211
1211 1212
1212 1213 2107
1213 1214 2291
1214 1215
1215 1216
1216 1217 1362
1217 1218
1218 1219 2045
1219 1220
1220 1221 1660
1221 1222
1222 1223
1223 1224
1224 1225 1924
1225 1226 1914 1859
1226 1227
1227 1228
1228 1229
1229 1230 2217
1230 1231
1231 1232 1545
1232 1233 1900
1233 1234
1234 1235
1235 1236
1236 1237
1237 1238
1238 1239
1239 1240
1240 1241
1241 1242
1242 1243
1243 1244
1244 1245 1631
1245 1246 2205 1998
1246 1247
1247 1248
1248 1249 1281
1249 1250
1250 1251 1589 2170
1251 1252
1252 1253 1798
1253 1254
1254 1255
1255 1256 2040 1685
1256 1257 1337
1257 1258
1258 1259
1259 1260
1260 1261
1261 1262
1262 1263
1263 1264
1264 1265
1265 1266
1266 1267 1318
1267 1268
1268 1269
1269 1270 2061
1270 1271 1657
1271 1272
1272 1273
1273 1274
1274 1275
1275 1276
1276 1277
1277 1278
1278 1279
1279 1280 1725
1280 1281
1281 1282
1282 1283
1283 1284
1284 1285
1285 1286
1286 1287
1287 1288 1488 1552
1288 1289
1289 1290
1290 1291
1291 1292 2282
1292 1293
1293 1294
1294 1295
1295 1296
1296 1297
1297 1298 1441 2130
1298 1299
1299 1300
1300 1301 1336
1301 1302
1302 1303
1303 1304
1304 1305
1305 1306
1306 1307
1307 1308
1308 1309
1309 1310
1310 1311
1311 1312 1945
1312 1313 1757 2244
1313 1314 2265
1314 1315 1444
1315 1316
1316 1317 1934
1317 1318 2179
1318 1319
1319 1320 1896
1320 1321 2003
1321 1322 2277
1322 1323
1323 1324
1324 1325
1325 1326
1326 1327 1407
1327 1328
1328 1329
1329 1330
1330 1331
1331 1332
1332 1333
1333 1334
1334 1335
1335 1336
1336 1337
1337 1338
1338 1339
1339 1340
1340 1341 2237
1341 1342
1342 1343 1351
1343 1344
1344 1345
1345 1346 1762
1346 1347
1347 1348
1348 1349 1420 1529 1656
1349 1350
1350 1351 2115
1351 1352 1516 2254
1352 1353 1834
1353 1354 1777
1354 1355
1355 1356 2033
1356 1357 1494 1792 2076
1357 1358
1358 1359 1883
1359 1360 1546
1360 1361
1361 1362 1764
1362 1363
1363 1364
1364 1365 2180
1365 1366 1966
1366 1367 1736 2236
1367 1368 1854
1368 1369
1369 1370
1370 1371 2213
1371 1372 1950 2221
1372 1373
1373 1374
1374 1375
1375 1376 1946
1376 1377
1377 1378 1633
1378 1379
1379 1380
1380 1381
1381 1382
1382 1383 1581
1383 1384
1384 1385
1385 1386
1386 1387
1387 1388 1559
1388 1389
1389 1390
1390 1391 2101
1391 1392 1520
1392 1393 1602
1393 1394
1394 1395 1723
1395 1396
1396 1397
1397 1398
1398 1399
1399 1400
1400 1401
1401 1402
1402 1403
1403 1404
1404 1405 2188
1405 1406
1406 1407
1407 1408
1408 1409 2141 2269
1409 1410
1410 1411 1891
1411 1412 2105
1412 1413
1413 1414
1414 1415 2280
1415 1416
1416 1417 1731
1417 1418 1669
1418 1419
1419 1420
1420 1421
1421 1422
1422 1423 2149
1423 1424
1424 1425
1425 1426
1426 1427
1427 1428
1428 1429
1429 1430 1467
1430 1431 1749
1431 1432 2220 1579
1432 1433
1433 1434
1434 1435
1435 1436 1907
1436 1437
1437 1438
1438 1439
1439 1440
1440 1441
1441 1442
1442 1443
1443 1444 2021
1444 1445 1964
1445 1446
1446 1447 2258
1447 1448
1448 1449
1449 1450 2222
1450 1451
1451 1452
1452 1453
1453 1454 2161
1454 1455 1579
1455 1456
1456 1457
1457 1458 2188
1458 1459
1459 1460
1460 1461
1461 1462
1462 1463
1463 1464 2252
1464 1465
1465 1466
1466 1467 1477
1467 1468
1468 1469 1971
1469 1470 1722
1470 1471
1471 1472
1472 1473 1711
1473 1474 1494
1474 1475
1475 1476
1476 1477
1477 1478
1478 1479
1479 1480
1480 1481 1580
1481 1482
1482 1483
1483 1484
1484 1485
1485 1486
1486 1487
1487 1488
1488 1489
1489 1490
1490 1491
1491 1492
1492 1493
1493 1494 1624
1494 1495
1495 1496
1496 1497 2166
1497 1498
1498 1499 1839
1499 1500
1500 1501
1501 1502 1997 1636
1502 1503
1503 1504 1793
1504 1505
1505 1506 2064
1506 1507 1586
1507 1508
1508 1509 1978
1509 1510
1510 1511
1511 1512
1512 1513
1513 1514 1553
1514 1515 2072
1515 1516
1516 1517 1535
1517 1518 1978
1518 1519 1722
1519 1520
1520 1521
1521 1522
1522 1523
1523 1524
1524 1525
1525 1526
1526 1527 2178
1527 1528
1528 1529
1529 1530 1663
1530 1531
1531 1532
1532 1533
1533 1534
1534 1535
1535 1536 1998
1536 1537
1537 1538 2136
1538 1539
1539 1540
1540 1541
1541 1542 1987
1542 1543 2203
1543 1544
1544 1545
1545 1546
1546 1547 1911 1972
1547 1548
1548 1549
1549 1550
1550 1551
1551 1552
1552 1553
1553 1554 2077
1554 1555
1555 1556
1556 1557
1557 1558
1558 1559 2257
1559 1560
1560 1561
1561 1562
1562 1563
1563 1564
1564 1565
1565 1566 2171
1566 1567 1951
1567 1568
1568 1569 2243
1569 1570
1570 1571
1571 1572
1572 1573 1701
1573 1574
1574 1575
1575 1576 1682
1576 1577
1577 1578 1662
1578 1579
1579 1580
1580 1581
1581 1582
1582 1583
1583 1584 1802
1584 1585 2284
1585 1586
1586 1587
1587 1588
1588 1589
1589 1590
1590 1591
1591 1592
1592 1593
1593 1594
1594 1595 2260 1796
1595 1596
1596 1597 1835
1597 1598
1598 1599
1599 1600
1600 1601
1601 1602
1602 1603
1603 1604
1604 1605 2243
1605 1606
1606 1607
1607 1608
1608 1609
1609 1610
1610 1611
1611 1612 2009
1612 1613
1613 1614 2287
1614 1615
1615 1616
1616 1617 1619
1617 1618
1618 1619
1619 1620
1620 1621
1621 1622
1622 1623
1623 1624
1624 1625
1625 1626
1626 1627
1627 1628
1628 1629
1629 1630
1630 1631
1631 1632
1632 1633
1633 1634
1634 1635
1635 1636
1636 1637
1637 1638 2078
1638 1639
1639 1640
1640 1641
1641 1642
1642 1643 1807 2275
1643 1644
1644 1645
1645 1646
1646 1647
1647 1648
1648 1649
1649 1650
1650 1651
1651 1652 1783
1652 1653 1708
1653 1654
1654 1655
1655 1656 2009
1656 1657
1657 1658 1931
1658 1659
1659 1660
1660 1661
1661 1662
1662 1663
1663 1664
1664 1665 1889
1665 1666
1666 1667
1667 1668
1668 1669
1669 1670
1670 1671
1671 1672
1672 1673
1673 1674
1674 1675
1675 1676
1676 1677
1677 1678
1678 1679
1679 1680
1680 1681 1707 2058
1681 1682
1682 1683
1683 1684
1684 1685
1685 1686
1686 1687
1687 1688
1688 1689
1689 1690
1690 1691 1719
1691 1692
1692 1693 2211
1693 1694
1694 1695
1695 1696
1696 1697
1697 1698
1698 1699 2268
1699 1700
1700 1701
1701 1702
1702 1703
1703 1704
1704 1705 2037
1705 1706 2110
1706 1707
1707 1708
1708 1709
1709 1710 1716
1710 1711
1711 1712
1712 1713 2053
1713 1714
1714 1715
1715 1716 2041
1716 1717
1717 1718
1718 1719
1719 1720
1720 1721
1721 1722
1722 1723
1723 1724
1724 1725 2161
1725 1726
1726 1727
1727 1728 1884
1728 1729 1787
1729 1730
1730 1731
1731 1732
1732 1733 1884
1733 1734
1734 1735
1735 1736
1736 1737 1825
1737 1738 2278
1738 1739
1739 1740
1740 1741
1741 1742
1742 1743
1743 1744
1744 1745
1745 1746
1746 1747
1747 1748
1748 1749 1986
1749 1750
1750 1751
1751 1752
1752 1753
1753 1754
1754 1755
1755 1756
1756 1757
1757 1758 1793
1758 1759
1759 1760
1760 1761
1761 1762
1762 1763 2116 1808
1763 1764 1806
1764 1765
1765 1766
1766 1767 2158
1767 1768
1768 1769
1769 1770
1770 1771
1771 1772
1772 1773
1773 1774
1774 1775
1775 1776
1776 1777
1777 1778
1778 1779
1779 1780 2245
1780 1781
1781 1782
1782 1783
1783 1784
1784 1785
1785 1786
1786 1787
1787 1788
1788 1789
1789 1790
1790 1791
1791 1792
1792 1793
1793 1794
1794 1795 2161
1795 1796
1796 1797
1797 1798
1798 1799
1799 1800 1903
1800 1801
1801 1802 2074
1802 1803
1803 1804 2047
1804 1805
1805 1806
1806 1807
1807 1808 2219
1808 1809
1809 1810
1810 1811
1811 1812
1812 1813
1813 1814
1814 1815
1815 1816
1816 1817
1817 1818
1818 1819 2207
1819 1820
1820 1821
1821 1822
1822 1823
1823 1824
1824 1825
1825 1826 1852
1826 1827
1827 1828 2001
1828 1829
1829 1830
1830 1831
1831 1832
1832 1833
1833 1834
1834 1835
1835 1836
1836 1837
1837 1838
1838 1839
1839 1840
1840 1841
1841 1842
1842 1843
1843 1844
1844 1845
1845 1846
1846 1847 1984
1847 1848
1848 1849
1849 1850
1850 1851
1851 1852
1852 1853
1853 1854
1854 1855
1855 1856
1856 1857
1857 1858
1858 1859
1859 1860
1860 1861
1861 1862
1862 1863
1863 1864
1864 1865 2029
1865 1866
1866 1867
1867 1868
1868 1869
1869 1870
1870 1871
1871 1872
1872 1873
1873 1874
1874 1875 2201
1875 1876
1876 1877
1877 1878 1979
1878 1879
1879 1880
1880 1881
1881 1882
1882 1883
1883 1884
1884 1885
1885 1886
1886 1887 2289
1887 1888
1888 1889
1889 1890
1890 1891
1891 1892
1892 1893
1893 1894
1894 1895
1895 1896
1896 1897
1897 1898 1959
1898 1899
1899 1900
1900 1901
1901 1902 2122
1902 1903 2159
1903 1904
1904 1905
1905 1906
1906 1907
1907 1908
1908 1909
1909 1910
1910 1911
1911 1912
1912 1913
1913 1914
1914 1915
1915 1916 2236
1916 1917 1952
1917 1918
1918 1919
1919 1920
1920 1921
1921 1922
1922 1923
1923 1924
1924 1925
1925 1926
1926 1927
1927 1928
1928 1929
1929 1930
1930 1931
1931 1932
1932 1933
1933 1934
1934 1935 2147
1935 1936
1936 1937
1937 1938
1938 1939
1939 1940
1940 1941
1941 1942
1942 1943
1943 1944 1994
1944 1945 2226
1945 1946
1946 1947
1947 1948 1977
1948 1949
1949 1950
1950 1951
1951 1952
1952 1953
1953 1954
1954 1955
1955 1956
1956 1957 2143
1957 1958 2132
1958 1959
1959 1960
1960 1961
1961 1962
1962 1963
1963 1964
1964 1965
1965 1966
1966 1967 1976
1967 1968
1968 1969
1969 1970
1970 1971
1971 1972
1972 1973
1973 1974
1974 1975
1975 1976
1976 1977
1977 1978 2243
1978 1979
1979 1980
1980 1981
1981 1982
1982 1983
1983 1984
1984 1985
1985 1986
1986 1987
1987 1988 2125
1988 1989 2274
1989 1990
1990 1991
1991 1992
1992 1993 2001
1993 1994
1994 1995
1995 1996
1996 1997
1997 1998
1998 1999
1999 2000
2000 2001
2001 2002
2002 2003
2003 2004 2035
2004 2005
2005 2006
2006 2007
2007 2008
2008 2009
2009 2010
2010 2011 2209
2011 2012
2012 2013
2013 2014
2014 2015
2015 2016
2016 2017
2017 2018
2018 2019
2019 2020 2119
2020 2021
2021 2022
2022 2023
2023 2024
2024 2025 2278
2025 2026
2026 2027
2027 2028
2028 2029 2081 2137
2029 2030
2030 2031
2031 2032
2032 2033
2033 2034
2034 2035
2035 2036
2036 2037
2037 2038
2038 2039
2039 2040
2040 2041
2041 2042
2042 2043
2043 2044
2044 2045
2045 2046
2046 2047
2047 2048
2048 2049
2049 2050
2050 2051
2051 2052
2052 2053
2053 2054
2054 2055
2055 2056
2056 2057 2092 2070
2057 2058
2058 2059
2059 2060 2179
2060 2061
2061 2062
2062 2063
2063 2064
2064 2065
2065 2066
2066 2067
2067 2068
2068 2069
2069 2070
2070 2071
2071 2072
2072 2073
2073 2074
2074 2075
2075 2076
2076 2077
2077 2078
2078 2079
2079 2080
2080 2081
2081 2082
2082 2083
2083 2084
2084 2085
2085 2086
2086 2087
2087 2088
2088 2089
2089 2090
2090 2091
2091 2092
2092 2093
2093 2094
2094 2095
2095 2096
2096 2097
2097 2098
2098 2099
2099 2100
2100 2101
2101 2102
2102 2103
2103 2104
2104 2105
2105 2106
2106 2107
2107 2108
2108 2109
2109 2110
2110 2111
2111 2112
2112 2113
2113 2114
2114 2115
2115 2116
2116 2117
2117 2118
2118 2119
2119 2120
2120 2121
2121 2122
2122 2123
2123 2124
2124 2125
2125 2126 2192
2126 2127
2127 2128
2128 2129
2129 2130
2130 2131
2131 2132
2132 2133
2133 2134
2134 2135
2135 2136
2136 2137
2137 2138
2138 2139
2139 2140
2140 2141
2141 2142
2142 2143
2143 2144
2144 2145
2145 2146
2146 2147
2147 2148
2148 2149
2149 2150
2150 2151
2151 2152
2152 2153
2153 2154
2154 2155
2155 2156
2156 2157
2157 2158
2158 2159
2159 2160
2160 2161
2161 2162
2162 2163
2163 2164
2164 2165
2165 2166
2166 2167
2167 2168
2168 2169
2169 2170
2170 2171
2171 2172
2172 2173
2173 2174
2174 2175
2175 2176
2176 2177 2226
2177 2178
2178 2179
2179 2180
2180 2181
2181 2182
2182 2183
2183 2184
2184 2185
2185 2186
2186 2187
2187 2188
2188 2189
2189 2190
2190 2191
2191 2192
2192 2193
2193 2194
2194 2195
2195 2196
2196 2197
2197 2198
2198 2199
2199 2200
2200 2201
2201 2202
2202 2203
2203 2204
2204 2205
2205 2206
2206 2207
2207 2208
2208 2209
2209 2210
2210 2211
2211 2212
2212 2213
2213 2214
2214 2215
2215 2216
2216 2217
2217 2218
2218 2219
2219 2220
2220 2221
2221 2222
2222 2223
2223 2224
2224 2225
2225 2226
2226 2227
2227 2228
2228 2229
2229 2230
2230 2231
2231 2232
2232 2233
2233 2234
2234 2235
2235 2236
2236 2237
2237 2238
2238 2239
2239 2240
2240 2241
2241 2242
2242 2243
2243 2244
2244 2245
2245 2246
2246 2247
2247 2248
2248 2249
2249 2250
2250 2251
2251 2252
2252 2253
2253 2254
2254 2255
2255 2256
2256 2257
2257 2258
2258 2259
2259 2260
2260 2261
2261 2262
2262 2263
2263 2264
2264 2265
2265 2266
2266 2267
2267 2268
2268 2269
2269 2270
2270 2271
2271 2272
2272 2273
2273 2274
2274 2275
2275 2276
2276 2277
2277 2278
2278 2279
2279 2280
2280 2281
2281 2282
2282 2283
2283 2284
2284 2285
2285 2286
2286 2287
2287 2288
2288 2289
2289 2290
2290 2291
2291
