#/opt/homebrew/Caskroom/miniconda/base/envs/hack25/lib/python3.12/site-packages/ipykernel_launcher.py --f=/Users/jpinney/Library/Jupyter/runtime/kernel-v352576b36ed274793969b57d69d8306c9df606370.json
# GMT Sun Jul 20 12:32:04 2025
# 
0 1 346 164
1 2 207 261
2 3 112
3 4 226
4 5
5 6
6 7
7 8 21
8 9
9 10 230
10 11
11 12 216
12 13 65
13 14 259
14 15 293 20
15 16 244
16 17 308
17 18 33 179 245
18 19
19 20 223
20 21
21 22
22 23 212
23 24
24 25 306
25 26 144
26 27 77 122
27 28
28 29 235
29 30
30 31 34
31 32 57 55
32 33
33 34 283 37
34 35
35 36 270
36 37 102
37 38
38 39
39 40 239 136 194
40 41 344
41 42
42 43 214
43 44
44 45 129
45 46
46 47
47 48 189
48 49 146
49 50
50 51 246
51 52 113
52 53 100 267
53 54
54 55
55 56
56 57 166
57 58 285
58 59
59 60
60 61 65
61 62 100
62 63 130 71
63 64
64 65
65 66
66 67 114
67 68 323 249
68 69
69 70 174
70 71
71 72
72 73 106 125
73 74 233 127 340
74 75
75 76 170
76 77
77 78
78 79
79 80 141
80 81 344
81 82
82 83 102
83 84 216 338
84 85
85 86
86 87
87 88 127 143
88 89
89 90 197
90 91
91 92
92 93 125
93 94 339 177
94 95 228
95 96 226
96 97
97 98 160
98 99 206
99 100
100 101
101 102
102 103 107 110 137
103 104
104 105
105 106
106 107
107 108
108 109
109 110 227
110 111
111 112
112 113
113 114 117 311
114 115
115 116
116 117
117 118
118 119 238
119 120 271
120 121 307
121 122 162
122 123
123 124
124 125
125 126
126 127 204 337
127 128 158
128 129 252
129 130
130 131
131 132 184
132 133 201 198
133 134 242
134 135
135 136 241
136 137
137 138
138 139
139 140
140 141 286
141 142 241
142 143 296
143 144 298
144 145
145 146
146 147
147 148
148 149 327
149 150 257 297
150 151 199
151 152
152 153
153 154
154 155
155 156 183
156 157
157 158 331
158 159
159 160 247
160 161 266
161 162 236
162 163 254 287
163 164
164 165 259
165 166
166 167 188
167 168
168 169
169 170
170 171
171 172 302
172 173 199
173 174 285
174 175 182
175 176
176 177 302
177 178
178 179 182
179 180
180 181
181 182
182 183 234
183 184 237
184 185
185 186
186 187 237 325
187 188 223
188 189
189 190 299
190 191
191 192 199
192 193
193 194
194 195
195 196 200
196 197
197 198
198 199
199 200
200 201 278
201 202
202 203
203 204
204 205
205 206 248
206 207
207 208
208 209
209 210
210 211 214 264
211 212
212 213
213 214
214 215 251
215 216
216 217
217 218
218 219
219 220 314 332
220 221 259
221 222
222 223
223 224
224 225 326
225 226
226 227
227 228
228 229
229 230
230 231 314
231 232
232 233 338
233 234
234 235
235 236
236 237
237 238
238 239
239 240 345
240 241 320
241 242 321
242 243
243 244 247
244 245
245 246
246 247
247 248
248 249
249 250
250 251
251 252
252 253
253 254
254 255
255 256
256 257
257 258
258 259
259 260
260 261
261 262
262 263 344
263 264
264 265
265 266
266 267
267 268
268 269
269 270 305
270 271 326
271 272 296 317 343
272 273 334
273 274 322
274 275
275 276
276 277
277 278
278 279
279 280
280 281
281 282
282 283
283 284
284 285
285 286 330
286 287
287 288
288 289
289 290
290 291
291 292
292 293
293 294
294 295
295 296
296 297
297 298
298 299 304
299 300
300 301
301 302
302 303
303 304 333
304 305
305 306
306 307 312
307 308
308 309
309 310
310 311
311 312
312 313
313 314 329
314 315
315 316
316 317
317 318
318 319 337
319 320
320 321
321 322
322 323
323 324
324 325
325 326
326 327
327 328
328 329
329 330
330 331
331 332
332 333
333 334
334 335
335 336
336 337
337 338
338 339
339 340
340 341
341 342
342 343
343 344
344 345
345 346
346
