#/opt/homebrew/Caskroom/miniconda/base/envs/hack25/lib/python3.12/site-packages/ipykernel_launcher.py --f=/Users/jpinney/Library/Jupyter/runtime/kernel-v352576b36ed274793969b57d69d8306c9df606370.json
# GMT Sun Jul 20 12:32:04 2025
# 
0 1 956
1 2
2 3
3 4 374 910
4 5
5 6 691
6 7
7 8 185
8 9
9 10
10 11
11 12
12 13
13 14 33
14 15
15 16
16 17
17 18 552
18 19
19 20
20 21
21 22
22 23
23 24 173 930
24 25
25 26
26 27
27 28
28 29
29 30 119
30 31
31 32
32 33
33 34
34 35
35 36 910
36 37
37 38
38 39 511
39 40
40 41
41 42
42 43
43 44 412
44 45
45 46
46 47
47 48 765
48 49
49 50 216
50 51
51 52 690
52 53
53 54
54 55
55 56 223
56 57
57 58
58 59
59 60 732
60 61
61 62 704
62 63 559 755
63 64 831
64 65
65 66 623
66 67
67 68 942
68 69
69 70
70 71
71 72
72 73
73 74
74 75
75 76
76 77
77 78 628
78 79 318 731
79 80 650
80 81 102
81 82 527
82 83
83 84
84 85 828
85 86
86 87 919
87 88
88 89
89 90
90 91
91 92
92 93
93 94 534
94 95 440
95 96
96 97 111
97 98
98 99 212
99 100
100 101
101 102
102 103 273
103 104
104 105
105 106
106 107 109
107 108
108 109
109 110
110 111 796
111 112 702 720
112 113
113 114
114 115 891
115 116 780
116 117
117 118
118 119 742
119 120 509
120 121 396
121 122
122 123
123 124
124 125 140
125 126 615
126 127
127 128
128 129
129 130 690
130 131
131 132
132 133
133 134 618
134 135 251
135 136
136 137
137 138
138 139
139 140 766
140 141
141 142 725 168
142 143
143 144
144 145 615 408
145 146
146 147
147 148
148 149
149 150
150 151
151 152
152 153
153 154
154 155
155 156
156 157
157 158
158 159 331
159 160 337
160 161
161 162
162 163
163 164 401 454
164 165
165 166
166 167 639
167 168 410
168 169
169 170
170 171
171 172 626
172 173
173 174
174 175
175 176 295
176 177
177 178
178 179
179 180
180 181
181 182
182 183
183 184
184 185
185 186
186 187 198 306
187 188
188 189
189 190
190 191
191 192
192 193
193 194
194 195
195 196
196 197
197 198
198 199
199 200
200 201
201 202 854
202 203
203 204 609
204 205 906
205 206 806
206 207
207 208
208 209 684
209 210
210 211
211 212
212 213
213 214
214 215
215 216
216 217 410
217 218 364
218 219 248 711 851
219 220
220 221 792
221 222
222 223
223 224 434
224 225 680
225 226 685
226 227
227 228
228 229 460
229 230
230 231 625
231 232
232 233
233 234
234 235
235 236 597
236 237
237 238 384
238 239
239 240 915
240 241
241 242
242 243
243 244
244 245 867
245 246
246 247
247 248
248 249 422 658
249 250
250 251
251 252
252 253
253 254 884
254 255
255 256 395
256 257 263
257 258
258 259 289
259 260 312
260 261
261 262 447
262 263
263 264 499
264 265 465
265 266 456
266 267
267 268
268 269
269 270
270 271
271 272 651 369
272 273
273 274
274 275 534
275 276
276 277 743 446
277 278
278 279
279 280 680
280 281
281 282
282 283
283 284 483 404
284 285
285 286
286 287
287 288
288 289
289 290
290 291
291 292
292 293
293 294 721
294 295
295 296
296 297
297 298 382
298 299
299 300
300 301 649
301 302
302 303
303 304
304 305 936
305 306
306 307 928
307 308
308 309 653
309 310
310 311
311 312
312 313
313 314 772 901
314 315 808
315 316
316 317 698
317 318
318 319 503
319 320 737
320 321
321 322
322 323
323 324 753 736
324 325 445
325 326
326 327
327 328
328 329 461 884
329 330 625
330 331
331 332 931
332 333
333 334
334 335 899
335 336
336 337
337 338
338 339 890
339 340 348
340 341
341 342
342 343
343 344
344 345 912
345 346
346 347
347 348
348 349
349 350
350 351
351 352
352 353 776
353 354
354 355 573
355 356
356 357
357 358 542
358 359 840
359 360
360 361
361 362
362 363
363 364
364 365 539
365 366
366 367 630 850
367 368 575
368 369 646
369 370
370 371
371 372 746
372 373
373 374
374 375
375 376 777
376 377 528
377 378
378 379
379 380
380 381 675
381 382
382 383
383 384
384 385 825
385 386
386 387
387 388
388 389
389 390 750
390 391
391 392
392 393
393 394
394 395 577
395 396 477 862
396 397
397 398
398 399
399 400
400 401
401 402
402 403
403 404 664
404 405
405 406
406 407
407 408 431
408 409
409 410
410 411
411 412
412 413
413 414
414 415 433
415 416
416 417 894
417 418 544
418 419
419 420 656
420 421
421 422
422 423
423 424
424 425 849
425 426
426 427
427 428
428 429
429 430 711
430 431
431 432
432 433
433 434 621
434 435
435 436
436 437
437 438
438 439
439 440
440 441 909 676
441 442
442 443
443 444 516 804
444 445 784
445 446
446 447
447 448
448 449
449 450 691 789
450 451
451 452
452 453 695 954
453 454
454 455
455 456 489
456 457
457 458
458 459
459 460
460 461
461 462 929
462 463
463 464
464 465
465 466
466 467
467 468
468 469
469 470
470 471 930
471 472 755
472 473
473 474
474 475
475 476
476 477
477 478 797
478 479
479 480
480 481
481 482 687
482 483
483 484
484 485
485 486 529
486 487
487 488
488 489
489 490
490 491 904
491 492
492 493
493 494
494 495
495 496 767
496 497
497 498
498 499
499 500
500 501
501 502
502 503 768
503 504
504 505
505 506
506 507 807
507 508
508 509
509 510
510 511
511 512
512 513 603
513 514
514 515
515 516
516 517
517 518
518 519
519 520
520 521
521 522
522 523 564
523 524
524 525
525 526
526 527 805
527 528
528 529
529 530
530 531
531 532
532 533
533 534
534 535
535 536
536 537
537 538
538 539
539 540
540 541 694
541 542
542 543
543 544
544 545
545 546
546 547
547 548
548 549
549 550
550 551
551 552 722
552 553 930
553 554
554 555
555 556
556 557
557 558
558 559
559 560
560 561
561 562 785
562 563
563 564
564 565
565 566
566 567 756
567 568 769
568 569
569 570
570 571 895
571 572
572 573
573 574
574 575 654
575 576
576 577
577 578
578 579
579 580
580 581
581 582 638
582 583
583 584
584 585
585 586
586 587 806
587 588 914
588 589
589 590
590 591
591 592
592 593
593 594
594 595
595 596
596 597
597 598
598 599
599 600
600 601
601 602
602 603
603 604
604 605 680
605 606
606 607
607 608
608 609
609 610
610 611
611 612
612 613
613 614
614 615
615 616
616 617 790
617 618
618 619
619 620
620 621
621 622
622 623
623 624
624 625
625 626
626 627
627 628
628 629
629 630
630 631
631 632
632 633
633 634
634 635
635 636
636 637 807
637 638
638 639
639 640
640 641
641 642
642 643
643 644
644 645
645 646
646 647
647 648
648 649
649 650
650 651
651 652
652 653
653 654
654 655
655 656
656 657
657 658
658 659
659 660
660 661
661 662
662 663
663 664 860
664 665
665 666
666 667
667 668
668 669
669 670
670 671
671 672
672 673 698
673 674
674 675
675 676
676 677
677 678
678 679
679 680
680 681
681 682
682 683
683 684 732
684 685
685 686
686 687
687 688
688 689
689 690
690 691
691 692
692 693 734
693 694
694 695
695 696
696 697
697 698
698 699 796
699 700
700 701
701 702
702 703
703 704
704 705 766
705 706
706 707
707 708
708 709
709 710
710 711
711 712
712 713
713 714
714 715
715 716
716 717
717 718
718 719 817
719 720
720 721
721 722
722 723 870
723 724
724 725 779
725 726
726 727 920
727 728
728 729
729 730
730 731
731 732
732 733
733 734
734 735
735 736
736 737 882
737 738
738 739 941
739 740
740 741
741 742
742 743
743 744
744 745
745 746
746 747
747 748
748 749
749 750
750 751 883
751 752
752 753
753 754 777
754 755
755 756
756 757
757 758
758 759 927
759 760
760 761
761 762
762 763
763 764 877
764 765
765 766
766 767 805
767 768
768 769
769 770
770 771
771 772 903
772 773
773 774
774 775
775 776
776 777
777 778 864
778 779
779 780
780 781
781 782
782 783
783 784 943
784 785
785 786
786 787
787 788
788 789
789 790
790 791
791 792
792 793
793 794
794 795
795 796
796 797
797 798
798 799
799 800 939
800 801
801 802
802 803
803 804 918
804 805
805 806
806 807
807 808
808 809
809 810
810 811
811 812
812 813
813 814
814 815
815 816
816 817
817 818
818 819
819 820
820 821
821 822
822 823
823 824
824 825
825 826
826 827
827 828
828 829
829 830
830 831
831 832
832 833
833 834
834 835
835 836
836 837
837 838
838 839
839 840
840 841
841 842
842 843
843 844 868
844 845
845 846
846 847 885
847 848
848 849
849 850
850 851
851 852
852 853
853 854
854 855
855 856
856 857 924
857 858
858 859
859 860
860 861
861 862
862 863 913
863 864
864 865
865 866
866 867
867 868
868 869
869 870
870 871
871 872
872 873
873 874
874 875
875 876
876 877
877 878
878 879
879 880
880 881
881 882
882 883
883 884
884 885
885 886
886 887
887 888
888 889
889 890
890 891
891 892
892 893
893 894
894 895
895 896
896 897
897 898
898 899
899 900
900 901
901 902
902 903
903 904
904 905
905 906
906 907
907 908
908 909
909 910
910 911
911 912
912 913
913 914
914 915
915 916
916 917
917 918
918 919
919 920
920 921
921 922
922 923
923 924
924 925
925 926
926 927
927 928
928 929
929 930
930 931
931 932
932 933
933 934
934 935
935 936
936 937
937 938
938 939
939 940
940 941
941 942
942 943
943 944
944 945
945 946
946 947 948
947 948
948 949
949 950
950 951
951 952
952 953
953 954
954 955
955 956
956
