#/opt/homebrew/Caskroom/miniconda/base/envs/hack25/lib/python3.12/site-packages/ipykernel_launcher.py --f=/Users/jpinney/Library/Jupyter/runtime/kernel-v352576b36ed274793969b57d69d8306c9df606370.json
# GMT Sun Jul 20 12:32:04 2025
# 
0 1 1155 720 95 795
1 2 478
2 3
3 4 141
4 5 306
5 6 467
6 7
7 8 195
8 9
9 10 653
10 11
11 12
12 13 634
13 14 443
14 15 614
15 16 997
16 17 567
17 18
18 19
19 20 480
20 21 1044
21 22 908
22 23 489 578
23 24 419
24 25 844
25 26 527 1149
26 27 494
27 28
28 29
29 30
30 31 1082
31 32 614
32 33 613 543
33 34
34 35
35 36 411
36 37
37 38 99
38 39 268
39 40 974
40 41 1060
41 42 487
42 43 656
43 44 174
44 45 864
45 46
46 47 366
47 48
48 49
49 50
50 51
51 52
52 53
53 54
54 55 1125
55 56 79
56 57
57 58
58 59 823 239
59 60 224
60 61
61 62 237
62 63
63 64 1144 463
64 65
65 66 305
66 67 97 990
67 68 595
68 69
69 70 486 604 785
70 71
71 72
72 73
73 74 1111
74 75
75 76
76 77 770 797
77 78 521 1046
78 79
79 80 85
80 81 341
81 82
82 83 1001
83 84
84 85 1140 705
85 86
86 87 870 132
87 88 600
88 89 873
89 90
90 91
91 92 397
92 93
93 94
94 95
95 96
96 97
97 98
98 99
99 100
100 101 297 903
101 102 218
102 103 164
103 104
104 105
105 106
106 107
107 108
108 109
109 110
110 111
111 112
112 113
113 114 177
114 115
115 116 716
116 117
117 118 245
118 119 292
119 120
120 121
121 122 814
122 123
123 124 991
124 125
125 126
126 127
127 128
128 129
129 130
130 131
131 132
132 133
133 134
134 135
135 136 1064
136 137
137 138 182
138 139
139 140 300
140 141 1092
141 142 906
142 143
143 144 917 221
144 145 359
145 146
146 147
147 148
148 149 349
149 150 1045
150 151
151 152 679
152 153
153 154
154 155
155 156
156 157 173 912
157 158 432
158 159
159 160
160 161
161 162 417
162 163 523
163 164 1100
164 165
165 166
166 167 1135 841
167 168
168 169
169 170 313
170 171 579
171 172
172 173 341
173 174 518
174 175
175 176 392
176 177
177 178 1101
178 179 497
179 180
180 181 1094
181 182
182 183
183 184
184 185
185 186 618
186 187
187 188 830
188 189
189 190
190 191 889 1118
191 192
192 193 764
193 194 1116
194 195 1048
195 196
196 197
197 198
198 199
199 200 296 392
200 201
201 202
202 203
203 204
204 205
205 206 974
206 207 833
207 208 599
208 209 789
209 210 1059
210 211
211 212
212 213
213 214
214 215
215 216
216 217 467
217 218 801 875
218 219
219 220 608
220 221
221 222
222 223
223 224
224 225
225 226 1090
226 227
227 228
228 229
229 230 460
230 231 606 266
231 232
232 233
233 234 1045
234 235 431
235 236 635
236 237
237 238 1153
238 239 797 821
239 240 769
240 241
241 242 308
242 243 893
243 244
244 245 499
245 246
246 247 858
247 248
248 249 562
249 250 1057
250 251 1113
251 252 1111
252 253
253 254
254 255
255 256
256 257
257 258
258 259
259 260 605
260 261
261 262
262 263
263 264 317
264 265 472 511
265 266 806
266 267
267 268
268 269 701
269 270 287
270 271 869
271 272
272 273
273 274
274 275
275 276
276 277 801
277 278 694
278 279
279 280
280 281 703
281 282
282 283
283 284
284 285
285 286
286 287 603
287 288 1150
288 289
289 290
290 291
291 292
292 293
293 294
294 295
295 296
296 297
297 298
298 299
299 300
300 301
301 302 309
302 303
303 304
304 305
305 306 488
306 307 715
307 308
308 309
309 310
310 311 1064
311 312
312 313 442
313 314
314 315 957
315 316 616
316 317 641
317 318
318 319
319 320
320 321
321 322 598 1024
322 323 324
323 324
324 325
325 326
326 327
327 328
328 329
329 330 1113
330 331
331 332
332 333
333 334
334 335 544 459
335 336
336 337 706 1056
337 338
338 339 669
339 340
340 341
341 342
342 343
343 344
344 345
345 346 896
346 347 720
347 348
348 349 796 1049
349 350
350 351
351 352
352 353
353 354
354 355 781
355 356 576 609
356 357 490
357 358
358 359 737
359 360
360 361
361 362
362 363
363 364
364 365 1098
365 366
366 367 852
367 368 1078
368 369
369 370
370 371
371 372 1001
372 373 1002
373 374
374 375 1014 895
375 376
376 377 585
377 378
378 379 845
379 380 1110
380 381
381 382 878
382 383
383 384
384 385 937
385 386
386 387 555
387 388
388 389 402
389 390
390 391
391 392
392 393
393 394 755
394 395
395 396
396 397
397 398
398 399 895
399 400
400 401 501
401 402
402 403
403 404
404 405
405 406
406 407
407 408
408 409
409 410
410 411 1033
411 412 522
412 413 828
413 414
414 415
415 416 900
416 417 1047 538 906
417 418 1147
418 419 750
419 420 887
420 421
421 422 551
422 423
423 424
424 425
425 426
426 427
427 428 680 1152
428 429
429 430
430 431 651
431 432
432 433
433 434
434 435
435 436
436 437 1114
437 438
438 439
439 440
440 441
441 442 490
442 443
443 444 546
444 445 991
445 446 734
446 447
447 448
448 449
449 450
450 451 1120
451 452
452 453
453 454
454 455 1050
455 456
456 457
457 458 553
458 459
459 460 826
460 461
461 462
462 463
463 464
464 465
465 466 657 975
466 467
467 468 1035
468 469
469 470
470 471
471 472
472 473
473 474 920 613 1048
474 475 950
475 476
476 477
477 478 795
478 479
479 480 578
480 481
481 482 503
482 483 695
483 484
484 485
485 486 796
486 487
487 488
488 489 1061
489 490
490 491
491 492
492 493
493 494 807
494 495
495 496 917
496 497
497 498
498 499
499 500
500 501 834
501 502
502 503
503 504
504 505 514
505 506 960
506 507
507 508
508 509
509 510
510 511
511 512
512 513 921
513 514 685
514 515
515 516 579
516 517 612
517 518
518 519
519 520
520 521
521 522 1111 528
522 523
523 524
524 525 1070
525 526 1013
526 527
527 528
528 529
529 530
530 531
531 532
532 533 799
533 534 714
534 535
535 536
536 537 1065
537 538
538 539
539 540 943
540 541
541 542
542 543
543 544
544 545
545 546
546 547
547 548
548 549
549 550 1030
550 551
551 552
552 553
553 554
554 555
555 556
556 557
557 558 568
558 559
559 560
560 561
561 562
562 563
563 564 710
564 565
565 566
566 567 854 862
567 568
568 569 867
569 570
570 571
571 572 1036 580
572 573 905
573 574
574 575 1141
575 576
576 577
577 578 626 1069
578 579 940 1006
579 580
580 581 1093
581 582 829
582 583
583 584
584 585
585 586
586 587
587 588 786 793
588 589
589 590 1067
590 591 600
591 592
592 593
593 594 702
594 595
595 596
596 597
597 598
598 599 607
599 600
600 601
601 602
602 603 693
603 604
604 605
605 606
606 607
607 608 633
608 609 930
609 610
610 611 1019
611 612 856
612 613
613 614
614 615 1096
615 616
616 617 876
617 618 980
618 619
619 620
620 621
621 622
622 623
623 624 1065
624 625
625 626 790 751
626 627
627 628
628 629 954
629 630
630 631 1054
631 632
632 633
633 634
634 635
635 636
636 637
637 638
638 639
639 640
640 641
641 642 1102
642 643 1144
643 644
644 645
645 646
646 647
647 648
648 649 903
649 650 1046
650 651
651 652
652 653 1056 1110
653 654
654 655
655 656 860
656 657
657 658
658 659
659 660
660 661
661 662 796
662 663
663 664 708
664 665
665 666
666 667 810
667 668 912
668 669 867
669 670
670 671 1119
671 672 708
672 673
673 674 857
674 675
675 676
676 677 792
677 678 866 986
678 679 1104 1071
679 680
680 681
681 682
682 683 1097
683 684
684 685
685 686 902
686 687
687 688
688 689
689 690
690 691 973
691 692
692 693
693 694
694 695
695 696 1088
696 697
697 698
698 699
699 700
700 701
701 702
702 703
703 704
704 705
705 706
706 707
707 708
708 709
709 710
710 711 717
711 712
712 713 877 770
713 714
714 715 1128
715 716
716 717 718
717 718
718 719
719 720
720 721
721 722 727
722 723
723 724 768
724 725
725 726 842
726 727
727 728
728 729
729 730
730 731 1097
731 732
732 733 1031
733 734
734 735
735 736
736 737
737 738
738 739 951 956
739 740 794
740 741
741 742
742 743 901
743 744
744 745
745 746 1076
746 747
747 748
748 749
749 750
750 751
751 752
752 753
753 754
754 755
755 756
756 757
757 758 1060
758 759
759 760 989
760 761
761 762
762 763
763 764
764 765
765 766
766 767
767 768 1094
768 769 846
769 770
770 771
771 772
772 773
773 774
774 775 1009
775 776
776 777
777 778
778 779
779 780
780 781
781 782 852
782 783
783 784
784 785
785 786
786 787
787 788
788 789
789 790
790 791 959
791 792
792 793
793 794
794 795 936 1057
795 796
796 797
797 798
798 799
799 800
800 801
801 802
802 803
803 804
804 805
805 806 826
806 807
807 808
808 809
809 810
810 811
811 812
812 813
813 814 1115
814 815
815 816
816 817
817 818
818 819
819 820
820 821
821 822 944
822 823
823 824
824 825
825 826 895
826 827
827 828
828 829 891
829 830 872
830 831
831 832
832 833
833 834
834 835
835 836
836 837
837 838
838 839
839 840 1124
840 841 966
841 842
842 843 896
843 844
844 845
845 846
846 847
847 848
848 849 1153
849 850
850 851
851 852
852 853
853 854
854 855
855 856
856 857
857 858
858 859
859 860 1105
860 861
861 862
862 863
863 864
864 865 1023
865 866
866 867
867 868 949
868 869
869 870
870 871
871 872
872 873
873 874
874 875
875 876
876 877
877 878
878 879
879 880
880 881
881 882
882 883
883 884
884 885
885 886
886 887
887 888
888 889
889 890
890 891
891 892
892 893
893 894
894 895
895 896
896 897 958
897 898
898 899
899 900 993
900 901
901 902
902 903
903 904
904 905
905 906
906 907
907 908 953
908 909
909 910
910 911
911 912
912 913
913 914
914 915
915 916
916 917
917 918
918 919
919 920 1015
920 921
921 922
922 923
923 924
924 925
925 926
926 927
927 928
928 929
929 930
930 931
931 932
932 933 1105
933 934
934 935
935 936
936 937
937 938
938 939
939 940
940 941
941 942
942 943
943 944
944 945
945 946
946 947
947 948
948 949
949 950
950 951
951 952
952 953 1154
953 954
954 955 1148
955 956
956 957
957 958
958 959
959 960
960 961
961 962 1112
962 963
963 964
964 965
965 966
966 967
967 968 989
968 969 1017
969 970
970 971
971 972
972 973 1089
973 974 1067
974 975
975 976
976 977
977 978
978 979
979 980 1138
980 981
981 982
982 983
983 984
984 985
985 986
986 987
987 988
988 989
989 990
990 991
991 992
992 993
993 994
994 995
995 996
996 997
997 998 1089
998 999
999 1000
1000 1001
1001 1002
1002 1003
1003 1004
1004 1005
1005 1006
1006 1007
1007 1008
1008 1009 1034
1009 1010
1010 1011
1011 1012
1012 1013
1013 1014
1014 1015
1015 1016
1016 1017
1017 1018
1018 1019
1019 1020
1020 1021
1021 1022
1022 1023
1023 1024
1024 1025
1025 1026
1026 1027
1027 1028
1028 1029 1092
1029 1030
1030 1031
1031 1032
1032 1033
1033 1034
1034 1035
1035 1036
1036 1037
1037 1038
1038 1039
1039 1040
1040 1041
1041 1042
1042 1043
1043 1044
1044 1045
1045 1046
1046 1047
1047 1048
1048 1049
1049 1050
1050 1051
1051 1052
1052 1053
1053 1054
1054 1055
1055 1056
1056 1057
1057 1058
1058 1059
1059 1060
1060 1061
1061 1062
1062 1063
1063 1064
1064 1065
1065 1066
1066 1067
1067 1068
1068 1069
1069 1070
1070 1071
1071 1072
1072 1073
1073 1074 1101
1074 1075
1075 1076
1076 1077
1077 1078
1078 1079
1079 1080
1080 1081
1081 1082
1082 1083
1083 1084
1084 1085
1085 1086
1086 1087
1087 1088
1088 1089
1089 1090
1090 1091
1091 1092
1092 1093
1093 1094
1094 1095
1095 1096
1096 1097
1097 1098
1098 1099 1144
1099 1100
1100 1101
1101 1102
1102 1103
1103 1104
1104 1105
1105 1106
1106 1107
1107 1108
1108 1109
1109 1110
1110 1111
1111 1112
1112 1113
1113 1114
1114 1115
1115 1116
1116 1117
1117 1118
1118 1119
1119 1120
1120 1121
1121 1122
1122 1123
1123 1124
1124 1125
1125 1126
1126 1127
1127 1128
1128 1129
1129 1130
1130 1131
1131 1132
1132 1133
1133 1134
1134 1135
1135 1136
1136 1137
1137 1138
1138 1139
1139 1140
1140 1141
1141 1142
1142 1143
1143 1144
1144 1145
1145 1146
1146 1147
1147 1148
1148 1149
1149 1150
1150 1151
1151 1152
1152 1153
1153 1154
1154 1155
1155
