#/opt/homebrew/Caskroom/miniconda/base/envs/hack25/lib/python3.12/site-packages/ipykernel_launcher.py --f=/Users/jpinney/Library/Jupyter/runtime/kernel-v352576b36ed274793969b57d69d8306c9df606370.json
# GMT Sun Jul 20 12:32:04 2025
# 
0 1 2576 156
1 2
2 3 1489 2328
3 4 2303
4 5 1628
5 6 7 2265
6 7
7 8 112
8 9 2508
9 10 347 320 1120
10 11 2150
11 12 1424
12 13
13 14 919 1941
14 15 514
15 16
16 17 171
17 18 396 1955
18 19
19 20 1820
20 21 1811
21 22 1883 2479
22 23
23 24 1385
24 25 2342 2564
25 26 1882 2053
26 27 866
27 28 2014 692
28 29 704 2032
29 30
30 31 2205
31 32 1282
32 33
33 34
34 35
35 36 588 379
36 37 2488
37 38 1651
38 39
39 40 69
40 41 2199
41 42 234
42 43 1755
43 44
44 45 771 1797
45 46 2356
46 47 556
47 48 701
48 49
49 50 1691
50 51 171 815 1126 1683
51 52
52 53 1119 1715 1856
53 54 603
54 55
55 56 2044 2026
56 57 1304
57 58
58 59
59 60 1544
60 61 913
61 62 735
62 63 527 939
63 64 1714 1249
64 65 1591
65 66 1601
66 67 1811 259
67 68
68 69 2042
69 70 158
70 71 531
71 72 2533
72 73
73 74 2153
74 75 1266
75 76 728
76 77 2081 804
77 78 283
78 79 2320
79 80
80 81 557 1486 2400
81 82 1347
82 83
83 84 104 897
84 85
85 86 129
86 87 2189
87 88
88 89 112
89 90
90 91
91 92 1067 1358
92 93 2454 2003
93 94
94 95
95 96
96 97 2362 1045 1968
97 98 1164 541 1025 1597 1620
98 99 2170
99 100 1437
100 101 498 1064
101 102 663
102 103 1164
103 104 502
104 105
105 106 410 2205
106 107 1363
107 108 1994 1738
108 109 2493
109 110 942
110 111
111 112 1312 524 629
112 113 2261
113 114 2066
114 115 1045
115 116
116 117 1706 2557
117 118
118 119 1959 929 1007
119 120 2288
120 121 696
121 122 2454
122 123 1335 676 1829 2519
123 124 985 329
124 125 2220
125 126
126 127 330
127 128
128 129 2491
129 130 1275
130 131 1447
131 132
132 133
133 134 1395
134 135 647 218
135 136 2532
136 137 729
137 138 528 1892
138 139 2209
139 140
140 141 447
141 142 2374
142 143
143 144
144 145 194
145 146 2095
146 147
147 148 1211
148 149 967 1085
149 150 2506 2178
150 151 324 1819
151 152 891 1354
152 153 1650
153 154 1113 1778
154 155 1391
155 156 1912
156 157 717
157 158 1339 2457
158 159 2137
159 160
160 161 2153
161 162 1564
162 163 1787
163 164 2047
164 165
165 166 1425
166 167 464
167 168 273
168 169 398 1647
169 170
170 171
171 172
172 173 1168
173 174
174 175 1951
175 176
176 177
177 178 796 1823
178 179 1420
179 180 2181
180 181 1160
181 182 1207 1564
182 183 1954 1812
183 184
184 185
185 186
186 187 2155
187 188 2062
188 189
189 190 923 484 800
190 191 2260
191 192 475
192 193 1358
193 194 1989
194 195
195 196 203 1451 2091
196 197
197 198 1838
198 199 2292
199 200 333
200 201 788 2526
201 202
202 203
203 204 667
204 205
205 206 2426 1679
206 207
207 208
208 209
209 210 1536
210 211 1698
211 212 249 888
212 213 1852
213 214 1570
214 215
215 216 400
216 217 2276
217 218
218 219 2309
219 220
220 221 281
221 222 414 1900
222 223 340
223 224 2390 2560
224 225 1785 429
225 226 1134 315
226 227 2115
227 228 658 2514
228 229 2080
229 230 1851
230 231 1695
231 232 2334 1018
232 233 1518
233 234
234 235
235 236 2214
236 237 430
237 238
238 239 1182 1487
239 240 2404 2272
240 241
241 242 1853
242 243
243 244 2237
244 245
245 246 2297
246 247 1602
247 248 2124
248 249 1479
249 250
250 251 369
251 252 1774
252 253 387
253 254
254 255 2164
255 256 1329 575
256 257 1795
257 258 2350
258 259 2087
259 260 691
260 261 2559
261 262
262 263 1612
263 264 793
264 265 1019 1170
265 266 2015
266 267
267 268 899
268 269
269 270 598
270 271 529
271 272 1830 1669
272 273
273 274
274 275 1508 1603
275 276 430
276 277 2058
277 278
278 279 878 1166
279 280 2427
280 281 1654
281 282 2154
282 283 2305
283 284 1965
284 285 288 1988
285 286 2268
286 287 1331 1275
287 288 2366 1367
288 289
289 290 1010
290 291
291 292
292 293
293 294 1760 2186
294 295 2497
295 296 1131
296 297 2021
297 298 670 732
298 299 377 2447
299 300
300 301 2393
301 302
302 303
303 304 1377 2187
304 305 1700 1961
305 306 2297
306 307 2109 2445
307 308 439
308 309 2051
309 310
310 311 2051
311 312
312 313 1333
313 314
314 315 1859
315 316
316 317
317 318
318 319 2189
319 320 2125
320 321
321 322 2301 2043
322 323
323 324 419
324 325
325 326
326 327 1646 402
327 328 2046
328 329
329 330 588
330 331 1720 1744
331 332 1402
332 333 529
333 334
334 335
335 336 1768
336 337 835 2317
337 338 630
338 339
339 340 1807 1103
340 341
341 342
342 343
343 344 2146
344 345
345 346 1403 1746
346 347 674
347 348 839
348 349 1498
349 350 931 1228
350 351 635
351 352 2466
352 353 2494 1046
353 354 1487
354 355 1660 1279
355 356 1558
356 357 1128
357 358
358 359 2241
359 360
360 361
361 362 1433
362 363 1578
363 364 1061
364 365 2377 2451
365 366 1297
366 367 2478
367 368 1818
368 369 2542
369 370
370 371
371 372 1050
372 373
373 374
374 375 2177 762
375 376
376 377 1662
377 378 1962
378 379
379 380
380 381 566
381 382 1611 847
382 383
383 384
384 385 532
385 386 425 1329
386 387 859
387 388
388 389 1940
389 390 624 731 985
390 391 2229
391 392
392 393
393 394 2107
394 395 975
395 396
396 397
397 398 1454 1528
398 399
399 400 1893
400 401 1058
401 402 1873
402 403 935
403 404
404 405 1296
405 406
406 407 2156 1542
407 408 1632
408 409
409 410
410 411
411 412
412 413 1699
413 414
414 415 2318
415 416 2087 1122 1860
416 417
417 418 2348
418 419 1844
419 420
420 421
421 422 1332
422 423
423 424 2498
424 425 979 1804
425 426
426 427
427 428
428 429 952
429 430
430 431
431 432 1934
432 433
433 434 838 1264
434 435
435 436 1891
436 437 470
437 438 1601
438 439
439 440 1770
440 441 1503
441 442
442 443
443 444
444 445
445 446
446 447
447 448 2367
448 449
449 450
450 451
451 452
452 453 1070
453 454 936
454 455 1029
455 456
456 457 1003
457 458
458 459
459 460
460 461 987
461 462 2413
462 463
463 464 957 2140 2180
464 465
465 466 1509 2562
466 467 1701
467 468
468 469
469 470
470 471
471 472 1461
472 473 792
473 474
474 475 913
475 476 1678 2121
476 477
477 478 695 1409
478 479 856 1593
479 480
480 481
481 482 2535
482 483
483 484 2287
484 485
485 486 1843
486 487 2168 1617
487 488 661
488 489 1908
489 490 1344
490 491 1791
491 492
492 493 1989
493 494
494 495
495 496 1351
496 497 709 681
497 498
498 499 1407
499 500 1273
500 501
501 502 578
502 503 1515
503 504 706
504 505
505 506 935 1330
506 507 1841 1039
507 508 2165
508 509 1953
509 510
510 511 1061
511 512
512 513
513 514 1038
514 515
515 516 2318
516 517
517 518 1699
518 519
519 520 2102
520 521 2347 2211
521 522
522 523 2250
523 524
524 525 2102
525 526
526 527
527 528
528 529
529 530
530 531 1759
531 532 1641
532 533 1753
533 534 1686 2062
534 535
535 536 1443
536 537
537 538
538 539 1284 1493 2048
539 540 570
540 541 1663
541 542
542 543
543 544
544 545
545 546
546 547 700
547 548 2569
548 549
549 550 1818 1640
550 551 2379
551 552
552 553
553 554 1294
554 555 825
555 556
556 557
557 558
558 559 1382
559 560
560 561 707
561 562 1190 2279
562 563
563 564 809 1414
564 565
565 566
566 567
567 568
568 569
569 570
570 571
571 572
572 573
573 574 1966
574 575 2457
575 576
576 577 2292
577 578 1866 1960
578 579 634
579 580 1272 1887
580 581 1820 2079
581 582 1863 1218
582 583 1121
583 584
584 585 1182
585 586 1766
586 587 776
587 588
588 589
589 590
590 591
591 592
592 593 995
593 594
594 595 732 1826 2392
595 596 1627
596 597 1950 2396
597 598
598 599
599 600 1816
600 601 2167
601 602 1346 1831 2531
602 603
603 604
604 605
605 606
606 607 1031 1861 2338
607 608
608 609 1943
609 610 2050
610 611 925
611 612
612 613
613 614 2288
614 615 1000
615 616
616 617 1220 2325
617 618
618 619
619 620
620 621 2228
621 622
622 623 2129
623 624 995
624 625
625 626 2552 946
626 627 1144
627 628 746 1005
628 629
629 630 820
630 631
631 632 2209
632 633 1501
633 634 1816 2511
634 635 2009
635 636 2430
636 637 1670 1236
637 638
638 639 2180
639 640 803
640 641
641 642
642 643 1569
643 644 2227
644 645 2346
645 646 1018
646 647
647 648 1243
648 649 2038
649 650 2448
650 651 808
651 652 967
652 653 1973
653 654
654 655
655 656 719 961
656 657
657 658
658 659 2474
659 660
660 661
661 662
662 663 1067
663 664
664 665
665 666 2053
666 667 823
667 668
668 669 1201 860 1310
669 670
670 671 1336
671 672 2083
672 673
673 674 881
674 675 737
675 676
676 677
677 678
678 679 1244 2239
679 680
680 681 1775
681 682
682 683 2542
683 684 2109
684 685 1579
685 686 2025
686 687
687 688 1176 2401
688 689 2528
689 690
690 691 2223
691 692
692 693 2183
693 694 1050
694 695 1227
695 696
696 697 1084
697 698
698 699 1355
699 700 1061
700 701
701 702
702 703
703 704 773
704 705
705 706
706 707 1549
707 708
708 709
709 710
710 711 2472
711 712 1147
712 713
713 714
714 715
715 716 1354
716 717 1325 914 1639
717 718 1284
718 719
719 720 2133 1684
720 721
721 722
722 723 1218
723 724
724 725
725 726 1094 1433
726 727 2017
727 728
728 729
729 730
730 731
731 732
732 733
733 734 2034
734 735 1819
735 736 2169
736 737
737 738 2041 2055
738 739
739 740
740 741 1540 1824
741 742
742 743
743 744 1320
744 745 2051
745 746 1672 1494
746 747 2132 2407
747 748
748 749
749 750
750 751 1729
751 752 1143 2291
752 753 1936
753 754 1194
754 755
755 756 1865
756 757
757 758 1345 2518
758 759 1755
759 760
760 761 1404
761 762 1307
762 763
763 764 1628
764 765
765 766
766 767
767 768 1979
768 769
769 770
770 771
771 772
772 773 1152 932 1158
773 774
774 775 902 2204
775 776 2279 795
776 777
777 778 1138
778 779
779 780 857
780 781 1141
781 782 1596 872
782 783 2276
783 784 1286 2323
784 785
785 786
786 787
787 788 1496
788 789 1706
789 790 1802
790 791 2325
791 792
792 793
793 794
794 795
795 796
796 797 1388
797 798
798 799
799 800 1918
800 801
801 802 1248 2085
802 803
803 804
804 805 2441
805 806
806 807 818
807 808 1571
808 809
809 810
810 811
811 812 1983
812 813
813 814 1600
814 815
815 816
816 817
817 818 1627
818 819 1387
819 820 1089
820 821 1787
821 822
822 823 1853
823 824
824 825 862 918
825 826 2225
826 827 941
827 828
828 829
829 830
830 831
831 832
832 833
833 834
834 835 1095 2566
835 836
836 837
837 838 2131
838 839
839 840 1226
840 841
841 842 1622
842 843
843 844 2495
844 845 1876
845 846
846 847
847 848 1280
848 849 1473
849 850 2329
850 851 1652
851 852 2148
852 853 2494
853 854 1923 2404
854 855 2012
855 856
856 857 1480 1068 2424
857 858 1674 1912
858 859 2476 1949
859 860 877
860 861
861 862
862 863 1584 2375
863 864
864 865
865 866 1261 2517
866 867 1027 1457
867 868 1663
868 869 2491 1633
869 870 2099
870 871
871 872 1685
872 873
873 874
874 875 1648
875 876 1102 2561
876 877 2222
877 878
878 879 1039
879 880 2383
880 881 1956
881 882
882 883 1326
883 884
884 885 2290 1476
885 886 1425 1810 1993
886 887
887 888 2413
888 889
889 890 1461
890 891 2185 1054 1762
891 892
892 893
893 894 1870
894 895 2189
895 896 1096
896 897 932
897 898 1338
898 899 1473
899 900
900 901 1270
901 902
902 903 1098
903 904 2181
904 905
905 906 1391
906 907
907 908
908 909 1747
909 910
910 911
911 912 1070 1700
912 913
913 914
914 915
915 916
916 917
917 918 2035
918 919
919 920
920 921 2017
921 922
922 923 1712
923 924 2330
924 925 1288
925 926
926 927 2188
927 928
928 929 1594
929 930
930 931 1322
931 932
932 933
933 934
934 935
935 936
936 937
937 938 1095
938 939
939 940
940 941 1665
941 942
942 943
943 944 1201
944 945
945 946 1902
946 947 2380
947 948
948 949
949 950 1806 1946 2268 2438
950 951 1032
951 952 2194
952 953 1623
953 954
954 955
955 956 2404 1036
956 957
957 958
958 959 1497 1033
959 960 1349
960 961 1939 2298
961 962
962 963
963 964 2345
964 965 1724
965 966
966 967 1570
967 968
968 969 1412
969 970 1288
970 971 1630
971 972 1576
972 973
973 974 1738
974 975
975 976
976 977 2014 1759
977 978 1427
978 979
979 980
980 981
981 982
982 983
983 984 1287
984 985
985 986
986 987 1905 2462
987 988 1336 1260
988 989
989 990
990 991 1767
991 992
992 993 2452
993 994
994 995
995 996
996 997 1573
997 998
998 999
999 1000
1000 1001
1001 1002
1002 1003
1003 1004 2273
1004 1005 1390
1005 1006
1006 1007
1007 1008
1008 1009
1009 1010
1010 1011
1011 1012
1012 1013 2281
1013 1014
1014 1015
1015 1016 2208 2304
1016 1017 1819 2573
1017 1018
1018 1019
1019 1020 1533
1020 1021
1021 1022 2154
1022 1023
1023 1024
1024 1025
1025 1026
1026 1027
1027 1028
1028 1029
1029 1030
1030 1031 2006 2278
1031 1032 1395 1274
1032 1033
1033 1034
1034 1035
1035 1036 1687
1036 1037 1125
1037 1038 2418 1963
1038 1039
1039 1040
1040 1041 1091
1041 1042 2398
1042 1043
1043 1044
1044 1045
1045 1046
1046 1047
1047 1048
1048 1049 2349 2237
1049 1050
1050 1051 2213
1051 1052
1052 1053
1053 1054 1476 1896
1054 1055
1055 1056
1056 1057 2509
1057 1058
1058 1059 1318
1059 1060 1580
1060 1061
1061 1062 2523
1062 1063 2242 2162
1063 1064
1064 1065
1065 1066
1066 1067 2477 1990
1067 1068 1335
1068 1069
1069 1070 1744
1070 1071
1071 1072 2418
1072 1073 2269
1073 1074
1074 1075 1977
1075 1076 1704
1076 1077 1308 2163
1077 1078 1270
1078 1079
1079 1080
1080 1081
1081 1082 2056
1082 1083
1083 1084
1084 1085 1243
1085 1086 2132
1086 1087
1087 1088
1088 1089 2167 2061
1089 1090
1090 1091
1091 1092 1932
1092 1093
1093 1094
1094 1095
1095 1096
1096 1097
1097 1098
1098 1099 1153
1099 1100 2525
1100 1101
1101 1102
1102 1103
1103 1104
1104 1105
1105 1106 2358
1106 1107
1107 1108
1108 1109 2000
1109 1110
1110 1111 1143 1348
1111 1112 1213 1523
1112 1113
1113 1114 1249 2112
1114 1115 1123
1115 1116 1338
1116 1117
1117 1118 1588 1981
1118 1119 2559
1119 1120
1120 1121
1121 1122
1122 1123
1123 1124 2275
1124 1125
1125 1126
1126 1127
1127 1128 2506
1128 1129 1906
1129 1130
1130 1131
1131 1132 1696 2368
1132 1133
1133 1134
1134 1135 1865 2530
1135 1136
1136 1137 2481
1137 1138 2090
1138 1139
1139 1140
1140 1141
1141 1142
1142 1143 2409 2391
1143 1144
1144 1145
1145 1146
1146 1147 2231
1147 1148
1148 1149 2337
1149 1150
1150 1151 1389
1151 1152
1152 1153
1153 1154
1154 1155 1474
1155 1156
1156 1157 1222 2120
1157 1158
1158 1159 1178
1159 1160
1160 1161
1161 1162 1417
1162 1163
1163 1164
1164 1165
1165 1166 1824 1281
1166 1167
1167 1168
1168 1169
1169 1170
1170 1171
1171 1172
1172 1173
1173 1174
1174 1175 1604
1175 1176 2575
1176 1177
1177 1178 1995 2006 2535
1178 1179
1179 1180 1444 2426
1180 1181
1181 1182 1865 1895 2156
1182 1183 2300
1183 1184
1184 1185
1185 1186 1245 1754
1186 1187
1187 1188
1188 1189 1643
1189 1190
1190 1191
1191 1192 1713 2552
1192 1193
1193 1194 2339
1194 1195
1195 1196
1196 1197
1197 1198
1198 1199 2244
1199 1200 1748
1200 1201
1201 1202
1202 1203
1203 1204
1204 1205
1205 1206 2362
1206 1207 2422
1207 1208
1208 1209 1521
1209 1210
1210 1211 1753
1211 1212 1556 2144
1212 1213 1706
1213 1214 1335 2497
1214 1215
1215 1216
1216 1217 2389
1217 1218 2542
1218 1219
1219 1220
1220 1221 2486
1221 1222 1335
1222 1223
1223 1224
1224 1225 1839
1225 1226
1226 1227
1227 1228
1228 1229
1229 1230
1230 1231
1231 1232 1499
1232 1233
1233 1234
1234 1235 1881
1235 1236
1236 1237
1237 1238 2209
1238 1239 1527
1239 1240
1240 1241 2339 1526
1241 1242 1330
1242 1243 1803
1243 1244 2100
1244 1245 1539
1245 1246
1246 1247
1247 1248
1248 1249 1381
1249 1250
1250 1251
1251 1252
1252 1253
1253 1254 2331
1254 1255 1679 1301
1255 1256
1256 1257 2197
1257 1258
1258 1259
1259 1260 1634
1260 1261 2284
1261 1262
1262 1263 1718
1263 1264 1673
1264 1265
1265 1266 1784 2259
1266 1267
1267 1268
1268 1269
1269 1270
1270 1271 1937
1271 1272 2217 2301
1272 1273 2348
1273 1274 2327
1274 1275
1275 1276
1276 1277
1277 1278
1278 1279 1305
1279 1280
1280 1281
1281 1282
1282 1283
1283 1284 1293 2321
1284 1285
1285 1286 2155
1286 1287
1287 1288
1288 1289
1289 1290 2138 1325
1290 1291 1723 2538
1291 1292 2102 1837
1292 1293 1495
1293 1294
1294 1295 1854
1295 1296
1296 1297
1297 1298
1298 1299
1299 1300
1300 1301
1301 1302
1302 1303 1877
1303 1304 1436
1304 1305
1305 1306
1306 1307 1428
1307 1308
1308 1309
1309 1310
1310 1311
1311 1312
1312 1313
1313 1314
1314 1315 1425 1601 1660
1315 1316
1316 1317
1317 1318
1318 1319
1319 1320 2393
1320 1321
1321 1322 2539
1322 1323 1737
1323 1324 1545 2077 2550
1324 1325
1325 1326 1371
1326 1327 1791
1327 1328 2218 2563
1328 1329 1499
1329 1330
1330 1331
1331 1332 2514 2083
1332 1333 1591
1333 1334 2054
1334 1335
1335 1336
1336 1337 1676
1337 1338
1338 1339 1874
1339 1340
1340 1341 1483
1341 1342 1347 2512
1342 1343 1842
1343 1344
1344 1345
1345 1346
1346 1347
1347 1348
1348 1349
1349 1350
1350 1351
1351 1352
1352 1353 1824
1353 1354
1354 1355
1355 1356
1356 1357
1357 1358
1358 1359
1359 1360
1360 1361
1361 1362
1362 1363
1363 1364 1778
1364 1365 1495
1365 1366
1366 1367 1828 1482
1367 1368
1368 1369
1369 1370 1613
1370 1371 2158
1371 1372
1372 1373
1373 1374
1374 1375 2544
1375 1376
1376 1377 1503
1377 1378 2137
1378 1379 2128
1379 1380
1380 1381 1816
1381 1382
1382 1383
1383 1384 1570
1384 1385 2143
1385 1386 1445
1386 1387 1501
1387 1388
1388 1389 1815 2459
1389 1390 2435
1390 1391 1972
1391 1392
1392 1393
1393 1394 1731
1394 1395
1395 1396 1637
1396 1397
1397 1398 2376
1398 1399 1471
1399 1400
1400 1401 2296
1401 1402
1402 1403
1403 1404
1404 1405
1405 1406
1406 1407
1407 1408
1408 1409
1409 1410
1410 1411
1411 1412 1419
1412 1413 1651 2201
1413 1414 2035
1414 1415
1415 1416 1755 1557
1416 1417 2380
1417 1418 1707
1418 1419 1468 1562
1419 1420
1420 1421 2300
1421 1422 1637
1422 1423
1423 1424
1424 1425
1425 1426
1426 1427
1427 1428 1571
1428 1429
1429 1430 2551
1430 1431
1431 1432
1432 1433 1685
1433 1434 1517
1434 1435
1435 1436 2266
1436 1437
1437 1438
1438 1439
1439 1440
1440 1441 1544
1441 1442
1442 1443
1443 1444
1444 1445 1526 1555
1445 1446
1446 1447
1447 1448 1627
1448 1449 1947
1449 1450 1684
1450 1451
1451 1452
1452 1453
1453 1454
1454 1455 2229
1455 1456
1456 1457
1457 1458
1458 1459
1459 1460 1993
1460 1461
1461 1462
1462 1463 1803
1463 1464 2059
1464 1465
1465 1466 2292
1466 1467
1467 1468 2158
1468 1469
1469 1470
1470 1471
1471 1472
1472 1473
1473 1474
1474 1475
1475 1476
1476 1477
1477 1478
1478 1479 2443
1479 1480
1480 1481
1481 1482 2336 1950
1482 1483 1521
1483 1484
1484 1485 2005
1485 1486
1486 1487
1487 1488
1488 1489 2212
1489 1490
1490 1491 1609
1491 1492
1492 1493
1493 1494 1888
1494 1495
1495 1496 2062
1496 1497
1497 1498
1498 1499 1830
1499 1500
1500 1501
1501 1502
1502 1503
1503 1504
1504 1505 1865 1898
1505 1506 1592
1506 1507
1507 1508 1548
1508 1509
1509 1510
1510 1511
1511 1512
1512 1513
1513 1514
1514 1515
1515 1516
1516 1517
1517 1518
1518 1519
1519 1520
1520 1521
1521 1522
1522 1523
1523 1524 2093
1524 1525
1525 1526
1526 1527
1527 1528 2024
1528 1529 1721
1529 1530 2517
1530 1531
1531 1532
1532 1533 1712
1533 1534
1534 1535
1535 1536 1883
1536 1537
1537 1538
1538 1539 2348
1539 1540 2467
1540 1541
1541 1542 1949
1542 1543
1543 1544 1653
1544 1545
1545 1546
1546 1547
1547 1548 2441
1548 1549 2106
1549 1550
1550 1551 2131 2397
1551 1552
1552 1553
1553 1554 2174
1554 1555 1873
1555 1556
1556 1557
1557 1558
1558 1559 2575
1559 1560
1560 1561
1561 1562 1835
1562 1563
1563 1564 2147
1564 1565
1565 1566 2087
1566 1567 1753
1567 1568 2545
1568 1569 1904
1569 1570
1570 1571 1811
1571 1572
1572 1573
1573 1574
1574 1575
1575 1576
1576 1577
1577 1578 1984
1578 1579 2294
1579 1580
1580 1581 1749
1581 1582
1582 1583
1583 1584 2431
1584 1585 2393
1585 1586 2014
1586 1587 2446
1587 1588 1731
1588 1589 2464
1589 1590 2181 1952
1590 1591
1591 1592
1592 1593 2368 2275
1593 1594
1594 1595 2547
1595 1596
1596 1597
1597 1598
1598 1599
1599 1600 1702
1600 1601
1601 1602
1602 1603
1603 1604
1604 1605
1605 1606
1606 1607
1607 1608
1608 1609
1609 1610
1610 1611 2068
1611 1612 1825
1612 1613
1613 1614 1748
1614 1615
1615 1616 1731
1616 1617
1617 1618 1969
1618 1619
1619 1620
1620 1621
1621 1622 1867
1622 1623 1672
1623 1624
1624 1625
1625 1626
1626 1627 2072
1627 1628
1628 1629
1629 1630
1630 1631
1631 1632
1632 1633
1633 1634
1634 1635
1635 1636
1636 1637
1637 1638
1638 1639 2432
1639 1640
1640 1641
1641 1642
1642 1643
1643 1644
1644 1645
1645 1646
1646 1647
1647 1648
1648 1649
1649 1650
1650 1651
1651 1652
1652 1653
1653 1654 1930
1654 1655
1655 1656
1656 1657
1657 1658
1658 1659
1659 1660 2416
1660 1661
1661 1662 1801
1662 1663
1663 1664
1664 1665
1665 1666
1666 1667
1667 1668 2457
1668 1669
1669 1670 2406
1670 1671
1671 1672
1672 1673
1673 1674
1674 1675
1675 1676
1676 1677 2486
1677 1678 1878
1678 1679
1679 1680
1680 1681
1681 1682 2224
1682 1683
1683 1684
1684 1685
1685 1686
1686 1687
1687 1688
1688 1689
1689 1690 2131
1690 1691
1691 1692 2074
1692 1693
1693 1694
1694 1695
1695 1696
1696 1697
1697 1698 2194
1698 1699
1699 1700 1787
1700 1701
1701 1702
1702 1703 2100
1703 1704 2410
1704 1705
1705 1706 2376
1706 1707
1707 1708 2514
1708 1709 1841
1709 1710
1710 1711
1711 1712
1712 1713
1713 1714
1714 1715 2048
1715 1716
1716 1717 2302
1717 1718 1974
1718 1719
1719 1720 2371
1720 1721
1721 1722
1722 1723
1723 1724
1724 1725
1725 1726
1726 1727
1727 1728
1728 1729 2164
1729 1730 2518
1730 1731 2399
1731 1732
1732 1733
1733 1734
1734 1735
1735 1736
1736 1737
1737 1738
1738 1739
1739 1740 2302
1740 1741
1741 1742 2415
1742 1743 2192
1743 1744 1962
1744 1745
1745 1746
1746 1747 2251
1747 1748
1748 1749
1749 1750 1830
1750 1751
1751 1752
1752 1753 2198
1753 1754
1754 1755
1755 1756
1756 1757
1757 1758
1758 1759 2274
1759 1760
1760 1761
1761 1762
1762 1763
1763 1764
1764 1765 2439
1765 1766
1766 1767
1767 1768
1768 1769
1769 1770
1770 1771
1771 1772 2373
1772 1773
1773 1774
1774 1775
1775 1776
1776 1777
1777 1778 2551
1778 1779 2131
1779 1780
1780 1781
1781 1782
1782 1783
1783 1784 2221
1784 1785 2056
1785 1786
1786 1787
1787 1788
1788 1789
1789 1790
1790 1791
1791 1792 2509
1792 1793
1793 1794
1794 1795 2540
1795 1796
1796 1797
1797 1798
1798 1799 2306
1799 1800 2372
1800 1801
1801 1802
1802 1803
1803 1804
1804 1805
1805 1806
1806 1807
1807 1808
1808 1809
1809 1810
1810 1811
1811 1812
1812 1813
1813 1814 1855
1814 1815
1815 1816
1816 1817 2167 2290 2541
1817 1818 2124 2203
1818 1819
1819 1820
1820 1821 2235
1821 1822
1822 1823
1823 1824 2195
1824 1825
1825 1826
1826 1827
1827 1828
1828 1829
1829 1830
1830 1831
1831 1832
1832 1833
1833 1834
1834 1835
1835 1836 2135 2366
1836 1837
1837 1838
1838 1839
1839 1840
1840 1841
1841 1842 1870
1842 1843
1843 1844
1844 1845
1845 1846 2433
1846 1847
1847 1848
1848 1849
1849 1850
1850 1851
1851 1852 2571
1852 1853 2280 2281
1853 1854
1854 1855
1855 1856
1856 1857
1857 1858
1858 1859
1859 1860
1860 1861
1861 1862
1862 1863
1863 1864 2399
1864 1865
1865 1866 2377
1866 1867
1867 1868
1868 1869
1869 1870
1870 1871
1871 1872
1872 1873 2367 2510
1873 1874 2469
1874 1875
1875 1876
1876 1877
1877 1878
1878 1879
1879 1880
1880 1881
1881 1882
1882 1883
1883 1884
1884 1885
1885 1886 2142
1886 1887
1887 1888
1888 1889
1889 1890
1890 1891 2555 2540
1891 1892
1892 1893
1893 1894
1894 1895
1895 1896
1896 1897
1897 1898 1966 2231
1898 1899
1899 1900
1900 1901
1901 1902
1902 1903
1903 1904
1904 1905
1905 1906
1906 1907
1907 1908
1908 1909
1909 1910
1910 1911 2090
1911 1912
1912 1913
1913 1914
1914 1915
1915 1916
1916 1917
1917 1918 2296
1918 1919
1919 1920
1920 1921
1921 1922 2205
1922 1923 2156
1923 1924
1924 1925 2240
1925 1926
1926 1927
1927 1928
1928 1929
1929 1930
1930 1931
1931 1932 2038
1932 1933
1933 1934
1934 1935 1940
1935 1936
1936 1937
1937 1938 2085
1938 1939
1939 1940
1940 1941
1941 1942
1942 1943
1943 1944
1944 1945
1945 1946
1946 1947
1947 1948
1948 1949
1949 1950
1950 1951
1951 1952
1952 1953
1953 1954
1954 1955
1955 1956
1956 1957
1957 1958
1958 1959
1959 1960
1960 1961
1961 1962 2105
1962 1963
1963 1964
1964 1965
1965 1966 2452
1966 1967
1967 1968
1968 1969
1969 1970
1970 1971 2135
1971 1972 2260
1972 1973 2353
1973 1974
1974 1975
1975 1976
1976 1977
1977 1978 2282
1978 1979
1979 1980
1980 1981 2346
1981 1982
1982 1983 2037 2489
1983 1984 2285
1984 1985
1985 1986
1986 1987
1987 1988
1988 1989
1989 1990
1990 1991
1991 1992
1992 1993 2309 2468
1993 1994
1994 1995
1995 1996
1996 1997
1997 1998
1998 1999 2031
1999 2000
2000 2001
2001 2002 2152
2002 2003
2003 2004
2004 2005 2161
2005 2006
2006 2007
2007 2008 2181
2008 2009 2405
2009 2010 2312
2010 2011
2011 2012
2012 2013
2013 2014 2354
2014 2015
2015 2016
2016 2017
2017 2018
2018 2019
2019 2020
2020 2021
2021 2022
2022 2023
2023 2024 2294 2166
2024 2025 2323
2025 2026
2026 2027
2027 2028
2028 2029 2561
2029 2030
2030 2031
2031 2032 2295
2032 2033
2033 2034
2034 2035
2035 2036
2036 2037
2037 2038
2038 2039
2039 2040
2040 2041
2041 2042
2042 2043
2043 2044 2234
2044 2045
2045 2046
2046 2047
2047 2048
2048 2049
2049 2050
2050 2051
2051 2052
2052 2053
2053 2054
2054 2055
2055 2056
2056 2057
2057 2058
2058 2059 2062
2059 2060
2060 2061
2061 2062
2062 2063
2063 2064
2064 2065
2065 2066
2066 2067 2147
2067 2068 2289
2068 2069
2069 2070
2070 2071
2071 2072
2072 2073
2073 2074
2074 2075
2075 2076
2076 2077
2077 2078
2078 2079
2079 2080
2080 2081
2081 2082
2082 2083
2083 2084
2084 2085
2085 2086
2086 2087
2087 2088
2088 2089
2089 2090 2476
2090 2091
2091 2092
2092 2093
2093 2094
2094 2095
2095 2096
2096 2097 2396
2097 2098
2098 2099 2108
2099 2100
2100 2101
2101 2102 2151 2137
2102 2103
2103 2104
2104 2105 2189
2105 2106
2106 2107
2107 2108
2108 2109
2109 2110
2110 2111
2111 2112
2112 2113
2113 2114 2239
2114 2115
2115 2116
2116 2117
2117 2118
2118 2119
2119 2120
2120 2121
2121 2122
2122 2123
2123 2124 2525
2124 2125
2125 2126
2126 2127
2127 2128
2128 2129
2129 2130
2130 2131
2131 2132
2132 2133
2133 2134
2134 2135
2135 2136 2367
2136 2137 2319
2137 2138
2138 2139
2139 2140
2140 2141
2141 2142
2142 2143 2256
2143 2144 2522
2144 2145
2145 2146 2218
2146 2147
2147 2148
2148 2149
2149 2150
2150 2151
2151 2152 2444
2152 2153
2153 2154
2154 2155
2155 2156
2156 2157
2157 2158
2158 2159
2159 2160
2160 2161
2161 2162
2162 2163
2163 2164
2164 2165
2165 2166
2166 2167
2167 2168
2168 2169
2169 2170
2170 2171 2481
2171 2172
2172 2173
2173 2174
2174 2175
2175 2176
2176 2177
2177 2178
2178 2179
2179 2180 2191
2180 2181
2181 2182
2182 2183 2238
2183 2184
2184 2185
2185 2186
2186 2187
2187 2188
2188 2189 2223
2189 2190
2190 2191
2191 2192
2192 2193 2491
2193 2194
2194 2195
2195 2196
2196 2197
2197 2198 2294
2198 2199
2199 2200
2200 2201
2201 2202
2202 2203
2203 2204
2204 2205
2205 2206
2206 2207
2207 2208
2208 2209
2209 2210 2446
2210 2211 2363 2271
2211 2212
2212 2213
2213 2214
2214 2215
2215 2216 2340
2216 2217 2321
2217 2218
2218 2219
2219 2220
2220 2221
2221 2222
2222 2223
2223 2224
2224 2225
2225 2226
2226 2227
2227 2228
2228 2229
2229 2230 2472
2230 2231
2231 2232
2232 2233
2233 2234
2234 2235
2235 2236
2236 2237
2237 2238
2238 2239
2239 2240
2240 2241 2359
2241 2242
2242 2243
2243 2244
2244 2245
2245 2246
2246 2247
2247 2248 2263
2248 2249 2490
2249 2250
2250 2251
2251 2252
2252 2253
2253 2254
2254 2255
2255 2256
2256 2257
2257 2258
2258 2259
2259 2260
2260 2261
2261 2262
2262 2263
2263 2264
2264 2265
2265 2266
2266 2267
2267 2268
2268 2269
2269 2270
2270 2271
2271 2272
2272 2273
2273 2274 2472
2274 2275
2275 2276
2276 2277
2277 2278
2278 2279
2279 2280
2280 2281
2281 2282
2282 2283
2283 2284
2284 2285
2285 2286
2286 2287 2311
2287 2288
2288 2289
2289 2290
2290 2291
2291 2292
2292 2293
2293 2294
2294 2295
2295 2296 2381
2296 2297
2297 2298
2298 2299
2299 2300
2300 2301 2521
2301 2302 2351
2302 2303
2303 2304
2304 2305
2305 2306
2306 2307
2307 2308
2308 2309
2309 2310
2310 2311
2311 2312
2312 2313
2313 2314
2314 2315
2315 2316
2316 2317 2376 2362 2458
2317 2318
2318 2319
2319 2320
2320 2321
2321 2322
2322 2323
2323 2324
2324 2325
2325 2326
2326 2327
2327 2328
2328 2329
2329 2330
2330 2331
2331 2332
2332 2333
2333 2334
2334 2335 2401
2335 2336
2336 2337 2556
2337 2338
2338 2339
2339 2340
2340 2341
2341 2342
2342 2343
2343 2344
2344 2345
2345 2346
2346 2347
2347 2348
2348 2349
2349 2350
2350 2351
2351 2352
2352 2353
2353 2354
2354 2355
2355 2356
2356 2357
2357 2358
2358 2359
2359 2360
2360 2361
2361 2362
2362 2363
2363 2364 2442
2364 2365
2365 2366
2366 2367
2367 2368
2368 2369
2369 2370
2370 2371
2371 2372
2372 2373
2373 2374
2374 2375
2375 2376
2376 2377
2377 2378
2378 2379
2379 2380
2380 2381
2381 2382
2382 2383
2383 2384
2384 2385
2385 2386
2386 2387 2514
2387 2388
2388 2389 2404
2389 2390
2390 2391
2391 2392
2392 2393
2393 2394
2394 2395
2395 2396
2396 2397
2397 2398
2398 2399
2399 2400
2400 2401
2401 2402
2402 2403
2403 2404 2563
2404 2405
2405 2406
2406 2407
2407 2408
2408 2409
2409 2410
2410 2411
2411 2412
2412 2413
2413 2414
2414 2415
2415 2416
2416 2417
2417 2418
2418 2419
2419 2420
2420 2421
2421 2422
2422 2423
2423 2424
2424 2425
2425 2426
2426 2427
2427 2428
2428 2429
2429 2430
2430 2431
2431 2432
2432 2433 2539
2433 2434
2434 2435
2435 2436
2436 2437
2437 2438
2438 2439
2439 2440
2440 2441
2441 2442
2442 2443
2443 2444
2444 2445
2445 2446
2446 2447
2447 2448
2448 2449
2449 2450
2450 2451
2451 2452
2452 2453
2453 2454
2454 2455
2455 2456
2456 2457
2457 2458
2458 2459
2459 2460
2460 2461 2500
2461 2462
2462 2463
2463 2464
2464 2465
2465 2466
2466 2467
2467 2468
2468 2469
2469 2470
2470 2471
2471 2472
2472 2473
2473 2474
2474 2475
2475 2476
2476 2477
2477 2478
2478 2479
2479 2480
2480 2481
2481 2482
2482 2483
2483 2484
2484 2485
2485 2486
2486 2487
2487 2488
2488 2489
2489 2490
2490 2491
2491 2492
2492 2493
2493 2494
2494 2495
2495 2496
2496 2497
2497 2498
2498 2499
2499 2500
2500 2501
2501 2502
2502 2503
2503 2504
2504 2505
2505 2506
2506 2507
2507 2508
2508 2509
2509 2510
2510 2511
2511 2512
2512 2513
2513 2514
2514 2515
2515 2516
2516 2517
2517 2518
2518 2519
2519 2520
2520 2521
2521 2522
2522 2523
2523 2524
2524 2525
2525 2526
2526 2527
2527 2528
2528 2529
2529 2530
2530 2531
2531 2532
2532 2533
2533 2534
2534 2535
2535 2536
2536 2537
2537 2538
2538 2539
2539 2540
2540 2541
2541 2542
2542 2543
2543 2544
2544 2545
2545 2546
2546 2547
2547 2548
2548 2549
2549 2550
2550 2551
2551 2552
2552 2553
2553 2554
2554 2555 2560
2555 2556
2556 2557
2557 2558
2558 2559
2559 2560
2560 2561
2561 2562
2562 2563
2563 2564
2564 2565
2565 2566
2566 2567
2567 2568
2568 2569
2569 2570
2570 2571
2571 2572
2572 2573
2573 2574
2574 2575
2575 2576
2576
