#/opt/homebrew/Caskroom/miniconda/base/envs/hack25/lib/python3.12/site-packages/ipykernel_launcher.py --f=/Users/jpinney/Library/Jupyter/runtime/kernel-v352576b36ed274793969b57d69d8306c9df606370.json
# GMT Sun Jul 20 12:23:30 2025
# 
0 263 318 1269
1
2 374 1374
3 733 1076 1513
4
5 348
6 141
7 553 692 1317
8 244 323 1051
9 581 968
10 979 1113 1271
11 647 1449
12 500
13 213 589 950
14 1013 1405 1424
15
16 982 1430
17
18
19 293 1045
20
21 355
22 479
23
24 505 921
25 1029 1478
26
27 78 445 496
28 42 111 371
29 1036 1481
30 284 358 705
31 229 1219 1370
32 676 1040 1279
33 1131 1142 1451 1527
34 405 677 810
35 166 415 622 864 879
36 164 844 1215
37 741 1467
38 585 822 1504
39
40 686
41 661
42 1322
43
44 540
45 212
46 120 358 515 699 756 798 1045 1417 1429
47 60 491 611 1205 1391
48 318 321
49 1302
50 1239
51 1182
52 478 1182 1334
53
54
55
56 1306 1529
57 109 624 1144
58 179 411 911
59 744 1097
60 423
61 325
62 91 192 288 640
63 716 1396
64 660 859
65 205
66 681 1052
67 1222
68 246 801
69 129
70 88 518 887 1091
71 331
72
73 1084 1209
74 230 247 781 975 1080 1321
75 266 480 500 1046 1211 1361
76 690 944 1120
77 700 766
78 547 944 1280
79 947 1442
80 354 688 692 873
81 152 168
82 176 429 1017 1372
83 185
84 596
85
86 173 1448
87 1190 1315 1326
88 256 709 1468
89 836 917 1150
90 1163
91 360 421 1518
92
93 520
94 1527
95 147 718 1503
96 316 682
97 206 600 778 1004
98 203 995 1221 1323
99 1053 1114
100 194
101
102 174 218 1309 1366
103 882
104 193
105
106 1401
107 439
108 792
109 796
110 1250
111 1199
112 193 1129
113 516 946
114 517 833 1071
115 534 894 1042 1365 1453
116 267
117 579 1335
118 597 1255
119 617 623
120 822 1177
121 599
122 944 1108
123 246 267
124 1052
125 542
126
127
128 233 1231
129 1429
130 878 1019 1071
131 1100
132 926 986 1087 1120
133 383 1326 1358
134
135
136 521 1449
137 398 649 805 1120
138 979 1149
139 658 722
140 384 920
141 341 1050
142 1220
143
144
145 180 1403
146 959
147 424 811 898
148 514 1402 1417
149 908
150 527
151 791 803 1416
152 734 961 1081
153 283
154 753
155 762 1050 1446
156
157 1088
158
159
160 167 490 1166
161 327 857
162
163 1492 1507
164 515 1190
165 336
166
167 665
168 628 809 880 1278
169
170 715 1082
171 1376
172 186 293 1449 1457 1480
173 781 988
174 698 1211
175 469 1346
176 1111 1278
177
178 352
179 436 1464
180 183 1398
181 443
182 387 496 1035 1381
183
184 1345
185
186 354 1009 1391
187 209 762 1078
188
189 372
190 863 1182
191 714
192 655 1179 1405
193 699 1044 1263
194 577 1180 1450
195 543 980
196 330 1100
197 209 327 344 806
198 563
199
200 630
201 832 873
202 971
203 621 1145
204 655 891
205
206 761 1154 1488
207 1508
208 651 1017
209 413
210 884 917 1214 1480
211
212 413 514 607 1323 1500
213 670 798 905
214 216
215 917 1421 1484
216 611 645 671
217 647
218 1401
219 251 746 934 1022 1084
220
221 426 756 1406
222 854 1308 1528
223 1234
224 327 599 761
225 681 1092
226 566 883 1056
227 642 652 1183
228 463 1411
229 723 1099
230
231 315 1044
232 266 1485
233
234 1459 1482
235 1415
236 785 1203
237 1147 1179
238
239 347 1316
240 251 697
241 544
242 513 574 758 772
243 973 1114 1446
244 560 1121
245 1183
246 439
247 519
248
249
250 626 988 1151
251 1270
252 308 1304
253 1306
254 1379 1459
255 941 1439
256 933
257 880 1414
258 315 1187 1269 1350 1362
259 744 1282 1500
260 626 676
261 263 883 1066
262 465 697 991 1141 1228 1366 1415
263 1466
264
265
266 315 711 964
267 367 434 560 604 1115
268 875 1486
269 614 1332
270 1207
271 1007
272 570
273 333 996
274 807 1227
275 309 592 1450
276 695
277 1181
278 810 958
279 847
280 628 665 895
281 575 582
282 463 689 782
283 641 700 808 1086
284 475
285 806 972 1042 1078 1319
286 496
287 309 682 1263
288 581 614
289 931 1051 1324 1397
290 1350
291
292 362 549 581 780 817
293 979 1163
294
295 991
296
297 440 523 695 848 932
298
299 967
300 844 1105
301 517
302 1320
303 1006 1035
304 738 1081 1451
305 639 1074
306 646 1508
307 960 968 1074 1442 1493
308 887 1152
309 919 979 1361
310 1185 1224
311 778 826
312 476 618 1408
313
314 339 1101 1109 1123
315 986
316 450 667 669 672 753 1276
317 1090 1348 1374
318 953
319 414 1132 1511
320 422
321 368 1158
322 982
323 936 1148 1349 1379
324 895
325 569 1026 1063
326 956 1435
327 958 1476
328 597 1072
329 1283
330 688
331
332 922 1014 1363
333 1481
334 1104 1517
335 1070 1302
336 384
337
338
339 1014
340 659
341 1092 1155
342 362 1343
343
344 701
345 401 536 1520
346
347 362 480
348 1418
349 905 991 1174 1368
350 613 1264 1334
351 967 1026 1128
352
353 493 644 1089 1103
354 1379
355 834 935 1073 1192 1358 1394
356 455 712
357
358 359 1183
359 1211
360 386
361 1425
362 544
363 873 927 1464
364 609 1313 1500
365 961 1380
366 1233 1502
367 590
368 581
369
370 1301
371 665 899
372 869 985
373 1017 1022
374
375 959
376 752 952
377 818 821 1154
378 1414
379 1325
380 705 1324
381 924 934
382 398
383 1055
384 674 1044
385 563
386 1190
387 566 1196 1207
388 879 1076
389
390 626 797 1008 1148 1201
391 1080
392 796
393 841 1069
394 596 798
395 1249
396 1325
397 555
398
399
400
401 667
402 516
403 870 1398 1453
404
405 517 527 1293
406
407 997
408 478 674
409 1485
410 614 950 1109 1410
411 1219
412 741
413 1372
414 1380
415 459 1011
416 1070 1306 1337
417 574
418
419 528 766
420 717 1020
421 1512
422 860
423 595
424
425 1357
426 586 997 1100 1222 1426
427 601 1473
428 934 1238
429
430 469 781
431 870
432 1201 1466
433
434 523 1217 1456
435
436 890 1316
437 461 720 1505
438 1225
439 684 963
440 889 1266 1414
441 712 999
442 708 1062 1368
443 1517
444 1461
445 636 929 988
446 1061
447 586 1041
448
449 584 595 904
450
451 733 1233
452 639 1066
453 1114
454 486 658 802 807 1192
455 1228
456
457 1488
458
459 1100 1334 1406
460 700 755
461
462 878
463 1436
464 691 1391
465 622 1139
466
467
468
469
470 1074
471 797 918
472
473 475 675 689 839 1381
474 674 751 1456
475 874 886 932 993 1038
476 1405
477 685 1420
478 589 1450
479
480 567 634 1151 1272 1446
481
482
483
484
485 1314
486 843
487 585 623 1463
488
489 1320
490 1072 1274 1380
491 810 1115
492 1028
493 663 804 1425
494 722
495 708 1034 1114
496
497 505 839 842
498 784 1267
499 767 979 1478
500 592 1299 1514
501
502 517 665 669 737 812
503 1174
504 1200 1273
505 661 839 1517
506 1287
507 579
508 877
509 852
510 1379
511 1420
512 1378
513 824 1027
514 657
515 1234
516 953 1121 1342
517 756
518
519 779 1112
520 817 1163
521 570 1075
522
523 721 995 1161
524 679 1524
525 915 1488
526 914
527 565 1047 1452
528 848
529
530
531 1254
532 754 1091
533 846 1144
534
535 1432
536
537 732
538 589 756 1232
539 674 779 954 1079 1234
540
541
542
543
544 563
545
546 716 865
547 563
548 1387
549 993
550 1191 1329 1460
551 1272
552 605
553 794 1247
554 942 968 1499
555 857
556
557 906 1017
558 1179 1339
559 758 839 1413
560 614
561 1383 1421
562
563
564 846 863 1040 1136 1425 1460
565
566 1021
567 958 1156 1498
568
569 1163
570
571 820 1176
572
573
574 1490
575 1135
576 589 964
577 604 1140 1259 1503
578 1384
579
580 642
581 618 677 1461
582 730 1343
583 735
584 796 843
585 1438 1459
586 704
587 1205
588 1513
589
590 616
591 1187
592 634 1478
593 1383
594 876
595 635 728 1076
596 792 1193
597 599
598
599 621
600 1147
601 693
602
603 866
604 701 750
605
606 1087 1146 1461
607 767 1366
608 952 1161
609
610 918 1238
611 1365
612
613 961
614
615 990
616 963 1108 1286
617 1307 1418 1470
618 787 1137 1474
619 856 1129
620
621
622 788
623 1466
624 1460
625
626 861 1353
627
628 643
629
630 1019 1246
631 1089
632 1480
633 1310 1467
634 1325
635 1222 1255
636
637 1212
638 1216 1333
639 844
640 648 1458
641 929
642 1511
643 1408 1484
644
645 905 1490
646 800
647 1374
648 661
649 1399
650 884 895 1060 1106 1280
651 868 910
652 1058 1093
653
654 1030
655
656 1053 1244
657 1072 1103
658 792 875 1245
659 710 713
660 967
661
662
663
664 1113
665
666 728 765
667
668 743 1256
669 945 1246
670 1346
671 1470
672 1263
673
674 772 988 1090 1519
675
676 1192
677 1266 1354
678 1413
679
680 729 730
681 867
682
683 806
684
685 1038 1384
686 1006 1435
687 939
688 1524
689
690
691
692 944
693 994 1180
694 905
695 783
696 1110
697
698 1395
699 1234 1434
700
701 1373 1468
702
703 725 1115 1380 1514
704
705
706 912 1202 1311
707
708 835
709
710 884 1157 1301
711
712 957
713 969
714 774 1065
715
716
717 1193
718 800 1091
719
720 745 766
721
722 846
723 1219
724
725 726 1475
726 734 1492
727 1319
728 897 1445
729
730
731
732 764 1420
733 1273 1492
734 1391 1420
735
736 808 1509
737 1374
738 1174
739 988 1280 1448
740
741 947 1161 1245
742 1502
743
744
745 1187
746
747 1368
748 898 1500
749
750
751
752 766 1346
753 1110
754
755 1067 1163
756
757 1370 1433 1438
758
759
760
761
762
763 839 1047
764 1313
765
766
767 930 971 1054 1358 1463
768 1048 1161
769 1123
770 1170 1294
771 863 1006 1340
772 1146 1289
773
774 1169 1174 1207
775
776 1135
777
778 1249 1433
779 985
780
781
782 979 1392
783 874 1170 1514
784 1459
785 871 1096 1379
786 1453
787
788
789
790
791 1091
792 817 932 1407
793 1182
794 814
795
796 1391
797
798
799
800 1057
801 936 1370 1405
802 1214
803 1305 1312
804 1072 1344 1365 1525
805 1119
806 1013 1203
807
808
809 929
810
811 1252
812 1004
813 1310
814
815 1093
816 831
817 1316
818 1380
819 1032 1217
820
821 1040
822 1529
823 1111 1130 1229
824
825
826 1169
827 1093
828 1385
829
830 977
831 1078 1095 1222 1235 1434
832 969
833 945
834 1206
835 1153 1179
836
837
838 878 1409
839 986 1471
840 863
841
842 1264
843 1135 1418
844 889
845
846 1269
847 1389 1391 1485
848
849 1020
850
851 1143
852 1294
853
854 1199 1233
855 866 1037 1100 1175
856
857
858 996 1118
859
860 1468
861
862
863 1161
864 1215 1466
865 1312
866
867 1240
868 1022 1063
869 974
870 1426
871 1176
872
873
874
875 1514
876 924
877 1220 1374
878
879
880 941 1247 1344
881 890 1393
882
883 1166
884 962 1210 1452
885 1093 1306
886 1402
887 1275 1402
888 1018 1508 1511
889 1166 1242
890
891 1235 1299
892
893 1032
894 920 1182
895 1099
896 936
897 1195
898 912
899 1032 1340 1363
900
901 1163 1458
902 1272
903 1229 1450
904 926
905 1244
906 1073
907 997
908
909 1218
910
911 1512
912 1106 1251 1286
913 1089 1262 1388
914 1138 1431
915
916
917 1182
918 948
919 1089 1154 1312
920 952
921 1204
922
923 1489
924
925
926 998
927
928
929 1032 1169
930
931 1104
932
933 1400
934 1324
935 1101
936 1165 1430 1499
937 1307
938
939 1337
940
941
942
943
944 1398
945
946
947
948 1518
949
950 1064 1368
951
952 1240
953
954 1003 1445
955
956 1223
957
958 1159
959 1298 1362 1384
960
961 1121 1481
962
963 1311 1365
964 1040 1499
965
966 1190 1495
967
968
969
970
971
972
973 1512
974
975 1096 1184 1319 1497
976
977 1058 1159 1163 1331 1388
978
979 1277
980 1184 1304
981
982 1196
983
984 1084 1508
985
986
987
988
989 1120
990
991 1105 1235 1364
992
993 1113
994
995
996 1461
997
998
999 1000
1000
1001 1098 1173
1002 1188 1351
1003
1004 1183 1399
1005
1006 1031 1187
1007
1008 1084
1009 1344
1010 1309 1507
1011
1012
1013
1014
1015 1416
1016 1306
1017 1066 1112
1018
1019
1020
1021 1229
1022 1137
1023 1274 1345 1484
1024 1181
1025
1026 1376
1027
1028
1029 1212
1030 1080
1031 1490
1032 1168 1454
1033 1417
1034 1176 1436
1035 1315
1036 1147
1037 1422 1492
1038
1039
1040 1218
1041
1042 1343
1043 1204
1044
1045
1046 1497
1047 1184
1048
1049 1389
1050
1051 1066
1052
1053
1054
1055
1056 1241 1284
1057
1058
1059 1304
1060
1061 1410
1062 1334
1063
1064 1123 1414
1065 1199 1256
1066 1301 1514
1067
1068
1069 1171 1248
1070 1186
1071
1072
1073
1074
1075 1396
1076 1289
1077 1354
1078 1271
1079
1080
1081 1510
1082
1083 1241 1481
1084
1085
1086 1231
1087 1099
1088
1089
1090
1091
1092 1462
1093 1101
1094
1095
1096 1185
1097
1098 1412 1511
1099
1100
1101
1102 1448
1103 1185
1104
1105 1303
1106
1107
1108 1198
1109
1110
1111 1356 1435
1112 1176
1113
1114 1129
1115
1116
1117 1226
1118 1312 1500
1119
1120
1121
1122 1334
1123
1124
1125
1126
1127
1128
1129
1130 1399
1131 1171 1304
1132 1272
1133 1314 1382 1444
1134
1135
1136
1137 1319
1138 1460
1139 1406
1140 1178 1240
1141 1370
1142
1143 1177
1144
1145
1146
1147
1148
1149 1367
1150
1151
1152
1153 1426
1154 1207
1155
1156 1318
1157
1158
1159
1160
1161
1162
1163
1164
1165
1166
1167
1168
1169
1170 1243
1171 1448
1172
1173 1211
1174
1175 1303
1176
1177
1178
1179 1518
1180 1424
1181
1182
1183
1184 1273 1288
1185
1186
1187
1188 1260 1461
1189 1469 1489
1190 1211
1191 1272
1192
1193
1194
1195
1196
1197
1198
1199
1200 1298 1405
1201
1202
1203
1204 1294
1205
1206 1490
1207 1290
1208 1220
1209
1210 1243
1211 1309
1212
1213
1214 1440
1215
1216
1217
1218 1230
1219
1220
1221
1222
1223 1228
1224
1225
1226 1236
1227 1235
1228
1229 1432
1230
1231
1232
1233
1234
1235
1236
1237
1238 1520
1239 1533
1240
1241 1520
1242
1243 1457
1244
1245
1246 1463
1247 1401
1248
1249
1250 1428
1251
1252
1253
1254
1255
1256
1257
1258
1259
1260 1473
1261
1262
1263
1264
1265
1266
1267 1407
1268
1269
1270
1271 1441
1272
1273
1274
1275
1276
1277
1278
1279 1454
1280 1345
1281
1282
1283
1284 1396
1285 1372 1501
1286 1359
1287
1288
1289
1290
1291
1292
1293
1294
1295
1296
1297
1298 1472
1299
1300
1301 1329
1302
1303
1304
1305
1306
1307
1308
1309
1310
1311
1312
1313
1314
1315 1465
1316 1457
1317 1369 1381
1318
1319 1396 1406
1320 1346
1321
1322
1323
1324 1344
1325 1338
1326
1327
1328
1329 1421
1330
1331
1332
1333
1334
1335
1336
1337
1338
1339
1340
1341
1342
1343
1344
1345
1346
1347
1348
1349
1350
1351
1352 1377 1462
1353
1354 1370
1355
1356
1357
1358 1531
1359
1360 1495
1361 1533
1362
1363 1477 1533
1364 1440
1365 1473
1366
1367
1368
1369
1370
1371
1372
1373
1374 1461
1375
1376
1377
1378 1489
1379
1380 1458
1381
1382
1383
1384
1385
1386 1442
1387
1388
1389 1396
1390
1391 1399
1392
1393
1394
1395
1396
1397
1398
1399
1400 1512
1401
1402 1498
1403
1404
1405
1406
1407
1408
1409
1410
1411
1412
1413
1414
1415
1416
1417
1418
1419
1420
1421
1422
1423
1424
1425
1426
1427
1428 1510
1429 1524
1430
1431 1525
1432
1433
1434
1435
1436
1437
1438
1439
1440
1441
1442
1443
1444
1445
1446 1520
1447
1448
1449
1450
1451
1452
1453
1454
1455
1456
1457
1458
1459 1469
1460
1461
1462
1463
1464
1465
1466
1467
1468
1469
1470
1471
1472
1473
1474
1475
1476 1486
1477
1478
1479
1480
1481
1482
1483
1484
1485
1486
1487
1488
1489
1490
1491
1492
1493
1494
1495
1496
1497
1498
1499
1500 1517
1501
1502
1503
1504
1505
1506
1507
1508
1509
1510
1511
1512
1513
1514
1515
1516
1517
1518
1519
1520
1521
1522
1523
1524
1525
1526
1527
1528
1529
1530
1531
1532
1533
