#/opt/homebrew/Caskroom/miniconda/base/envs/hack25/lib/python3.12/site-packages/ipykernel_launcher.py --f=/Users/jpinney/Library/Jupyter/runtime/kernel-v352576b36ed274793969b57d69d8306c9df606370.json
# GMT Sun Jul 20 12:23:30 2025
# 
0 219 323 332 481 813 1151 1290 1321
1 135 226 270 364 505 958 1151 1172 1201
2 11 357 565 663 735 740 957 981 1058 1132 1343
3 377 500 538 767 948
4 277 303 452 464 544 553 849 1094 1131 1150 1208
5 722 778 805 833 839 844 1301
6 25 48 81 153 219 551 573 656 782 1264 1325
7 78 105 786 1179 1297
8 116 321 361 606 645 758 774 929 1166 1215
9 284 366 395 529 572 688 690 790 791 962 1006 1102 1110 1157 1251
10 43 109 253 371 395 408 548 841 918 955 1213 1230
11 35 113 681 873 962 1018 1175 1263
12 29 164 253 312 393 712 805 977 1222 1240 1265
13 292 345 487 585 594 622 711 905 916 1194
14 60 71 268 650 898 997 1090 1146
15 32 50 89 140 413 616 744 851 1157
16 17 127 130 218 469 516 534 645 734 861 906 1236 1310
17 143 149 252 253 463 577 938 1008
18 160 319 323 349 388 550 575 620 644 689 990
19 121 207 403 554 630 711 1084 1228
20 94 121 306 330 461 646 698 716 771 823 875 916 942 968 1014 1249 1345
21 79 109 300 476 668 669 858 910 972 1126 1303
22 84 156 423 430 571 595 1023 1344
23 470 486 545 706 834 851 853 864 1047 1092 1154 1173 1201 1296
24 136 520 551 931 1004 1180 1295
25 41 166 494 570 573 810 842 1064 1104 1331
26 208 482 580 652 891 1005 1083
27 267 330 534 696 751 1021 1063 1116 1162 1186 1290
28 108 164 416 475 817 987 1010 1299
29 168 285 471 484 599 894 920 1088 1229
30 653 687 944 971 1027 1295
31 263 338 473 504 684 872 1042 1072 1074
32 145 195 620 658 665 756 831 916
33 38 235 323 534 791 1115 1227 1326 1339
34 111 177 235 397 445 1028 1283
35 125 626 707 852 913 1313
36 49 105 154 423 480 688 699 774 1005 1129 1230
37 50 85 220 228 311 514 718 1161 1266
38 107 584 795 807 838 1049 1062 1220
39 469 719 720 815 950 958
40 123 196 234 421 645 796 1092
41 64 75 143 181 227 468 546 557 584 734 747 784 812 864 873 874 972 1189 1280
42 425 526 782 866 910 1004 1267
43 121 190 194 243 256 521 566 1031 1180 1318 1328 1335
44 82 90 184 220 481 529 944 993 1115 1306
45 598 675 950 972 1225
46 486 540 546 599 770 858 1016
47 328 337 456 540 799 824 834 897 898 918 979 1070 1073 1123 1156
48 98 151 429 464 547 599 730 773 1124 1204
49 222 424 488 697 849 906 931 942 1107 1175
50 115 187 284 417 512 869 1083
51 136 144 145 181 192 196 215 251 654 772 1091 1144 1218 1238
52 112 136 148 159 162 370 478 564 586 657 682
53 221 227 330 405 580 631 769 783 926 1028 1078 1149 1259
54 249 273 275 681 758 851
55 129 230 293 593 948 1142 1160
56 88 332 377 592 736 1331
57 117 324 684 757 797 964 1121
58 67 275 446 512 627 826 861 876 1170
59 252 406 566 609 715
60 210 391 397 447 543 758 1027 1076 1161 1215 1275
61 133 232 233 389 503 529 548 813 892 1321
62 85 263 291 292 711 846 875 911 988 1232 1336
63 96 186 530 586 628 706 933 938 995 1146 1290 1319 1325
64 156 270 302 556 608 678 786 818 895 1166 1202 1291
65 216 482 574 667 958 964 1001 1261 1314 1337
66 76 169 255 337 495 500 848
67 297 638 1067
68 388 549 821 860 1031
69 98 143 332 398 601 683
70 87 343 768 787 1057 1101 1294
71 100 245 399 588 704 762 969 1322
72 260 357 701 783 1163 1229
73 187 582 621 647 767 940 1004
74 88 138 193 417 674 781 831 975 1306
75 84 245 486 559 615 626 900 1174 1188 1245 1323
76 79 161 357 485 490 513 577 580 786 1009 1312
77 100 150 406 603 670 728 773 994 1000 1053 1253 1311
78 144 388 418 442 549 684 1078 1111 1214 1274
79 279 402 593 723 1156 1226 1324
80 158 163 324 467 654 771 1236 1278 1330
81 392 970 1002 1075
82 308 596 628 708 806 983 1000 1005 1046 1224 1229
83 101 123 178 469 605 646 757 987 1066 1138
84 164 178 212 245 311 588 675 720 742 911 919 1196 1288
85 157 175 184 232 296 660 800 1238 1291 1333
86 128 177 193 225 243 268 795 1030 1048 1129
87 233 244 529 652 661 799 856 1004 1177 1238
88 168 439 503 527 593 677 874 975 1141
89 94 114 140 180 238 243 717 880 996 1078 1149 1178 1299 1338
90 210 332 662 820 825 899 923
91 174 588 769 831 847 1227
92 307 322 400 434 529 532 540 690 703 748 863 883 1083 1110 1163 1200 1232
93 258 269 395 640 783 840
94 599 654 656 698 699 874 934 1004 1041 1093 1255 1338
95 264 467 661 865
96 125 256 336 406 838 903 1010 1136 1138 1178 1291
97 98 106 292 318 469 734 753 811 846 860 1112
98 131 216 578 602 614 753 777 827 933 1172 1234
99 279 363 481 758 807 848 945 1121 1127
100 377 1193 1266 1297
101 203 568 764 791 871 888 889 1080 1164 1206 1298
102 320 332 1161 1227
103 307 633 880 1019 1072 1165 1331
104 187 200 249 348 359 672 834 1149 1233 1265
105 118 208 429 509 542 573 664 871 1017 1178 1217 1308 1334
106 217 643 794 822 1256
107 200 231 422 500 647 702 890
108 512 835 1294 1345
109 197 230 528 820 937
110 1004 1157 1246
111 404 621 627 702 802 807 810 983 1037 1144 1302
112 178 517 1032 1241 1268 1340
113 301 352 590 617 981
114 248 349 391 416 637 831 1174 1189 1271
115 268 497 543 696 808 835 870 908 1023 1030 1090 1148 1236 1349
116 150 349 460 681 862 1091 1183 1198 1337
117 283 287 490 619 635 644 686 693 815 865 959 1200 1234 1268 1314
118 165 232 465 568 608 616 822 1302
119 386 504 553 764 803 885 1000 1055 1167 1307 1311
120 126 149 407 509 674 730 798 863 888 919 942 970 1268 1287
121 316 332 336 462 592 638 662 833 867 935 1045 1238 1288 1340
122 609 691 780 1180 1210 1342
123 228 487 595 740 780 893 1152 1191 1261
124 266 387 1187 1188
125 989 1048 1146 1221
126 704 853 882 1001 1339
127 147 374 436 687 804 847 1097 1104 1172 1186 1288
128 164 218 225 226 340 557 575 776 848 891 974 1049 1232
129 192 254 264 432 509 640 878 1039 1218
130 698 718 875 947 1196 1296
131 135 279 324 330 421 573 593 1281
132 223 368 747 1018
133 359 395 495 530 660 670 805 1252
134 141 417 433 665 746 890 927 992 1013 1115 1266
135 562 689 887 915 1271 1342
136 146 523 969 1275 1345
137 224 385 495 609 783 826 873 894 1017 1059 1104 1234 1346
138 144 424 502 511 587 780 994 1132
139 368 428 932 957 1230
140 185 459 568 814 854 907 1085
141 165 271 361 370 595 748 862 1098
142 228 521 720 842 958 1069
143 174 431 581 700 962 965 1052 1228 1322
144 224 276 296 360 392 435 601 809 895 952 980 1062
145 222 453 477 725 788 881 885 1153 1347
146 185 276 358 391 434 626 674 686 845 952 1025 1031 1136 1182
147 613 814 986 1138
148 186 229 289 370 500 578 584 619 752 806 864 889 943 980 1177 1263 1328
149 244 336 364 509 721 795 828 883 1241
150 235 416 417 671 842 897 1193
151 490 697 784 852 1116 1216
152 247 312 391 392 536 1013
153 218 330 663 714 902 920 993 1055 1235 1301 1314 1337
154 192 229 330 356 476 652 998 1184 1217
155 249 254 407 790 1206 1274
156 398 530 734 914 1134 1278
157 325 415 955 957 972 1000 1205 1307
158 354 459 524 604 752 1248 1274 1296 1348
159 181 431 598 707 714 743 842 980 1028 1099 1148
160 252 304 670 755 761 870 881 938 980 1086 1296
161 249 291 333 509 551 765 772 925 1056 1228
162 192 467 587 665 711 920 946 1202 1241
163 190 377 460 568 897 967 975 1041 1271 1301
164 269 277 461 661 715 911 913 949 1249 1304 1315
165 413 436 442 610 765 873 1201 1339
166 277 368 593 876 915 921 978 1017 1184 1210 1332
167 352 625 921 946 1054 1147 1191 1257 1326
168 559 1065 1090 1104 1177 1211 1220 1263
169 182 326 327 329 513 518 649 1006 1121 1168 1270
170 361 425 427 791 839 884 940 996 1169 1228 1273
171 364 419 594 911 1062 1117 1197 1219 1271
172 173 589 728 863 895 1291
173 293 495 515 520 555 623 737 776 834 852 930 1009 1130 1252
174 262 612 705 723 912 1012 1023 1163 1346
175 186 327 951 993
176 286 302 340 374 476 550 754 781 809 918 938
177 181 342 365 380 559 585 874 937 1037
178 230 316 653 823 868
179 430 703 917 990 1158
180 240 250 378 418 472 523 891 964 1000 1008
181 300 414 900 941 1117 1238
182 890 1070 1080 1084 1277
183 251 281 339 407 776 1051 1262
184 479 536 545 1008 1283
185 330 381 571 695 764 826 832 1316
186 311 359 387 530 672 745 803 1270 1312
187 259 283 501 587 802 1307
188 348 629 833 877 887 914 1052 1120 1237
189 463 681 858
190 226 227 273 332 1201 1222
191 303 406 416 755 757 808 864 894 949 1206
192 582 761 907 975 1074 1100 1158 1216 1244 1295 1303
193 202 309 510 757 839 899 946 1121
194 272 373 630 668 694 1087 1136 1171 1213
195 379 402 786 822 999 1158
196 337 346 492 524 711 761 953 1100
197 266 398 584 658 1235 1239 1248 1304
198 225 459 462 765 1050 1205
199 258 355 652 719 776 1069
200 328 383 587 590 607 691 802 993 1033 1310
201 217 586 676
202 298 358 421 473 483 521 553 793 1152
203 209 217 359 445 526 529 800 841 995 1008 1062 1079 1258
204 304 314 425 464 584 667 841 997
205 333 381 651 821 928 1022 1115 1127 1205 1308
206 358 454 553 657 1087 1146 1309
207 215 262 283 304 448 745 864 897 919 1005 1125
208 224 304 363 398 463 554 943 1110
209 216 227 286 659 1036
210 314 499 502 508 574 589 731 768 815 816 917 952 1124 1127 1284 1321
211 374 411 481 670 710 815 847 850 870 1003 1033
212 417 430 434 513 601 734 812 896 921 1072 1258 1301
213 405 495 579 602 667 890 946 1080 1200 1273 1333
214 283 311 314 483 592 781 800 1054 1200 1319
215 353 962 1077 1113 1121 1253 1316
216 359 413 1089
217 547 821 1099 1217 1253 1268 1304 1308
218 221 378 512 877 908 947 1003 1008 1193
219 557 581 655 1187 1246 1250
220 502 522 562 569 710 844 931 1048
221 262 434 537 577 712 759 947 1085 1229
222 376 1115 1125
223 399 556 1290
224 765 779 819 1203 1337
225 258 421 425 905 1159 1213 1221
226 319 328 374 816 851 871 975 981 1017 1059 1181
227 420 562 758 880
228 234 251 395 667 824 860 1019 1042 1243 1268 1341
229 283 310 338 361 597 822 1060 1089 1159 1202
230 245 736 751 1025 1096 1226 1280
231 650 744 757 835 847 1004 1074 1166 1203
232 278 491 635 717 969 1025 1337
233 306 388 659 1253 1322
234 259 289 354 528 611 693 714 871 996 1150
235 385 482 530 606 608 673 681 739 814 891 932 1004 1032 1060 1183 1200 1329
236 385 691 934 1113 1341 1345
237 511 521 894 1105 1256
238 425 786 790
239 250 257 785 982 1121 1274
240 377 459 655 718 841 899 934 938 1155 1169 1299 1317 1319
241 247 260 587 716 986 1225
242 315 336 358 370 402 429 761 1003 1122 1155
243 268 270 356 560 665 773 1008 1045 1150 1199
244 479 498 533 905 925 1082 1166
245 356 519 682 702 867 1052
246 310 369 395 608 649 775 785 837 915 1103 1292
247 1013 1090 1252 1326
248 483 494 584 831 946 990 1063 1116 1130 1179
249 411 635 666 714 757 844 870 989 1006 1059 1060 1145 1162 1226 1268 1298
250 435 500 938 958 962 1131
251 258 261 300 442 1145 1159
252 265 275 887 1009 1020 1249
253 411 465 742 829 1045
254 389 400 673 739 928 1191 1250
255 704 834 1295
256 336 338 889 917 1057 1137
257 282 290 371 555 804 1020 1230
258 270 323 570 594 687 931 1198 1269 1283
259 304 352 776 1057 1103 1106
260 436 585 723 868 1140 1262 1272
261 440 624 1037 1239 1242 1262
262 358 360 662 834 860 894 951 1018 1049 1193 1232 1331 1348
263 274 285 385 441 481 885 1184 1220 1322
264 334 1104 1156 1292
265 337 439 628 727 1251
266 493 837 913 962 996 1298 1339 1343
267 517 574 632 638 690 757 815 846 931 1004 1157 1215 1299
268 393 564 587 789 854 958 977 1070 1229 1270 1279
269 558 604 680 692 775 990 1059 1339
270 535 617 809 868 912 1247 1278 1328
271 883 932 1170 1236 1260
272 603 638 708 719 768 889 1204 1280
273 297 367 374 649 666 775 812 1194 1296
274 433 546 691 727 881 1048 1179 1286 1309
275 283 494 499 542 763 814 837 851 933 968 1082 1095 1225 1325
276 329 597 618 623 871 928 1292
277 301 583 840 1013 1094 1123 1158
278 593 612 1176 1273 1347 1349
279 333 710 712 720 750 817 834 1221
280 346 525 649 682 747 807 1062 1114 1253 1305
281 322 736 811 1042 1070 1293
282 502 524 767 845 916 936 964 968
283 470 543 611 715 854
284 383 389 394 1180 1282
285 386 509 635 763 821 905 964 1032 1170 1182
286 313 692 1120
287 288 347 363 1055 1098 1130
288 596 638 697 742 1018 1293
289 406 736 797 1093 1180 1217 1253
290 458 513 516 924 1004 1020 1220
291 459 468 768 876 1048 1231 1239 1240
292 349 559 623 738 1015 1079 1123 1328 1347
293 297 306 498 548 729 877 1033 1075 1126 1159 1183 1298
294 318 577 1147 1261
295 363 685 757 813 834 868 986 991 1025 1059 1155 1202 1297
296 754 829 959 1076 1324
297 677 693 1056 1166 1275
298 313 421 544 638 701 930 1140 1268
299 310 861 1124 1154 1196 1224
300 430 487 542 552 571 694 714 816 1251 1270 1282
301 354 683 747 1002 1086
302 330 554 587 711 754 863 874
303 349 674 685 966 1059 1143 1156
304 805 813 984 993 1115
305 502 622 861
306 670 858 973 1013
307 514 731 834
308 448 607 1219 1241
309 399 692 883 1033 1182 1295
310 343 675 781 893 984 1037 1324
311 352 680 1013 1030 1303 1313
312 687 711 765 887 1050 1077 1135 1277 1287
313 320 362 381 741 787 1283 1343
314 527 543 583 849 869 936 1137 1141 1277 1284
315 331 406 680 722 746 784 821 1200 1203 1212
316 423 458 646 795 1127 1251 1257 1339
317 350 456 962 1025 1230 1269 1299
318 330 415 564 810 1251 1346
319 482 595 704 857 991 1240
320 378 468 622 669 986 1115 1159 1208 1212
321 372 486 605 653 828 897
322 341 407 844 1187 1193
323 328 429 477 547 588 781 1043 1128 1279
324 684 832 927 1103 1318
325 383 638 790 848 1196 1282 1288
326 353 430 579 649 1194 1265 1287 1296
327 363 513 712 783 1250 1330 1333
328 423 554 723 752 813 847 1017
329 369 473 545 596 605 614 663 996 1195
330 346 376 673 825 859 1131 1157 1162 1188 1248
331 439 453 614 655 677 717 749 1099 1138 1342
332 597 759 859 964 1020 1221 1233 1348
333 396 424 518 558 704 707 867 913 1029 1113 1226
334 567 711 934 1038 1111 1129 1174 1227
335 353 473 550 570 655 676 683 733 740 758 775 866 944 1114 1115
336 371 402 750 810 969
337 473 562 654 719 904 1034 1246
338 867 913 1184 1312
339 532 600 642 810 957 958 1003 1111 1195 1349
340 451 649 671 1020 1174
341 459 621 689 773 964 985 1004 1325
342 384 413 459 461 674 711 758 765 886 945 1032 1094 1291
343 371 509 628 904 1125 1267 1270 1347
344 410 728 849 1314
345 542 673 902 1247 1344
346 498 739 757 835 902 1025 1134
347 374 623 667 678 858 1035 1136 1235 1253
348 938 1067
349 393 426 724 738 775 825 853 892 1342
350 546 658 1035 1113 1116 1179 1282 1294
351 426 500 623 721 754 786 915 1087 1125
352 407 456 541 713 792 965 1000 1109 1174 1203 1301
353 360 688 843
354 766 1029 1098
355 365 589 734 821 984 1133
356 365 380 399 413 625 856 1181 1219 1349
357 652 944 987 1009
358 485 511 643 694 741 849 949 1102 1154 1161 1226
359 394 780 788 1099 1142 1193 1244
360 399 629 689 916 933 977 1325
361 442 1087 1267 1305 1307
362 414 483 723 763 850 1074 1183
363 400 413 526 918 924 1099 1167
364 369 636 1047 1080 1271
365 606 872 938 944 1002 1067
366 413 415 467 663 667 857 881 968 1069 1076 1344
367 648 688 778 864 915 944 1089 1111 1132 1203 1223 1318
368 387 438 490 510 770 846 878 954 1245
369 464 469 865 992 1160 1184
370 782 964 966 1048 1080 1263 1301
371 374 482 806 872 893 910 1016 1031 1032 1092 1239
372 495 701 735 771 1058
373 600 721 735 821 964 1098 1114 1129 1278
374 379 409 568 789 855 871 874 918 1038 1170 1230 1250
375 408 486 834 848 872 934 969 1021 1066
376 516 613 808 954 997 1209 1298 1330
377 560 621 758 919 1128 1173
378 496 576 829 895 1264 1325
379 396 402 507 597 669 738 742 798 823 1037 1049 1154 1166 1305
380 403 596 778 1159 1164
381 385 392 455 601 764 793 1054
382 500 630 1343
383 437 469 566 685 1002
384 419 643 728 764 787 833 907 1119 1326
385 403 622 639 687 888 979 997
386 409 681 701 806 840 1132
387 402 443 641 884 966 1034 1056 1064 1110 1209
388 439 526 569 620 654 874 955 1040 1151
389 619 969 981 1073 1138 1163 1204 1221 1230 1262 1348
390 408 421 558 617 626 760 1082 1159
391 424 450 677 802 831
392 453 457 693 698 748 776 784 797 961 986 1202 1246
393 596 607 639 785 840 880 1012 1096 1240
394 542 574
395 439 472 500 674 676 721 812 1088 1203
396 403 462 475 808 821 863 874 976
397 568 622 818 829 1201
398 445 454 456 477 686 1164
399 446 580 1319
400 453 629 849 937 1105 1174 1271 1323
401 510 552 594 756 959 1276 1343
402 432
403 683 699 884 1023 1284
404 428 589 619 678 954 1006 1025 1279 1333
405 557 697 761 763
406 417 442 565 570 640 850 972 1021 1297 1314
407 680 826 1064 1155 1157 1252
408 576 593 690 965 1255
409 552 707 725 804 926 1017 1040 1051 1221 1272
410 500 548 667 951 1090
411 541 957
412 446 463 622 972 1052 1116
413 421 596 710 892 1131 1152 1228
414 427 650 653 1035
415 805 1202
416 472 674 960 1034 1101 1163 1246 1294 1335
417 462 559 722 916 960 965 1021 1183 1320 1336 1341
418 483 985 1125 1141 1143 1197 1251
419 535 543 545 646 767 904 991 1177 1203
420 642 1240
421 641 832 924 1021 1285
422 663 835 1126 1258
423 564 756 758 828 853 870 1216
424 671 764 777 918 927 1061 1170 1171 1258
425 577 692 694 754 936 979
426 484 695 716 725 1132 1253
427 442 472 481 569 693 869 1021 1171 1189 1217 1254 1324
428 694 896 972 1069 1349
429 475 484 611 748 855 1078 1174 1259
430 494 553 559 828 863 924 1023 1080
431 469 570 647 763 811 984 1185
432 877 1250
433 509 535 552 817 834 906 1159
434 648 721 731 837 897 988 1013 1117 1162 1195 1256
435 577 615 676 942 1026 1057
436 876 963 995 1070 1232 1284
437 447 516 579 812 914 1131 1273 1280
438 643 738 1194
439 505 604 756 825 970 1129 1182 1227 1260
440 474 492 535 770 810 847 1189
441 477 520 707 1296
442 483 492 517 1160 1178 1214 1327
443 453 804 1015 1239 1261
444 744 1139 1248 1305
445 622 679 759 831 1126
446 503 748 749 903 1142 1279
447 480 563 850
448 521 588 736 766 817 893 1019 1031 1254
449 473 951 1044
450 487 856 967 982 1283 1297 1313
451 562 577 866 1009 1041 1110 1249 1307 1312 1331
452 570 624 797 1019 1262 1272
453 492 837 882 883 1040 1106 1138 1257
454 483 565 772 893
455 805 1067 1095 1141 1167
456 482 672 937 991 1012 1039 1054 1279 1335
457 597 770 821 1202 1328
458 472 527 858 892 1004 1138 1177 1264
459 486 624 666 722 891 1086
460 818 1328
461 520 552 964 1018 1259
462 514 530 544 630 907 952 982 1075 1163
463 577 841 847 874 1136 1321 1332
464 585 709 744 1258 1289
465 468 494 694 995 1076 1129
466 611 761 779 987 990 1127
467 650 897 1188
468 604 692 771 1096 1138 1159 1210 1331
469 497 686 747 783 858 928 1103
470 721 808 1074 1308
471 493 1213
472 537 610 703 897 1095
473 482 545 636 680 1181 1271
474 734 803 936 1020 1098 1131 1195 1259
475 583 888 931 974 1013 1039 1233
476 580 654 757 818 1072 1115 1240 1316
477 956 1031
478 561 601 638 680 811 920 925 1093 1142 1150 1154 1159 1286
479 495 508 674 703 721 925 978 1042 1117 1136 1139
480 573 597 848 924
481 485 580 688 721 954 1041 1107 1160 1253
482 486 504 555 592 871
483 553 618 902 1074 1170
484 531 1079 1091 1231 1253
485 1119 1180 1341 1348
486 682 692
487 648 884 1009 1121 1228
488 504 647 860 1007 1047 1168 1175 1209 1334
489 599 906 1162 1183 1210
490 661 662 722 757 766 818 1097 1193 1306 1316
491 572 701 745 847
492 614 639 970 1103 1216 1255 1340
493 764 989 1154 1303
494 509 1032 1097 1102 1137 1167 1228
495 689 703 812 850 869 953 1289
496 668 681 769 931 1248
497 634 701 825 985 1018 1160 1327 1342
498 521 686 761 898 941 1044 1201
499 668 702 953 1002 1046 1094 1199 1227 1294 1327
500 721 1218 1263
501 621 700 703 749 772 831 844 900 1050 1183 1212
502 521 539 929 1047 1221 1239
503 629 632
504 505 535 891 913 994 1054 1234 1265
505 534 559 578 865 981 1056 1085 1237
506 615 656 719 782 852 964 1280
507 690 785 1016
508 631 731 1002 1041 1240 1321
509 710 757 881 1052 1126
510 600 637 760 846 1044 1131 1156 1212
511 747 876 980 995 1062
512 797 958 1229
513 591 787 963 990 1093
514 653 683 724 1174 1229
515 571 686 688 838 902 975
516 570 714 845 990 1277
517 881 1132 1309
518 563 623 817 1213 1276
519 680 1190 1320
520 755 900 1043 1106
521 696 773 880 884 1022
522 553 892 899 1033 1093 1112 1145 1293 1309 1321
523 527 622 1141
524 900 1049 1081 1091 1174 1332
525 623 900 1038 1215 1243
526 617 651 694 772 1022 1059 1297
527 539 668 1035 1136 1262 1268
528 714 915 977 998 1022 1132 1176 1193 1251 1306
529 694 711 859 1050 1143 1253
530 532 779 895 957 1067 1336
531 706 900 936 1100 1322
532 563 774 1089 1174 1233 1242 1264
533 716 769 859 1108 1162 1182 1202
534 726 815 826 857 883 1037
535 630 876 1007 1109
536 844 940 1220 1297
537 560 682 785 954 1028 1032 1303 1304 1330
538 566 592 646 963 1111 1332
539 1044 1114 1140
540 560 652 687 799 902 957 1162 1185
541 761 849 974 1111 1131 1234 1245
542 603 634 657 726 948 956 971 1107 1123 1257 1259 1326
543 610 742 846 945 1065 1079 1198
544 662 709 1011 1237 1342
545 785 903 907 1030 1120 1255 1260
546 579 699 926 1325 1346
547 615 664 757 772 888 1218 1241
548 573 624 763 766 933 1025 1127
549 553 616 672 915 1179
550 599 717 735 752 918 920 927 964 1020 1036 1114 1137 1171 1262
551 650 659 760 1222
552 766 818 894 932 965 1158
553 723 865 914 1064 1125 1129 1190
554 685 687 809 810 937 1017 1066 1091 1144
555 918 1266 1298
556 651 833 914 1146 1321
557 715 732 811 979 1266
558 692 926 993 1132 1184
559
560 644 883 1174 1188 1285
561 594 861 867 1069 1259 1266 1269 1275 1332
562 1009 1172
563 625 877 926 1006 1225
564 767 798 824 1155
565 570 606 619 651 661 790 960 1013 1115 1340
566 932 1222 1232 1320
567 614 742 1014 1184 1196
568 880 913 1128 1262 1322
569 799 877 1028 1046 1133 1167 1210 1249
570 928 1027 1040 1149
571 1019 1328
572 762 1104 1209 1279 1335
573 586 615 674 683 728 799 827 920 973 1052 1269 1311 1344
574 1046 1062 1326 1346
575 1044 1076
576 610 733 808 841 895 914 949 1112 1135
577 1154 1201 1335
578 666 719 897 932 955 997 1047 1093 1177 1236
579 713 747 785 859 954 964 1136
580 800
581 659 734 899 1063 1118 1277
582 650 748 859 1061 1099 1118 1201
583 904 1254
584 685 692 771 1110 1134 1177
585 726 770 801 844 1319
586 722 759 781 867 1025 1126 1319
587 867 1164 1217
588 733 948 1083 1238 1293
589 601 1063 1169 1202
590 690 804 1042 1098 1175 1304 1335
591 725 893 901 1027 1160 1338
592 993 1074 1206 1346
593 910 1116 1325
594 744 761 885 938 984 1223
595 607 637 1275
596 1034 1136 1199 1250
597 708 864 873 954
598 1094 1290
599 733 1028 1256
600 726 753 900 968 971 1150 1192 1298 1345
601 763 881 950 995 1150
602 895 931 1048 1106 1194 1298 1340
603 804 828 948 1096 1175 1185 1301
604 626 766 975 992 1059 1151 1206
605 655 880 982 1039
606 697 885 1125 1157 1188
607 805 878 1033 1087 1233 1287
608 622 780 903 1057 1142
609 791 799 936
610 672 882 1007 1050 1088
611 879 967 1123 1275
612 725 1047
613 625 644 760 777 1106 1116
614 672 787 807 920 999 1027 1132 1135
615 633 645 769 903 1048
616 673 727 1006 1030 1140 1232 1319
617 763 847 1086 1124 1231 1252 1341 1346
618 963 1103 1306 1334
619 630 753 854 884 1001 1019
620
621 975 1190 1247 1337
622
623 1102 1176 1278 1335
624 794 842
625 647 672 1127 1331
626 747 844 853 939 999 1069 1122 1287 1346
627 808 1004 1039
628 668 731 840 1019 1043 1186 1266 1345
629 884 889 976 1076 1337
630 695 696 702 1094 1106 1138 1233 1238
631 643 724 797 850 998 1020 1155 1186 1255 1297
632 748 1113 1255 1263
633 802 862 976 1047 1050 1073 1288
634 662 738 766 1015 1059 1076 1100 1131
635 677 1273 1308 1312
636 640 845 937 1017 1044 1126 1208 1214 1228
637 890 1044 1181
638 643 863 1067 1215
639 688 891 914 948 1162 1264 1330 1348
640 658 830 1014 1106 1108 1215 1323
641 981 985 1005 1021 1046
642 795 835 917 1108 1253
643 836 903 1161
644 959 1287
645 731 856 1071
646 652 708 711 911 994
647 861 920 1080 1103 1343
648 717 761 780
649 668 671 921 928 1157 1276 1313
650 810 942 1020 1224 1282
651 685 911 1060
652 1157 1299
653 832 901 1021 1125 1321
654 799 882 1161 1251
655 685 734 744 780 791 1092 1099
656 740 1112 1220 1235
657 1022 1258
658 757 1164 1239 1316
659 693 996 1260 1348
660 736 846 869 955 983 1228 1307
661 1113
662 691 952 1025 1138 1162 1204
663 1281 1295 1313
664 1192 1198
665 693 735 756 859 973 1142 1286
666 719 782 899 904 1205
667 818 856 893 935 1097 1156 1162 1224 1284
668 761 833 876 1074
669 877 1044 1134
670 921 1043
671 943 1134 1297 1335
672 813 947 1053 1271
673 871 886 898 1141 1216
674 730 853 1006 1150 1157
675 678 785 866 970 997 1336 1342
676 717 736 1007 1213 1279
677 1127 1256 1300
678 900 913 1024 1071 1092 1113 1122 1275
679 1071
680 725 963 1124
681 1001 1006 1007 1160
682 915 1080 1212
683 687 818 947 985 1122 1206
684 852 882 1025
685 907 910 994
686 864 881 908 1060
687 747 816 863 1090 1219 1282
688 846 1024
689 816 818 944 957 1032 1093 1244 1337
690 968 1253 1288
691 714 762 778 960 1195 1323
692 711 742 876 1172
693 1193 1213 1250
694 731 786 1030 1168 1236
695 838 888 1246
696 1219
697 842 897 1059 1083
698 844 1080 1102 1113 1226 1272
699 843 919 1028 1030 1263
700 908 1081 1089
701 915 1329 1330 1338
702 906 1018 1171 1327
703 707 863 1010 1173 1258 1324
704 778 884 969 1133 1178 1194 1318
705 824 869 1150 1224
706 766 994 1195
707 802 888 896 995 1140 1301
708 823 1122 1308
709 742 752 865 889 935 1028
710 766 820 887 1043 1065 1103 1177 1206
711 724 804 859 901 971 1310
712 814 1097 1135
713 1151
714 962
715 744 779 983 1283
716 1061
717 918 995 1052
718 1002 1010
719 862 920 1165
720 892 969 984 1025 1194
721 730 776 1223 1226 1299 1349
722 833 1019 1313
723 726 762 775 1034 1256
724 804 834 861 936 996 1116 1349
725 774 988 1200
726 876 1212
727 863 1053 1123 1148
728 908 985
729 757 827 854 1139 1204 1207
730 870 1140 1162 1202 1326
731 749 812 827 925 1221 1229 1291
732 853 1029 1220 1321
733 945 1255
734 926 932 1223
735 905 913 932 1045
736 784 829 988 1097 1161 1183 1236
737 773 928 953 967 1010 1163 1278 1347
738 793 1059 1087 1093 1141 1319
739 961 1041 1132
740 802 952 1259 1278 1289
741 806 1204 1236
742 743 892 947 1210 1293
743 869 952 998 1172
744 854 980 1076 1291
745 784 857 917 1127 1149 1258
746 890 1000 1094 1313
747 930 1093 1112 1192 1205 1329
748 859 896 997 1061 1091 1106 1274
749 783 1279 1322
750 1349
751 921 1186 1225 1338
752 803 888 932 1021 1023 1054 1084 1138 1149
753 842 1009 1218 1230 1330
754 767 829 882 941 1195 1217 1251 1276 1281
755 923 1117 1147 1271 1276
756 768 879 1132 1144 1259 1312
757 773 805 1012 1091 1149 1170 1178
758 773 784 830 999 1259
759 849
760 777 829 904 983 1010 1138 1273 1330
761 845 855 872 875 1075 1310
762 810 865 955 1124 1235 1279 1290
763 915 936 1172 1282
764 933 1056 1310
765 816 819 865 990 1183 1197 1315 1347
766 798 999 1043 1101
767 919 960 972 1038 1246 1298 1331
768 917 1106
769 834 1001 1031 1279
770 1038 1185 1190
771 796 970
772 958 1050 1261
773 817 1001 1239
774 1142 1187 1309
775 801 984 1062 1067 1108 1128
776 882 912 939 1009 1049 1121 1159 1171 1227
777 1050 1062 1200 1224 1292 1297
778 797 821 823 864 1198 1269 1339
779 870 939 1057 1216 1343
780 1010 1231
781 833 877 901 1154 1161 1211
782 836 918 1001 1023 1172 1321 1326
783 903 977 1028 1167 1194
784 835 986 1192 1225 1272 1335
785 1017 1045 1179 1183 1287
786
787
788 949 1214
789 875 930 1061 1194 1245
790 857 1165 1294 1303 1340
791 833 909 983
792 818 1119
793 1187 1342
794 853 1113
795 1020 1043 1348
796
797 890 911 1050 1284 1294
798 896 1206 1289
799 886 916 1095 1233
800 974 1038 1067 1116 1173 1198
801 848 1057 1094 1234
802 818 1193 1310
803 1193 1247 1261
804 1025 1100 1139
805 863 949
806 1091 1150 1263 1322
807 864 1188
808 1030 1043 1076 1110 1182 1336
809 875 1028 1079
810 815 836 854 986 1147 1260
811 880 1049
812 894 1332
813 852 1132 1210 1212
814 929 1089 1092 1341
815 855 1166 1265
816 892 993 1108 1149 1156 1233
817 923 1131
818 887 1187
819 1124 1213 1269
820 829 859 1044 1155 1202
821 895 1158 1191 1277
822 1114 1271
823 892 969 1021 1148 1188
824 1081 1093 1178
825 914 1055 1189
826 1078 1121 1131
827 940 963 1043 1070
828 1031
829 849 946 1009 1021 1085 1164 1170 1258
830 932 1099 1102 1248
831 891 923 1128
832 926 1034
833
834 949 1090 1173 1246
835 866 1056 1256 1269
836 958 1338
837 929 1098 1192 1337
838 1031 1096 1277
839 891 914 956 1111 1200 1343
840 1059 1091 1297
841 1227 1333
842 912 1046 1276
843 926 1046 1048 1057 1267 1298
844 862
845 915 1055 1088 1152
846 909 963 1067 1092 1184 1230 1278
847 890 1211 1275
848 1194
849 1059
850 1261 1294
851 866
852 872 1110 1145 1194 1246 1345
853 1186 1287
854 869 1318
855 1227 1284
856 1065 1079 1142 1318
857 874 995 1291 1305
858 900 1035 1199 1247 1298 1336
859 1088
860 1151 1156 1244
861 927 1008 1025 1049 1121 1191
862 1015 1025 1235
863 883 1154
864
865 943 992 1088
866
867 1140 1225
868 1157
869 895 898 1286
870 1019 1032 1083 1132
871 875 1004 1242 1303 1304
872 923 1104 1151 1214 1229
873 907 1000 1044 1055 1227 1246
874 917 928 1198 1205 1348
875 1015 1052 1239
876 1161
877 914 1198 1228
878 913 1151 1153 1215
879 983 1042
880 1143 1206
881 1003 1039 1073 1170 1315
882 912 978 1147 1267
883 893 1078 1258 1333 1340
884 1111 1172 1329
885 936 973 1324
886 898 925 989 1128 1193
887 1261
888 971 1032 1341
889 951 1057 1059 1308
890 979 1102 1251 1313
891
892 940 944 1001 1125 1347
893 984 1174 1220 1281
894 997 1091 1114 1132 1215 1242
895 1124 1165 1330
896 945 1051 1121
897 1292
898 1129 1302
899 909 943 1037 1222
900 1042 1166 1232 1249 1316
901 950 999 1267
902 912 1026 1280
903 1296
904 1286 1303 1310
905 1115 1189
906 934 968 1208 1290
907 917 1041
908 942 994 1128
909 946 1023 1192 1239 1245 1283
910 1101 1104 1340
911 935 984 1042 1346
912 947 1070 1075 1177 1274 1287
913 989
914 950 971 1260
915 1032 1092 1182
916 917 1023 1117 1125 1135 1222 1315
917 957 1007 1128 1262
918 1036
919 933 997 1169 1337
920 1172 1215 1239
921 942 950 1196 1245
922 1125
923 1077 1165 1249 1268 1323
924 943 1032 1070 1123
925 998 1069 1103 1133 1276 1317
926 963 1005 1088 1128 1159 1315
927 1044 1099 1213
928 981 1068 1080 1152 1271 1273
929 960
930 1020 1168 1182 1344
931 973 1117 1189 1202 1328
932 1162 1182 1215
933 980 1121 1170
934 978 1042 1072 1325
935 951
936 942 1082 1220
937 969 1139 1329
938 1114 1309
939 997 1141
940 954 1118 1329
941 995 1084 1286 1334
942 1007
943 1257
944 947 1063 1160
945 1092 1313
946 1060
947 950 963 1129 1195
948 1092 1190 1239
949 1049
950 1248 1264
951 1224 1260 1335
952
953 1139 1269
954 1038 1065
955 986 1007 1075 1236
956 1027 1182
957 1182 1270
958 1043 1071 1295
959 1349
960 1035 1244
961 1258
962 1051 1294
963
964 1144 1295 1317
965 1020 1087 1151 1285
966 1252 1344
967
968 1035 1176 1285
969 1032 1136 1245
970 1037 1257 1312 1348
971 996 1066 1079 1325
972 1000 1153 1156 1224 1253
973 984 1222
974 1006 1065 1346
975 1043 1125 1169 1209 1253
976 993 1154 1216
977 1005 1118 1154
978 1207 1234 1315
979 991 998
980 1229
981 1206 1315
982 1252
983 1098 1166 1185 1190 1207 1209 1216 1306 1333
984 1150 1226 1248
985 1018 1109 1268
986 1143 1207 1247
987 1008 1023 1169
988 1012 1055 1169 1180 1248
989 1283
990 1026 1083 1131 1154 1340 1345
991 1074 1085 1087 1097 1202
992 1232
993 1074 1103
994 1107 1127 1283
995 1215 1244
996 997
997 1129
998 1168 1238 1334
999 1238 1344
1000 1135 1308 1333
1001 1044 1278
1002 1222 1224
1003 1064
1004 1157
1005 1191 1192
1006 1154 1229
1007 1058
1008 1133 1270 1330
1009 1189 1315
1010
1011 1182
1012 1166 1301
1013 1052 1232 1347
1014 1058 1112 1167 1308
1015 1046 1072 1193 1199
1016 1082 1174
1017 1073 1085 1107 1174 1185 1317
1018 1136 1143 1178
1019
1020 1040 1329
1021 1063
1022 1125 1166
1023 1049 1322 1337
1024 1034 1057 1089
1025 1097 1150 1153 1225 1317
1026 1217 1325 1340
1027 1148 1164 1241
1028 1042 1209 1327
1029 1077 1231 1256 1282
1030 1098 1259
1031 1133 1167 1246
1032 1043 1081 1141
1033 1044 1056 1066 1198
1034 1155 1175 1211 1219 1235 1283
1035 1145 1231
1036
1037 1323
1038
1039 1063 1076
1040 1069 1172 1241 1290
1041 1047 1177
1042 1297 1347
1043 1086 1155
1044 1061 1289 1311
1045 1128 1219
1046 1245
1047 1106
1048 1254 1263
1049 1145 1181 1218 1306
1050 1143
1051 1099 1282 1299 1309
1052 1175 1268 1273 1308
1053 1056 1272
1054
1055 1069
1056 1075 1178
1057 1313
1058 1150 1249 1328
1059 1134 1185 1238 1260
1060 1176 1222 1230 1291 1325
1061 1144
1062 1092 1183 1295
1063 1219
1064
1065
1066 1078 1126
1067 1151
1068 1274 1295
1069 1113
1070 1176 1252
1071 1222 1243
1072 1151 1152 1275 1319
1073 1218
1074
1075 1335
1076 1137 1140 1203
1077
1078 1139
1079 1122 1147 1174 1190
1080 1110 1158 1272
1081 1240 1342
1082 1184 1266
1083 1176 1265
1084 1131 1158 1168 1186
1085
1086 1313
1087 1113 1203 1281 1332
1088 1106 1230 1238 1245 1308
1089 1252 1307
1090 1223
1091 1211 1236 1258
1092
1093 1278 1340
1094 1146 1306
1095 1238 1292
1096
1097 1205
1098 1162 1306
1099 1106 1123 1228 1277 1321
1100 1134 1343
1101
1102
1103 1329 1335
1104 1147
1105
1106 1343
1107 1183 1268 1299 1335
1108 1320
1109 1210
1110 1203
1111 1288
1112 1218 1247
1113
1114 1161 1207 1270
1115 1190 1316
1116 1194 1198 1282 1316
1117 1125
1118 1241 1270 1342
1119 1261
1120 1184 1194
1121
1122
1123 1250 1298 1328
1124 1167 1274
1125 1162 1251 1264 1285
1126
1127
1128
1129
1130 1160 1222
1131
1132 1203
1133 1183 1185 1209 1311
1134 1154
1135 1166
1136
1137
1138 1173 1217
1139 1337
1140 1152 1154 1241
1141 1156 1231 1321
1142 1317
1143 1173 1244 1294
1144
1145 1343
1146 1263
1147
1148 1153 1191 1236 1308
1149
1150 1167
1151 1268
1152
1153
1154
1155 1283
1156 1275
1157 1218 1234
1158 1206 1207
1159 1258 1285
1160 1183 1262
1161 1294 1332
1162 1169 1229
1163 1296
1164 1285 1333
1165 1290 1315
1166 1291
1167 1188
1168
1169 1347
1170 1235 1256 1294 1348
1171
1172 1331
1173 1333
1174
1175
1176 1284
1177 1227 1228 1232
1178 1214
1179
1180
1181 1196
1182 1231
1183
1184
1185 1339
1186 1269
1187 1249
1188
1189 1193
1190 1216
1191
1192
1193
1194
1195 1220
1196 1278
1197 1322
1198 1222 1307
1199 1296
1200
1201 1258 1317
1202 1206 1275
1203 1230
1204
1205 1226
1206 1293
1207
1208 1216
1209 1232 1270
1210
1211
1212 1277 1332
1213 1226
1214
1215 1242 1324
1216
1217 1235 1244 1342
1218
1219 1335
1220
1221 1257
1222 1278
1223
1224
1225 1229
1226
1227 1254
1228
1229 1342
1230
1231
1232
1233 1316 1322 1342
1234 1235 1263
1235
1236 1271
1237 1318
1238
1239
1240
1241
1242 1247
1243
1244 1341
1245
1246
1247
1248
1249 1266
1250 1343
1251 1345
1252 1270
1253
1254
1255 1276
1256 1331
1257 1306
1258 1294 1317
1259 1288
1260 1295
1261
1262
1263
1264
1265
1266 1270 1306 1345
1267
1268 1275 1299
1269 1320 1327
1270 1288
1271
1272 1288
1273 1285
1274
1275 1304 1320
1276
1277
1278
1279 1318
1280 1282 1304
1281
1282
1283
1284
1285
1286
1287 1313
1288
1289 1298 1345
1290
1291
1292
1293 1308 1317
1294
1295 1313
1296 1337
1297
1298
1299
1300
1301 1336
1302
1303
1304
1305
1306
1307
1308 1332
1309
1310 1324
1311
1312 1328
1313
1314
1315
1316
1317
1318
1319 1329
1320
1321
1322
1323
1324
1325
1326
1327 1331
1328
1329
1330
1331 1338
1332
1333
1334
1335
1336
1337
1338
1339 1346
1340
1341
1342
1343
1344
1345
1346
1347
1348
1349
