#/opt/homebrew/Caskroom/miniconda/base/envs/hack25/lib/python3.12/site-packages/ipykernel_launcher.py --f=/Users/jpinney/Library/Jupyter/runtime/kernel-v352576b36ed274793969b57d69d8306c9df606370.json
# GMT Sun Jul 20 12:23:28 2025
# 
0 522 526 562 903 960 1414
1 273 341 448 780 1528
2 424 841 1111 1311 1546
3 176 434 463 683 802 956 1367 1512
4 109 246 820 973 982 1419
5 240 510 587 851 912 968 1469
6 40 148 346 728 1123 1201 1529 1584
7 36 89 226 524 758 772 1226 1295 1302 1449
8 114 149 561 873 921
9 188 232 555 1082 1276 1352
10 167 847 943 1096 1618
11 106 261 568 960 1093 1574
12 255 541 811 922 1126 1436
13 691 697 785 850 1070 1131 1330 1528
14 88 300 414 436 450 571 988 989
15 216 328 609 832 886 1091 1559
16 392 710 1369 1421
17 168 327 339 1003 1137 1553
18 169 743 1030 1151 1361 1456 1507 1631
19 184 463 718 1004 1422 1614
20 461 462 586
21 155 232 574 673 928 1273 1322 1378 1537
22 26 42 265 489 610 624 1601
23 33 192 697 850 854 920
24 32 38 159 242 785 1228 1363 1514
25 178 290 457 535 646 718 943 1292 1365 1441
26 217 1260 1606
27 335 603 623 653 1462
28 532 1010 1537
29 99 121 443 1236 1242 1246 1354 1500
30 349 357 768
31 277 416 779 780 820 1622
32 212 224 257 353 568 613 839 1270 1308 1322 1507
33 606 829 1016 1452
34 474 676 682 684 704 935 1041
35 480 942 1502
36 516 847 1033 1159 1294 1513
37 270 498 1060
38 116 140 181 565 716 938 958 1084 1165 1207 1264 1330
39 559 591 695
40 117 294 833 983 1340
41 118 986 1642
42 259 333 370 1462 1489
43 256 304 602 714 739 743 1052 1117 1169 1237
44 453 520 540 556 559 975 1138 1216 1219 1244 1538 1574
45 400 666 1093 1360
46 585 717 773 1170 1282 1572
47 695 876 920
48 180 477 575 1159 1493 1620
49 282 298 489 518 836 889 956 1427 1588
50 230 456 710 960 1286
51 663 674 730 941
52 336 634 1407 1439
53 349 523 622 1190 1648
54 109 383 1172
55 120 161 244 518 1481
56 69 481 537 804 873 1311 1463 1520
57 166 537 549 1028 1049 1057 1275
58 103 227 756 776 1225 1236 1645
59 348 437 554
60 171 180 728 802 869 1111 1180 1297
61 348 385 596 846 1540 1647
62 689 695 915 1318 1608
63 207 407 672 1098
64 181 1125
65 81 158 646 671 845 854 932 1345
66 877 1094
67 148 1098 1431
68 301 711 743 919 936 1030 1194 1209 1510 1533
69 635 736 1236
70 588 626 695 1442 1543
71 95 457 789 902 1131 1410 1431
72 96 461 1040 1225 1521 1628
73 396 717 1649
74 617 675 773 936 1444 1600
75 224 437 1199
76 185 310 742 935 1112 1158 1210 1383 1412 1447 1471
77 431 739 1644
78 277 665
79 81 674 1082
80 307 542 791 813
81 105 786 1221 1229
82 659 789 943
83 470 904 1456
84 438 505 637 1150 1447 1513
85 205 427 709 1275 1316 1598
86 301 492 1058
87 134 467 748 790 882
88 232 269 616 665 1320
89 149 280 648
90 335 388 506 682 852 1342 1563
91 99 809 964 1177 1481
92 301 681 842 1099 1499 1632
93 382 859 1331 1508
94 408 455 694 1399
95 167 225 448 618 1622
96 318
97 108 116 505 633 663 907
98 249 415 561 1041 1131 1331 1353
99 302 327 644 893 1178 1265 1534
100 428 506 765 840 1254 1288 1422 1473
101 269 442 1154 1360 1496 1499
102 136 210 216 327 357 365 480 1121 1325 1328 1420 1478
103 972 1518 1558
104 220 507 990 1371
105 547 668 1230 1238 1426 1476 1615
106 497 611 642 741 793 1008 1106 1470 1597
107 227 827 1003 1035 1144 1301 1313
108 261 374 641 920 1501
109 1217 1334 1453
110 741 821 1188
111 183 337 725 1211 1213 1607
112 560 635 691 1141 1182 1645 1651
113 275 1013 1050 1142 1278 1528 1611
114 166 488 747 818 903 936 1106 1535
115 449 540 625 673 797 812 953 978 1208 1221 1347 1487
116 188 898 1469 1473
117 454 839 903 1080 1109 1536 1578
118 156 1262 1519 1570 1588 1637
119 275 352 1623
120 279 295 561 947 1286 1418 1582 1630
121 176 749
122 234 241 311 1010 1480
123 241 326 335 906 1040 1163 1318 1581 1612
124 218 244 1279
125 232 743 922 1446 1629
126
127 957 1064 1324
128 174 280 898 1244 1439 1532 1628
129 814 946 1405
130 940 1613
131 189 681 1126 1335 1379
132 1384 1483
133 436 612 865 885 1134 1163 1554
134 413 962 1055 1066 1593
135 421 431 704 884 890 957 1365 1580 1642
136 190 235 848 943 1096 1448 1473
137 404 551 632 822 1130
138 377 975
139 196 281 704 941 1501
140 314 1267 1355 1601
141 142 183 542 1013 1034 1309 1550 1575
142 641 809
143 624 966 1141 1227 1620
144 212
145 358 567 686 1066 1233 1491
146 417 515 869 1004 1020 1290 1322
147 234 336 708 773 976 1158 1546 1620
148 298 299 960 1321 1492
149 254 381 558 779 1190 1503 1591
150 153 166 336 389 893
151 200 212 394 578 888 1141 1382 1414
152 911 920 1311 1399
153 181 242 694 1485
154 802 856 899 1601
155 475 762 1008 1266 1442
156 194 207 438 515 790 809 832 1031 1125 1154 1188 1458
157 508 668 694 697 1225 1273 1359 1619
158 500
159 354 689 790 1560
160 201 290 916 1348
161 544 790 1102 1300 1373 1518
162 206 596 994 1299 1325 1649
163 985 1598
164 285 428 519 856 1511
165 314 350 1000 1003 1085 1156 1287
166 172 465 776 1018 1139 1158 1376 1552
167 354 740 974 1368 1430
168 433 727 900 1006 1170 1565 1638
169 486 1392
170 305 758
171 510 655 947
172 429 580 1162 1197 1498
173 294 522 627 811 848 906
174 1006 1053 1241 1348 1452
175 426 761 1231
176 233 304 451 454 541 664 758 1394
177 576 1156 1507
178 189 334 458 461 583 667 1018 1247
179 317 755 965 1297 1562
180 471 629 1152 1231 1318
181 275 301 1434 1628
182 185 189 306 388 778 823 1004 1386 1610
183 462 509 1024 1602
184 319 484 772 905 1042 1060 1206 1419
185 627 924 1038 1525
186 734 1459 1510 1566
187 431 540 785 979 1308
188 260 330 413 477 480 637 791 1273 1372 1462 1558
189 437 564 844 1153 1305 1311 1615
190 361 1136 1350 1592
191 615 856 1128 1151 1261
192 338 1508 1516 1536 1551 1575
193 277 411 517 557 1322 1449 1469
194 980 1253 1456 1473 1542
195 272 608 646 749 1161 1509
196 212 1205 1273 1299 1311 1476
197 243 589 713 925 1109 1587 1615
198 426 534 944 1240 1326
199 281 534 778 925 1104 1194 1386
200 244 637 966 1257 1585
201 758 1038 1488
202 529
203 305 521 763 1305
204 378 469 561 1070 1600
205 447 622 838 950 986 1427 1614 1626
206 622 1272 1364 1641
207 882 919 1034 1206 1296
208 614 651 1124 1282 1511 1515
209 1210
210 501 551 559 1047 1102 1363 1528
211 351 458 612 639 1091 1135 1479
212 1017 1028 1455 1489
213 267 528 594 752 774 1237 1266 1361
214 465 1179 1565 1584
215 342 367 601 972 1341 1588
216 412 450 514 599 693 887 1585 1613
217 940 949 1111 1321 1437
218 309 419 707 1343 1554
219 364 491 890
220 269 360 642 827 1132 1236 1399 1413 1523 1634
221 475 584 719 898 1430 1606
222 410 1317 1419 1529 1624
223 239 866 1024 1186
224 476 572 943 953 1025 1319
225 584 652 835 919 1026 1403 1417
226 267 311 317 456 571 601 686 826 833 993 1508 1614
227 248 274 381 1065
228 229 287 380 507 1002 1118 1651
229 240 1116 1216 1242 1270 1473 1645
230 469 591 868 1160 1646
231 601
232 494 1105 1238 1242 1268 1293 1561
233 652 1310
234 597 631
235 252 282 772 780
236 371 376 691 1494 1608
237 321 376
238 293 430 606 628 756 1386
239 299 390 644 767 1127 1318 1650
240 538 772
241 317 608 612 792 946 1043 1167 1321 1394
242 595 820 1063 1073 1396
243 250 709 739 1120 1236 1237
244 382 436 1223 1319 1330
245 641 1022 1212 1269 1352 1397 1641
246 648 815 1351 1371
247 870 1176 1467
248 326 511 516 528 961 986 1099 1127 1290 1592
249 1142
250 306
251 795 968 1280 1339 1417 1551
252 452 968 1172
253 948
254 1197 1294
255 832
256 418 652 967 1218
257 809 1345 1590
258 282 940 1327
259 484 657 673 706 727 908 1003 1494 1524
260 301 437 591 718 865 1237 1313
261 451 509 799 803
262 281 299 926 1073 1251 1519
263 349 519 702 833 884 1163 1349 1487 1512
264 291 818 1039 1513
265 543 607 638 664 931 1045
266 446 724 1154 1197 1594
267 491 617
268 706 907 1035 1202 1307 1320 1505 1604
269 355 619 940 961
270 857 1146 1647
271 344 1024 1052
272 280 523 707 778
273 595 760 1111 1269 1587
274 486 1247
275 716 1158 1392
276 815 1063 1304 1541
277 538 604 848 1269 1303
278 307 685 954 1105 1492
279 811 1107 1224 1549
280 331 955
281 744 749 848
282 468 699 947 1489 1578 1590
283 704 763 963 1497
284 1050 1227 1304 1349 1472
285 563 790 976 1078 1232 1297
286 394 492 826 981 1299 1324
287
288 546 567 1098 1314 1398 1510
289 610 833 893 937 1535 1539 1579 1615
290 508 782 873 949 1196 1293 1622
291 400 411 977 1131 1209 1494
292 316 378 390 976 1563 1613 1634
293 1199
294 326 536 555 583 1339
295 1380
296 845 905 1290 1459
297 314 319 449
298 484 749 1399
299 525 679 1122 1388 1499 1544 1563
300 444 498 637 770 999 1202 1232
301 444 798 1046
302 786 1148 1493
303 729 860 1118 1341 1366 1508 1591
304 394 697 1074 1247 1630
305 309 461 651 779 1021 1163 1180 1368
306 406 641 765 831 1589 1599
307 561 695 942
308 581 847 1064 1224 1439
309 507 525 556 636 807 888 1155 1651
310 655 673 1083
311 898 1162 1170 1389 1452
312 385
313 430 975 1111 1114 1300 1385 1423
314 394 702 1129 1388
315 458 487 558 973 1574
316 578 861 1226
317 774
318 521 527 574 828 842 1095 1392
319 359 364 509 563 910 988 1064 1396
320 848 1365 1369 1388 1451 1492 1519
321 619 907 1133 1154 1279
322 1123 1530
323 454 686 1108 1171 1196 1313 1492 1511
324 395 493 523 534 663 1125 1414 1522
325 816 964 986 1360
326 586 889 1058 1139 1176 1640
327 622 714 776 925 1124 1242 1518
328
329 411 625
330 401 672 979 1144 1547
331 397 424 601 833 925 1103 1169 1257 1319 1609
332 353 518 662 1544
333 421 970 1125 1505 1622
334 489 736
335 704 715 1098 1487
336 393 475 634 639 723 1352
337 478 1144 1388 1462
338 483 768 963 1127 1428
339 638 1254
340 899 1225 1382 1404
341 423 463 929 1050 1582
342 503 530 669 1390 1398 1528
343 769 1113 1167 1257 1259 1261 1424 1518
344 747 896 1219 1234 1373 1470 1476
345 478 695 1106 1363 1365 1429 1506
346 863 1536 1604
347 440 1187 1466 1555 1622
348 955 984 1313 1609
349 484 1206
350 685 1394 1400
351 749 789 1439 1469 1552
352 931 1166 1407 1408 1532
353 1090 1427 1616
354 1363
355 670 1018 1098 1166
356 575 578 1237 1367 1591
357 409 697 699 1156 1350
358 1390 1559
359 573 636 855 1004 1085 1530
360 409 1617 1648
361 661 985 1097 1526
362 819 917 957 1284 1446 1631
363 555 722 788 1240 1315 1354 1381 1579 1623
364 731 841 1388 1561
365 1059
366 413 494 1070 1108
367 664 821 1063 1184 1477
368 563 866 959 1129 1156 1172 1415 1443
369 545 747 764 989 1043 1266
370 435 602 657 663 745 821 988
371 531 536 563 615 1045
372 1011 1420
373 548 888 930 1174 1400 1629
374 729 776 954 1027 1348 1447 1583
375 382 1200 1216 1245 1413 1527
376 669 752
377 1178 1343 1359 1454 1532
378 1435
379 566 1269 1529 1542 1633
380 463 1210
381 399 828 1254 1306 1391 1593 1620
382 416 589 593 692 776 933 1004 1086 1321
383 600 637 744 1419
384 597 710 1559
385 410 856 1150 1201
386 407 543 597 646 1325 1491
387 446 1161 1376
388 472 851 885 1589
389 529 645 1484
390 427 643 823 976 1249 1407 1460
391 465 588 1496 1599
392 608 739 827 854 1335 1364 1538 1552
393 466 626 753 832 839
394 785 845 849 1419 1438 1645 1650
395 455 709 1001 1417 1557
396 424 869 1147 1400
397 952 1520
398 485 537 693 1017 1165 1287 1295
399 439 1065 1252 1359
400 517 1527
401 493 647 914 986 1007 1055 1351 1445 1450 1505
402 976 1232 1304
403 1031 1217
404
405 469 1368 1540 1627
406 1023 1382
407 768 785 863 954 1577
408 576 752 1137 1214 1283
409 432 557 778 1010 1058 1228
410 637 1064 1159 1280 1420 1485 1502 1626
411 943 1191 1347 1445 1457 1588 1621
412 485 554 1097 1257 1524 1613
413 1191 1243
414 1128 1146 1298 1409 1553
415 423 821 1201 1213 1285 1431 1543
416 544 781 854 1114 1581 1640
417 640 963 1561
418 783 1305
419 551 776 1593
420 641 1414
421 424 702 1155 1292
422 987 1100 1496
423 590 838 1514
424 437 691 829 1153 1192 1459
425 510 1452 1629
426 444 580 1153 1279 1420
427 649
428 445 601 605 612 797 968 1219 1402 1410
429 1146 1531
430 1003 1046 1158 1341
431 952 1595
432 496 1181
433 891 1507 1520
434 1387 1416
435 597 1033 1130 1216 1638
436 554 692 841 1004 1312 1388 1603
437 912 1557 1605
438 439 455 746
439 1053 1093 1632
440 1081 1242 1425 1556
441 710 751 832 855 1135 1136 1249 1623
442 863
443 665 814 1093
444 726 835 1053 1535
445 557 573 597 656 753 842 923 1374
446 1012 1216 1230
447 713 891 1606
448 575
449 1130 1187 1345
450 539 585 615 709 808 860 923 1000 1127 1213 1242
451 489 671 1412 1456 1601
452 490 596 606 1009 1065 1332 1585
453 712 764 987 1033 1218
454 561 621 1182 1365 1406 1440 1523 1556
455 647 737 993 1170 1264 1339 1636
456 723 1257
457 855 920 1002 1018 1545 1570
458 569 1058 1156 1534
459 521 711 740 758 1308
460 577 725 856 1048 1182 1299
461 542 1170 1629
462 659 745 918 1233 1596
463 1268 1406 1622
464 563 1320 1331 1438
465 644 1646
466 482 538 677 1061
467 770 773 970 1019 1309 1477
468 507 551 611 1129 1132
469 683 853 1016
470 532 798 860 1037 1157 1632 1647
471 545 794
472 1243 1450 1462
473 635 1305 1416
474 524 1310 1398
475 845 923 1618 1627
476 555 634 1016 1506 1569
477 979 1013 1018 1160 1401 1403
478 686 721 1361 1592
479 740 891 969 1255 1541
480 672 773 884 1228 1322
481
482 665 774 940 1003 1122 1279
483 650 659 929 1442 1482 1568 1579
484 1538 1576
485 780 1167
486 827 949
487 679 1540 1579
488 778 1029 1069 1330 1403 1642
489 734 1247 1641
490 1457
491 561 803 1184 1330 1381 1633
492 706 1231 1244 1577
493 661 1068 1248 1334 1560
494 730
495 900 1171 1413 1645
496 562 961 1154 1561 1619
497 721 724 1322 1363
498 638 1328
499 844 1068 1157 1269
500 1339 1544
501 590 636 927 1319 1383
502 854
503 704 952
504 801 1365
505 539 862 1178 1213 1254
506 1244 1336
507 677 762 1124
508 516 904 1398 1570 1589
509 843 962 1077 1327 1354
510 770 886 1055 1241
511 586 599 767 1133
512 966 1105
513 1356
514 953
515 1187 1282 1516 1566
516 800 1219
517 1077 1326 1375
518 1423 1563
519 575 990 1081 1119 1138 1225 1326 1421 1583 1639
520 807 930 936 1397
521 643 991 1062 1093 1229 1294 1516
522 648
523 974 1148 1201
524 796 1260
525 583 1118 1224 1425
526 621 982 1049 1179 1423 1650
527 1293 1399
528 1046 1534
529 780 855 1234 1462 1574
530 696 931 1196
531 1019 1054 1411
532 1346
533 582 658 926 1014 1344
534 948 1075 1306 1603
535 858 907
536 1055 1111 1115 1286 1351
537 739 834 1101 1458
538 1438 1465
539 836 948 1069
540 587 597 1091 1223
541
542 965 1551 1631
543
544 633 780 1156 1301 1325 1633
545 1482 1513 1590
546 691 1274 1320 1520 1621
547 694 805 836 906 1088 1308 1371 1636
548 1059
549 589 847 1406 1496
550 691 1021 1229 1326
551
552 1208 1503 1526
553 630 974 1130 1274 1324
554 637 1139 1358 1373
555 567 822 1388
556 588 649 851 1157 1240
557 886 1602
558 724 781 1164 1362
559 794 1225
560 827 832 921 1228 1253 1432 1583
561 1483
562 826 869
563 951 1161 1398 1456
564 1391
565 702 1068 1135 1404
566 878 1182 1255 1261 1337 1424 1438
567 1057
568 1037 1263 1330 1349
569 956 1165 1598 1607
570 694 893 923 1275 1331 1340 1523
571 1564
572 1038 1068 1348
573 1393 1642
574 660 959 961 1309
575 1173 1548
576 584 665
577 936 1389
578 588 1460
579 1092 1254 1489
580 714 805 879 1053
581 608 791 1027 1306 1316 1408
582 1277
583 851 1031 1541 1596 1620
584 1063 1235 1290 1418
585 635 768 859 1090 1124 1367
586 992 1234 1486
587 657 979 1044
588 671 1115 1175 1467 1536 1540 1558 1623
589 983 1160
590
591 747 1128 1210
592 816 850 1614
593 1380
594 692 996 1169 1409 1579
595 724 1116
596 840 865
597 1168 1483
598 618 684 727
599 796 1048 1534 1602
600 933 1360 1516
601 881 1266 1330
602 673 911 1404
603 1055
604 662 1026 1304
605 1018 1523 1524 1552
606 770
607 888 1027 1102 1143 1651
608 637 990 1120 1240 1289 1408
609 672 698 904 949 973 1033 1170 1343
610
611 804 838 885 1237
612 693 841 1484
613 689 1578 1614
614 1005 1032 1356
615 619 838 1013 1053 1194
616 897 1206 1362 1468
617 677
618 689 805 852 874 950 1060 1366
619 629 1563
620 919 978 1627
621 1205
622
623 664 1029 1157 1177 1624 1637
624 754 1046 1048 1137 1143 1215 1412
625 778 1012 1162
626 676 813 864 1091 1356 1493
627 696 766 944
628 949 1026 1385 1465
629 772 983
630 1470
631 1132
632 707 1188 1564
633 780 1315
634 700 718 784 809 971 984 1042 1104
635 968 1245 1313 1602
636 1439 1606
637 736 1543
638 727 889 1055 1439
639 672 753 804 964 1091 1143 1429
640 645 715 891 1190 1282 1529 1553
641 899
642 978 1071 1227 1255
643 787 870 1076 1516 1559 1602
644 845 1102 1160 1196 1429
645 1290 1315
646 1149
647 815 893 954 1194 1466
648 994 1412
649 1443 1463 1469 1567
650 660 1174 1461 1622
651 856 1294 1447
652 1358 1432 1532 1638
653 713 1580
654 1269 1308 1338 1383
655 921 933 1030 1466
656 826 898 1091 1203 1252 1358
657 890 1377 1489 1556
658 672 1384
659 1033 1100 1110 1127 1459 1462
660 956 1428 1525 1589
661 787 889 1156
662 1319 1597
663 1451 1504 1600
664 749 1126 1446 1517 1587
665 668 1333
666 1356
667 1296
668
669 826 1051 1545
670 742 1167 1402 1450
671 716 815 1198
672 732 1014 1147 1403 1407
673 772 1038 1373
674 774 956 1320 1439
675 748 1229 1521
676 1603
677 801 1057 1076 1511 1607
678 1488
679 885 1099 1105 1424 1431 1611
680 987 1299 1427
681 683 1240 1534
682 755 1196 1357 1494 1599
683 1559 1651
684 736 789 1590
685 1349 1491 1582 1595
686 771 800 925 1074 1280 1285 1341 1364 1434 1462
687 858 875 1065 1103 1120 1367 1450 1640
688 741 750 836 883 1099
689 845 1017
690 918 1104 1525
691 809 1329 1475
692 759 864 923 1045 1169 1301 1643
693 821 993 1230 1302 1516 1527
694 1236 1289
695 1142 1239
696 1618
697 1016 1229 1368 1413 1646 1648
698 1341
699 1297 1480 1560
700 720 776 1580
701 722 1122 1349
702 974 1049 1075 1135 1226 1524
703 1387
704 1191 1321 1348
705 857 909 1466
706 919 1086
707 804 1473
708 743 837 936 1502
709 757 910 980 982
710 716 794 995 1109
711 1649
712 837 877 912 1546
713 836 891 965 1066 1411
714 727 816 1639
715 1149 1298 1510 1647
716 780 1221 1258 1372
717 733 746 1088 1105 1222 1563
718 775 835 1270 1495
719 1105 1120
720 726 1092 1452 1473
721 736 951 1134 1138
722 962 1112 1162 1227 1538
723 1634
724 992 1564 1581
725 975 1649
726 1249
727 1443
728 780 1167
729 887 1113 1193
730
731 1039 1214 1629
732 879 1004 1006
733 987 1436
734 908 961 1063
735 928 943 1042 1177 1245 1302
736 802 1084 1366 1412 1471 1504
737 820 1365 1443 1527 1636
738 845 1046
739 1070
740 1177 1203
741 825 1135 1563
742 1024 1070 1187 1578
743 1073 1495 1628 1643
744 1034 1561 1577
745 889
746 1222 1232 1237 1306 1372 1569 1621
747 989 1228 1322 1342 1456
748
749 1407
750 774 1193 1215 1365 1498 1568
751 766 1141 1479
752 899 930 1242 1366 1576
753 838 955 1280 1445 1635
754 1338
755 882 1072 1127 1143
756 791 795 878 975 1490 1531 1623 1633
757 893 896 1433
758 907 1452
759 1377
760 1034 1231
761 881 1072 1365 1437 1595
762 907 1395
763 891 1385 1402
764 1272 1296 1338 1633
765 1224 1281
766 878 951 1311 1555
767 1194 1613
768 976 1048 1227 1332
769 1193 1310 1416
770
771 945 1130 1404
772 1170 1521 1620
773 843 868 1094 1414 1461 1471 1492 1580
774 872 1002 1248
775 1092 1397
776 786 1087 1204
777 861 889 912 934 1018 1309 1378 1402
778 848 932 958 1199 1296 1535
779 1032
780 1506
781 902
782 1386
783 1095 1382 1639
784 863 947 1184 1294 1313 1456
785 1210 1586
786 823 1042 1309 1375
787 1530
788 1480
789 898 1008 1093 1471 1638
790 865 874 1360 1372 1406
791 868 940 959 1284 1452
792
793 823 905 1149 1199
794 851 997 1248 1421
795 865 1279 1433
796 1328 1334 1610
797 801 1608
798 1031 1317 1420
799 923 975 1471
800 942 1087 1208 1384
801 952 1047 1418 1548
802 859 1055
803 1252
804 940 1109
805 869 908 1492
806 1649
807 1046
808 1150 1308
809 1049 1172 1175
810 1158
811 1150
812 946 1006 1099 1423 1470 1610
813 835 879 1197
814 898 1272
815 1107 1637
816
817 873 881 890 942 1270 1391 1446
818 824 853 862 961 983 1264 1376 1441 1623
819 1353 1572
820 946 1312 1326 1551
821 851 1269 1404
822 1331
823 1107 1345
824 863
825 858 1104 1265
826 994 1170 1288
827 1313
828 1169 1209 1248 1276 1454
829 835 1348
830 847 1293 1450
831 1150 1377
832 850 851 1011 1367
833 948 1326 1511
834 966 1113
835 1311 1498
836 1364 1417
837 1304 1310
838
839 916 1086 1147 1560
840 969 1107 1157
841 1298
842 856 1209 1218 1523
843 1017 1071 1410 1560 1576 1627
844 1467
845 1225 1408 1525
846 859 1119 1257 1632
847 952 1205 1549
848 1356
849 1289
850 872 1017 1299 1628
851 993 1187
852 868 1270
853 1364
854
855 1160 1308 1397 1427 1521 1530 1556
856 939 1263 1373 1382
857 1129 1347
858 1033 1311 1369
859 1137 1306
860 1143 1373
861 864 1082 1555
862 1171 1508
863 883 924 928 1166 1236
864 941 984 1192 1600
865 932 1051 1145 1365 1560
866 879 923 1188
867 1223
868 1110 1135 1557
869 1129 1296 1422 1457 1525
870 1500
871 884
872 1464 1491
873 1380 1481
874 905 1325 1637
875 1288
876 897 1120 1241 1450 1558 1603
877 1108
878 1247 1543 1609 1627
879 1582
880 1145
881 1105 1210 1399 1435
882 971 1234 1611
883 914 1107 1437
884 1040 1333 1378 1380
885 1434
886 920 957 1389 1575
887 1309 1320 1548
888 1445 1569 1574
889 934 1183 1248 1325 1511 1576
890 1103 1461
891 898 1062 1064 1124
892 1059 1214 1504 1540
893 975 1356
894 1109 1293
895 985 1636
896 940 1104 1393 1561
897 993
898 986 1193 1377
899 911
900
901 1316 1447
902 973 979 1445 1468 1618
903 1089
904 958 967 1136 1388 1454
905
906 1361
907 1113 1243 1310 1476 1617
908 1565 1581
909 925 1400
910 930 943 966 1149 1491 1651
911 1106 1255 1366 1402 1626
912 1185 1220 1269 1418 1485
913 962
914 1041 1126 1133 1393 1606
915 1131 1197 1498
916 1002 1027 1081 1458 1507
917 1001 1157
918
919 1473
920 1487 1530
921 978 1077 1355
922 1057 1095 1454 1555 1611
923 949 1067 1283 1610
924 977 1033
925 1165 1212 1308 1400 1483
926 1159 1342 1563 1600
927 1157
928 1000 1010 1171 1395 1417 1492
929 1059 1139 1374
930 1394 1447
931
932 1160 1176 1313
933 1035 1124 1220 1241 1313 1385
934 1007 1012 1054 1153 1196 1200 1453
935 1096 1258
936 1508 1647
937 1525 1612 1642
938 1302 1336
939 1119
940 1112
941 1001
942 1396
943 1181
944 1310 1408 1513 1516
945 1255 1481
946 1040 1158 1303
947 1646
948 1129 1202 1268
949 1399 1402 1409 1443 1606
950 1548
951 1260
952 1147 1160 1501 1513
953 1012 1190
954 1199 1270
955 1260 1314 1373 1486
956 1263 1399 1532
957 1384 1563 1620
958 1057 1077 1605 1650
959 993 1034 1043
960 1307
961 1050 1057
962 1424
963 1036 1162 1186 1607
964 1113 1161 1299 1401 1597
965 1293 1387
966 1377
967 1044 1312 1417 1638
968 1158 1225
969 1520
970 1179 1460
971 1100 1156 1298 1417 1530 1568
972 994
973 1207 1563
974 1086 1089 1431 1548 1636
975 1028 1559
976 1217 1519
977 1009 1335 1598
978 1290 1354
979 1179 1530
980 1281
981 1311 1399 1600
982 988 1077 1094 1134 1541
983 1136 1304 1543
984 994 1541
985 1100 1304 1340
986 1293 1489
987 1089 1122
988 1084 1201 1501 1555
989
990 1580 1629
991 1158 1601
992 1310 1549 1569
993 1178
994 1286 1357
995 1001 1412
996 1107 1552
997 1193 1628
998 1099 1479
999
1000 1036
1001 1088 1369
1002 1085 1337
1003 1012 1140 1294
1004 1376 1621 1627
1005 1086 1127 1628
1006 1382 1559
1007 1465 1626
1008
1009 1357 1649
1010 1591
1011
1012 1181 1367 1412
1013 1565
1014 1285 1483
1015 1038 1231 1328 1482 1485
1016 1195 1560
1017 1102 1127 1313 1440
1018 1182 1185 1578
1019 1456 1594
1020 1361 1518
1021 1488
1022 1080 1393 1532 1613
1023
1024 1253
1025 1366 1369
1026 1627
1027 1117 1299 1343 1622
1028 1063 1117
1029 1247 1271 1469 1576 1605
1030 1280 1393
1031 1402 1478
1032
1033 1400 1601
1034 1177 1320
1035 1106 1247 1475 1584
1036 1118
1037 1117 1190
1038 1291 1326
1039
1040 1474 1581 1596
1041
1042 1125 1293 1445
1043 1217 1642
1044 1299 1332 1486
1045 1343 1400 1590
1046 1453 1649
1047 1167 1352 1424
1048 1356 1387 1598
1049 1340 1460 1485 1538
1050
1051 1351
1052 1232 1251
1053 1090 1191 1251
1054 1121 1147 1308
1055 1062 1154 1595 1611
1056 1398 1558
1057 1205 1298 1537
1058 1492
1059 1191 1193 1291 1603
1060 1543 1596
1061 1451 1579
1062 1169 1255 1422
1063 1262 1361 1402
1064 1389
1065 1231 1327 1364
1066
1067 1173 1510 1643
1068 1238 1514
1069 1256 1306 1418 1543
1070 1233 1422
1071 1632
1072
1073 1492 1508 1549
1074 1553
1075 1444 1625
1076 1530 1548
1077 1496
1078 1142 1249 1529
1079 1219 1593 1611
1080
1081 1164 1330
1082 1407 1428 1591
1083 1153
1084
1085 1117 1202 1323
1086 1239 1389 1604
1087 1095 1103
1088 1165
1089 1207 1254 1507 1578
1090 1295 1487 1570 1642
1091 1119 1325
1092 1203 1402 1485 1644
1093
1094 1145
1095 1293 1431 1472
1096 1477
1097
1098 1346
1099 1241 1260
1100 1558
1101
1102 1189 1289 1551 1569
1103
1104 1233 1275 1508
1105 1251 1308 1587
1106 1289 1308 1333 1643
1107 1141 1183 1563
1108 1113 1185 1246
1109
1110
1111 1375
1112 1196 1490 1622
1113 1389
1114 1572
1115 1166 1533 1595
1116 1190 1367 1528
1117 1485
1118 1350 1619 1622
1119 1192 1344 1564
1120
1121 1534 1535
1122 1362 1473
1123 1300 1471
1124 1143 1264 1338 1369
1125 1228
1126
1127 1616
1128 1479 1501 1635
1129 1209
1130 1358 1441
1131 1154 1163 1447
1132 1331
1133
1134 1151 1208 1643
1135
1136 1191 1243
1137
1138 1526 1622
1139 1569 1577
1140 1297 1528 1603 1628
1141 1488
1142 1447
1143 1198 1225 1227 1233 1359 1394 1413
1144
1145 1356 1409 1430 1488
1146 1580
1147 1556
1148 1465 1510 1581 1620
1149 1300 1528
1150 1590
1151 1200
1152 1274 1448
1153 1347 1409 1434
1154 1321 1543
1155 1521
1156 1160 1234 1373 1621
1157 1333 1402 1470 1483
1158 1385 1529
1159 1346 1600
1160 1292 1301
1161 1258 1635
1162 1353
1163
1164 1292 1531
1165 1270
1166 1438
1167 1196 1413
1168 1195
1169 1336
1170 1400
1171
1172 1267 1595 1635
1173 1386 1406
1174 1524 1582
1175 1606 1615 1647
1176 1382
1177
1178 1620
1179 1480 1509 1527
1180 1648
1181 1195 1575 1645
1182
1183 1341
1184 1438 1472
1185 1224
1186 1264 1534
1187 1248
1188 1283
1189
1190
1191 1631
1192 1433 1623
1193 1256 1495
1194 1375 1515
1195 1265 1357
1196 1361
1197
1198 1625
1199 1296
1200 1239 1259 1277 1446
1201 1203 1434 1525 1587
1202 1602
1203 1215 1607
1204 1328 1509
1205 1225 1342 1531 1602
1206 1372 1563
1207 1265
1208 1245 1434
1209 1413 1633
1210 1469
1211 1270
1212 1316
1213 1609
1214 1287
1215 1593 1635
1216 1284 1519
1217 1395 1407 1451
1218 1617 1638 1640
1219 1253 1588 1601 1648
1220 1472 1628
1221
1222 1493 1521
1223 1246 1357 1467 1574
1224 1487 1622
1225 1369 1542
1226 1408
1227
1228
1229 1270
1230 1393 1642
1231 1331 1398 1576 1607
1232 1343 1483 1501
1233 1250 1255 1332 1623
1234 1325 1508 1608
1235 1383 1569
1236 1472 1514
1237 1328 1350
1238 1454
1239
1240 1518
1241 1376
1242 1327 1383
1243 1261 1533 1539
1244 1509
1245 1275
1246 1423
1247 1260 1389 1449
1248 1280 1441
1249 1317 1468
1250 1364
1251 1271
1252 1620
1253
1254 1408
1255 1288
1256 1352
1257 1303
1258 1590
1259
1260 1558 1629
1261 1385
1262 1578
1263 1293 1605
1264
1265 1344 1501 1649
1266
1267 1431
1268 1598
1269 1372
1270 1283 1294 1322 1473
1271 1512
1272
1273 1452
1274 1404
1275 1397
1276 1292
1277 1389
1278 1355
1279 1493
1280 1443 1588
1281 1567 1611
1282 1515
1283 1409 1491 1562
1284
1285 1421 1457 1570
1286 1347 1484
1287 1411
1288 1570
1289
1290
1291
1292 1523
1293 1381
1294
1295 1337
1296
1297 1444 1480 1518
1298
1299 1460 1551 1566
1300
1301 1326 1504
1302 1335
1303 1368 1455
1304 1439 1626
1305
1306
1307
1308
1309 1421
1310 1536
1311 1397
1312
1313 1432
1314 1500
1315
1316 1404
1317 1471
1318 1422
1319 1379 1561
1320 1486
1321 1386
1322 1424 1481 1504
1323 1505
1324
1325 1378 1541
1326
1327
1328 1404
1329 1599
1330 1526
1331
1332 1515
1333 1421
1334
1335 1469 1578
1336
1337 1629
1338 1613 1616
1339
1340
1341
1342 1367 1571
1343 1385 1518 1593
1344 1365 1376 1402 1439 1626
1345 1567 1619
1346
1347 1481 1572
1348 1614
1349
1350 1530 1531 1560 1623
1351 1478
1352
1353 1463 1544
1354
1355 1521 1568
1356
1357
1358
1359 1376
1360
1361
1362
1363 1589
1364 1409
1365 1422 1614
1366 1378
1367
1368 1380
1369 1450 1604
1370 1402 1573
1371 1524 1529
1372 1486
1373 1532 1627
1374 1500
1375
1376 1600
1377 1529 1568
1378 1433
1379 1418 1494
1380
1381 1462
1382
1383
1384
1385
1386 1598
1387 1412
1388 1494
1389 1648
1390 1527
1391 1612
1392
1393 1406 1449 1592
1394
1395 1492
1396 1492
1397
1398 1510
1399 1407
1400 1566
1401
1402
1403 1516
1404 1448 1486
1405 1520
1406
1407
1408 1514
1409 1449
1410
1411
1412
1413
1414
1415 1642
1416 1450
1417
1418
1419
1420 1509 1558 1578
1421 1512 1615
1422 1515
1423
1424 1643
1425 1581 1635
1426
1427 1487
1428 1493 1570 1629
1429 1513
1430
1431
1432 1509
1433
1434 1461 1481
1435 1439 1486
1436 1574
1437 1558
1438
1439 1584
1440 1496
1441
1442 1608
1443 1628
1444
1445 1470
1446
1447
1448 1562 1582 1586
1449 1551 1591
1450
1451 1462 1490
1452 1525
1453
1454
1455
1456 1634
1457 1483
1458 1579
1459 1612 1647
1460
1461 1578
1462 1474 1495
1463
1464
1465 1567
1466 1582
1467
1468
1469 1611
1470
1471 1612
1472 1608
1473 1515 1597
1474
1475 1621
1476 1534
1477
1478 1594
1479
1480
1481
1482
1483
1484 1591 1620
1485
1486
1487
1488 1642
1489
1490 1643
1491 1526
1492
1493
1494
1495 1502 1544
1496
1497 1516
1498
1499 1596 1597 1628
1500
1501
1502 1548 1607
1503 1530 1616
1504
1505 1626
1506
1507
1508
1509 1617
1510
1511
1512
1513 1623
1514
1515 1518
1516
1517 1539 1588
1518
1519
1520
1521
1522
1523 1589
1524
1525
1526 1621
1527 1558
1528 1635
1529 1595 1607
1530
1531
1532
1533 1581
1534
1535
1536
1537
1538 1540
1539
1540 1644
1541 1596
1542 1582
1543 1615
1544
1545
1546 1632
1547
1548
1549 1582
1550
1551 1599
1552
1553
1554
1555
1556
1557
1558
1559
1560
1561 1638
1562
1563
1564
1565 1613
1566 1624
1567
1568
1569
1570
1571
1572
1573 1613 1643
1574
1575
1576
1577
1578
1579
1580
1581
1582
1583
1584
1585 1637
1586 1589
1587
1588
1589
1590
1591
1592
1593
1594 1642
1595
1596
1597
1598 1623
1599
1600
1601
1602
1603
1604
1605
1606
1607
1608
1609 1617
1610
1611
1612
1613
1614
1615
1616
1617
1618
1619 1638
1620
1621
1622 1648
1623
1624
1625
1626
1627
1628 1647
1629
1630
1631
1632
1633
1634
1635
1636
1637
1638
1639
1640
1641
1642
1643
1644
1645
1646
1647
1648
1649
1650
1651
