#/opt/homebrew/Caskroom/miniconda/base/envs/hack25/lib/python3.12/site-packages/ipykernel_launcher.py --f=/Users/jpinney/Library/Jupyter/runtime/kernel-v352576b36ed274793969b57d69d8306c9df606370.json
# GMT Sun Jul 20 12:27:20 2025
# 
0 1 2 5 7 12 22 27 28 30 33 35 40 47 50 54 69 73 88 95 98 107 108 117 119 148 163 171 172 174 182 195 196 201 205 212 218
1 3 4 6 9 11 14 16 31 42 57 70 79 82 83 94 109 120 123 132 139 154 155 157 179 186 189 198
2 10 71
3 8 84 104 151 210
4 55 76 133 137 224
5 85 86
6
7 239
8 13 29 46 53 62 209 213
9 15 183
10 41 45 110
11 19 51 81 173 228
12 24 122 160
13
14 17 18 20 21 26 32 36 112 116 232
15
16 23 146
17 25 240
18
19 168
20 80 103 159
21
22 39 211
23 49 113 145 165 166 181
24 188
25
26
27 202
28 52 58 77 143 149 162
29 72
30 229
31 37 38 43 44 64 66 68 78 92 93 96 99 106 121 135 164 200 203 226 233
32 34 59
33
34 100 147 207
35 48 75 180
36
37
38 150
39
40
41
42 194
43
44 177
45 56
46
47 60
48 65
49 63 67 97 105 127 140 161
50 144 169
51 89
52 61 91 220
53
54 102
55 74
56
57
58
59
60 152
61 90
62
63
64 129 237
65
66 115 219
67
68
69 114
70 241
71 235
72
73
74 125 167
75
76
77
78 101
79 138
80
81 87
82
83
84
85
86
87 130 134
88
89 184
90 111 136
91 156 191
92
93
94
95 141
96
97
98
99
100
101
102
103
104
105 142
106
107
108
109 118 153 178 197
110 124 225
111
112
113
114
115 227
116
117
118 170 204
119
120 128
121 126
122
123
124 158
125 131 192 215
126
127
128
129
130
131
132
133
134
135
136
137
138
139 176
140 206
141
142
143
144
145
146 236
147
148
149 214
150 185
151
152
153
154 199
155 187
156
157
158
159
160 175
161
162
163
164
165
166
167
168 193 231
169
170
171 216
172
173
174 217 221
175
176
177
178
179
180
181
182 208
183
184
185
186 190
187
188
189 222
190
191
192
193
194
195
196 230
197
198
199
200
201
202
203
204
205
206
207
208
209
210
211
212
213
214 223 234
215
216
217
218 238
219
220
221
222
223
224
225
226
227
228
229
230
231
232
233
234
235
236
237
238
239
240
241
