#/opt/homebrew/Caskroom/miniconda/base/envs/hack25/lib/python3.12/site-packages/ipykernel_launcher.py --f=/Users/jpinney/Library/Jupyter/runtime/kernel-v352576b36ed274793969b57d69d8306c9df606370.json
# GMT Sun Jul 20 12:27:20 2025
# 
0 1 2 7 12 20 35 46 60 83 102 139 170 188 269 278 294 400 477 484 502 520 527 550 565 715 726 747 827 850 868 883 1033 1081 1144 1208 1218 1225 1234 1241 1260 1354 1409 1429 1489 1588 1618 1653 1736 1745 1834 1855 1900 1953 2116 2128 2157 2232 2374 2563 2596 3046 3112 3120 3132 3136 3193 3260 3273 3446 3523 3686 3925 3928 4348 4504 4535 4555 4673
1 4 6 10 18 24 25 51 57 74 94 106 119 143 173 191 222 245 263 295 305 316 322 374 429 444 449 523 593 618 621 639 644 737 751 757 882 966 967 1088 1155 1173 1187 1226 1251 1256 1264 1300 1540 1546 1597 1632 1642 1704 1740 1764 1796 2019 2092 2220 2370 2371 2410 2473 2592 2613 2659 2757 2870 2914 3022 3158 3244 3339 3380 3398 3436 3466 3503 3576 3624 3655 3792 4371 4417 4446 4490 4576 4588 4635
2 3 13 19 23 61 67 111 149 178 314 560 809 1058 1313 1673 1888 2948 3228 3461 3962 4054 4474
3 5 15 32 36 73 121 137 255 264 354 388 399 413 447 488 601 615 646 681 787 885 1069 1125 1171 1242 1258 1338 1436 1585 1629 1650 1707 1798 1907 1919 1940 2008 2050 2099 2344 2373 2435 2601 2615 2911 2979 3181 3432 3642 3947 4298 4331 4587 4599
4 31 71 122 136 177 215 229 258 279 299 472 510 797 980 1082 1848 1968 2239 2321 2361 2443 2617 2751 3387 3617 3628 3745 3999 4403 4684
5 8 9 14 16 26 28 29 37 45 52 148 190 198 211 442 450 499 535 598 725 823 824 898 1098 1113 1157 1203 1239 1431 1470 1517 1554 1636 2047 2130 2138 2350 2384 2567 2701 2802 2993 3044 3468 3761 4049 4131 4149
6 219 2716 3687
7 84 91 146 514 856 988 3330 3780
8 17 39 76 88 92 101 114 236 246 261 308 489 537 554 759 766 1106 1175 1319 1333 1394 1583 1640 1665 1884 2294 2411 2534 3282 3575 3858 3934 4038 4511 4687
9 27 75 116 216 252 340 480 591 799 1087 1089 1230 1375 1488 1600 1910 2865 2925 3381 3808 3877 4423 4626
10 11 43 104 167 179 326 339 344 359 637 664 719 785 847 852 876 936 977 999 1887 1918 1930 1948 2003 2131 2405 2609 3088 3829 4691
11 105 140 176 2833
12 40 165 181 351 407 431 494 545 602 768 919 924 1268 1281 1331 1505 1639 2078 2279 2397 2463 2501 2815 2978 3757 3852 4388 4509
13 85 227 1152 1347 2017 2069 2165 2352 2422 2555 2690 3005 3772 3834 4217
14 22 34 38 42 53 55 64 70 79 99 125 126 128 152 202 206 217 224 331 346 500 529 540 577 580 635 675 685 689 829 944 991 1014 1035 1115 1129 1143 1159 1221 1482 1535 1587 1609 1761 1783 1895 1927 1939 2013 2014 2067 2140 2320 2503 2706 2733 2834 2998 3134 3189 3390 3447 3529 3703 3738 3870 3896 4041 4109 4171 4567 4571
15 44 62 77 96 117 133 157 161 185 232 259 289 512 728 862 1101 1328 1949 2277 2295 2387 2540 3057 3141 3162 3692 3990 4067 4196 4318 4426 4496 4499 4666
16 56 58 169 700 1169 1589 1592 2142 2184 2750 3234 3243 3411 3558 3674 3728 4082
17 135 364 465 587 1248 1551 1689 2876 3773 3948
18 21 138 183 208 230 332 485 574 640 709 826 1002 1191 1207 1212 1214 1296 1462 1686 1722 1746 1780 1922 2176 2673 2734 2766 2928 3082 4061 4256 4381 4470 4523
19 610
20 1042 1774 1882 2046 3843
21 199 698 2368 3964
22 69 124 156 186 487 772 821 838 1013 1025 1051 1742 1933 1955 3758 4035
23 164 415 3945
24 33 97 241 559 683 732 740 1332 2605 2869 3520
25 59 360 457 1892 2006
26 475 1879 2235
27 147 234 478 767 1024 1285 1572 1683 1868 2425 2574 3252 3327 3377 3796 4037 4165 4210
28 2196 4598
29 30 72 162 239 375 390 688 1369 1419 2481 3033 3271 3283 3578 3869 4155 4372 4524
30 82 209 231 418 428 528 687 1064 1350 1713 1735 2257 2543 2811 4198 4590
31 145 272 1153 2194 2670 3275 3721 4184 4390
32 302 3232
33 47 86 93 293 355 497 1127 1174 1474 1542 1814 1843 2039 2160 2287 2538 2777 2861 3433 3478 3556 3681 4614
34 150 158 281 539 648 963 1233 1335 1983 2021 2105 3358 3561 3689 4589
35 41 48 193 235 717 1121 1522 1926 2905 2942 3338 3514
36 288 430 651 3607
37 65 175 694 699 1297 2619 3994 4485
38 63 330 701 742 2088 2185 2190 2755 4309 4634
39 1601 2515 2677 4267
40
41 184 1131 2248 2669 3048 4465
42 49 171 205 280 653 1464 1593 1975 2187 2431 2713 3052 3098 3259 3368 3440 3591 3715 4500 4670
43
44 50 312 318 468 495 505 531 734 782 788 890 951 1277 1755 1819 1865 2504 2553 2577 2736 3365 3648 3719 3847 4395 4592
45 317 1022 1167 1231 1307 2453 2678 2849 2872 3209 3979 4257
46 276
47 549 1122 1372 1454 1616 1928 2874 3094 3421 3586 3671
48 98 180 214 649 774 792 1039 1290 1348 2830 2936 4051
49
50 80 371 1220 3710 3921
51 68 108 303 603 638 2972 3709 4402
52 115 129 238 270 471 572 770 779 817 1019 1043 1541 1580 1779 2117 2347 2886 3549 3597 3622 3920 4134 4296 4629
53 54 516 1460 1952
54 66 286 369 387 716 923 1132 1382 1471 1934 2110 2253 3488 4451
55 2206 3804
56 240 854 1275 1388 2730 3973
57 203 629 907 912 2147 2710
58 103 154 160 226 243 250 409 784 930 931 1086 1309 1322 1344 1961 2016 2159 2666 2675 2829 2893 2986 3040 3119 3138 3784 3922 4226
59 578 691 2346 2741
60 78 141 534 1963 2075 3600
61 81
62 90 100 196 237 412 1091 1163 2278 2358 2866 2965 3333
63
64 87 89 159 166 306 333 380 406 501 617 744 804 894 934 994 1052 1830 2238 2607 2650 2695 2700 3014 3196 3198 3245 3318 3435 3555 3874 4139 4324 4410 4554
65
66 1071 2211 4686
67
68 155 678 1773 2341
69 95 118 127 168 556 575 600 612 870 983 1141 1250 1379 1584 1956 2126 2210 2326 2910 3011 3975 4409 4435
70 113 225 833 1031 1480 3107
71 357 463 609 654 982 2614 3476
72 107 151 373 841 1413 1509 1552 1743 1789 2749 3168 3431 3786 3936 4254
73 282 1579 1792 2066 3190 4142
74 112 233 253 552 783 903 1073 1177 1396 1407 1455 1562 2141 2315 2844 3030 3218 3265 4341
75
76 134 616 3918 3995
77 519 3951
78 120 300 437 482 543 1288 1672 4437
79 182 189 773 1109 1427
80 851 2873 3285 3867
81 2432 2541
82 187
83 584 750 789 925 1096 1105 1215 1538 1622 1765 1858 2125 3632 4251
84 110 153 445 583 749 1097 1483 1711 1822 1856 2084 2214 3323 3399 4095 4549
85 350 376 411 1631
86 738 1010 2265 3110 3734 4175 4308
87 287 335 417 524 1857 2616 2767 3733 3933 4416
88 660 1390 1916 3166
89 345
90 142 2060 2364 3416 3910
91 481 490 546 623 863 1232 1352 2480
92 424 3595 3635
93 1931 4441
94 218 986 1170 1205 1373 1401 1507 1682 2974 3007 3010 3707 4314 4439 4547
95 123 469 526 707 1217 1485 2267 3223 3423
96 109 353 727 1049 2981
97
98 192
99 542 1941
100
101 210 247 251 267 301 365 385 398 464 492 830 899 1061 1185 1197 1240 1430 1529 1556 1606 1802 1960 2027 2229 2441 2499 2649 2838 3008 3023 3146 3167 3543 3590 3683 3737 3759 3861 3987 4495 4519 4632
102 130
103 521 2172
104
105 819 1252 1383 3374 3585 3823
106 1420 1976 2419
107 900 953 1005
108
109 2055
110
111 356 976 1844 3589
112 2427 2462 4650
113
114 498 2824 3165
115 372 1404 3227
116
117 1539 2390
118 561 3163 3519
119 132 307 714 1567 1706 2433 2558 3779 4692
120 249 765 1165 1360 1881 3069
121 194 204 284 290 384 423 456 563 652 802 888 961 1000 1054 1077 1198 1387 1595 1647 1787 1937 2674 2723 2999 3001 3224 3666 3713 4288 4525
122 1465
123 131 144 506 661 733 1145 1392 1456 1570 1951 2154 3376
124 201 244 298 379 467 913 1359 1566 2692 2699 2754 2822 2891 3249 3250 4573 4652
125 1238
126 555
127 254 427 2821
128 309 504 692 1026 1403 1831 1969 2150 2640 2652 2885 3437 3791 3956 4157
129 1702 2474
130 786 813 1315
131 383 777 1168 3191 3582
132
133 1710 2509 3276 4145
134 212 1690 2382 4297 4344
135 304 677 812 948 1525 2654 2975 3077 3449
136 1503 1885 3677
137 902
138 228 397 1384 2227 3795
139 420 1547 1762 3237 4182
140 1182 1737 3747 4033
141 425 513 810 985 1228 1351 1370 1527 1537 1752 1995 2715 4147 4429
142 1466
143 1860 3502
144 174 291 579 1135 1213 1936 2064 2867 3130 3775 4052 4143 4661
145 2195 4117
146 3180 4128
147 207 329 943 2228 4368 4631
148 163 266 452 522 820 1345 1417 1670 2156 2164 2179 2668 2904 2934 3006 3499 3658 4177 4283 4440
149 268
150 1877 4062
151 869 1255
152 285 402 443 533 562 596 2814 3306 3762 4537
153 989 2856 4245
154
155 416 724 801 1712 2081 2293 2611 2739 3031
156 3857
157 195 362 2761 4323
158 1199 3340
159 1605 1715 1878 2951
160 274 405 684 861 1852 2816 4401
161 256 1196 2568 3533
162 920 1028 1954 4180
163 248 381 511 2586 3128 4019 4229
164 348 607 764 1362 2218 4461
165 1079 3054
166 172 313 363 667 814 1130 1412 1656 3771
167 763 1423 2950 3620
168
169 1899 1917 4462
170 401 1044
171
172 200 378 1519 1909 2298
173 441
174
175 608 3822
176 352 1092 1195
177 1526 1867 2748 2922
178 213 2426 3012 3400 3774 4526
179 320 432 1272 1534 2493 3240 3743
180 311 887 1550
181 1548
182 1056 1116 2280 3837
183 632 1557 2119 2529 4236
184
185 4218
186 408 605 2080 2296
187 1676 1812
188 658 2680
189
190 265 718 1032 2077
191 197 672 1271 1439 1571 3916
192 223 257 1610 3215
193 1124
194 283 893
195 503 969 2533 2648 2789 2945 3177 3345
196
197 1301 1966
198 1312
199 588 2367 2657
200
201 262 334 491 708 755 780 938 1137 1138 1180 1484 1514 1944 2102 2656 3269 3320 3718 4510
202 704 3311
203 273 370 461 1030 1246 1513 1523 1825 3694 4419
204
205 2394 2778 3331
206 1558
207 220 221
208 585 594 619 668 974 1614 1733 3103 3183 3615
209 1357 3099
210 260 296 386 426 910 1194 1521 2148 2452 3050 3419 3609
211 582 1050 2312 2496
212 518 889 1452 1487 2028 3172
213 422 831 915
214 905 1938
215 1402 1906 2679 3329
216 1151 2647 4317 4354
217 1530 1869
218 4305
219
220 1459 3090
221 547 674 1302 1719 2436 3394 4477
222 327 604 1029 1391 1574 3047 3272 3691 4220
223
224
225 3019
226 1662
227 328 361 391 440 479 568 1247 1398 1611 1701 2491 2621 2775 3053 3577 4306 4601 4672
228
229 493 541 1095 2409 2545 3024
230 395
231
232 1815 3349 3557
233 4379
234
235
236 271 419 462 476 636 679 2059 2309 2322 2705 3248 3768 4241 4507
237
238 2398
239 837
240 242 929 1699
241
242 880 2970 3907 4107
243 310 337 566 662 1016 1581 2301 3665 4334
244 455 4185
245 292
246 641 1053 2139
247 1119
248 1703 4660
249 2721
250 336 435 451 1723 1876 1994 2269 2458 2497 3131 3324 3958 4228 4521 4594
251 781 1158
252 589 628 1206
253 275 277 656 2339 2916 4558
254
255 711 1094 2565 2694 4527
256 1048 3058
257
258
259
260
261 403
262 367
263 916
264
265 297 439 1973 2034 2502 2507
266 1012 1709 2331
267 3042 4335
268 690 2883
269 1981
270 620 2272
271 2417
272 458 515 997 2062 2073 3043 3247 3295 3469 3504 4408
273
274 2363 2492 3140
275 315 459 633 965 1563 2549
276 1237
277 665 2355 2712
278
279
280 347 1083 1134 1317 1367
281 3346
282
283 3309
284
285
286 729 940 2335 4005
287
288
289
290 319 860 922 1259 1553 1739 2161 2202 3919
291
292
293 2146 2316 4568
294 705 4024
295 849 4111
296 1283 4316 4585
297 2836
298 434 627 702 1108 2327 2831 3614
299 343 394 525 696 897 975 1008 1594 1637 1785 1807 2243 3091 3258 3838 4360
300 871
301 4099
302 1441 2226 3083
303
304 341 548 3661
305 1438 2118 2819 3629
306 342 460 1678 4362
307 1442
308
309 3055
310
311 571 760 1072 1445 1667 1794 2010 2124 2258 2264 2964 2976 3297 3441 3603
312 3978
313
314 325 338 466 473 1067 1536 1866 2178 2805 4662
315 828 1102 1236 1757 2595 3321
316 321 410 1311 2247
317 1943
318
319
320 323 324 368 436 798 1279 3197
321 712 1568
322
323
324 663
325 393
326
327 576 4152
328
329 941
330 891
331 1150 1549 2168 2594 3929
332 421 438 557 558 1276 2036 2182 2365 2459 3000 3402 4399 4655
333 358 392 659 720 762 1889 1950 1996 2025 2275 2724 3268 3494 3884
334 917 3115 4466
335 758 921 1222 1655 2223 2345 4396 4630
336 1027 1872 2447 3257
337 349 1476 2995 4194
338 1245 1428 3097
339
340 1730 1851
341
342 926 1269 1768 2681 3889 4242 4531
343 1378 3079 3182
344 508 553 1561 3781 4004
345 414 517 2763 2962 4205
346 1469 1565 2103 2792 3698
347 389 626 1034 1799 2483 2758 3362 4093 4551 4596
348 396 1504 4048
349 606 794 840 1085 1421 1770 2817 3630 4088 4343
350 483 1015 1262 1308 2308
351
352 834 1047 2383 4492
353 474 858 1202 1920 2193 3242 3301
354 1257 3631 3680
355
356
357
358 807 1524 1932 2057 3425
359 706 2660 3144
360
361
362 536 590 3508
363 4415
364 939 1009
365 366 970 1501 1590 1871 2401 2697 3061 4204 4473 4575 4651
366 721 3463
367 710 1386 2219 3748 3819 3825 4454
368 382 3284 3931
369 377 795 1070 2035 2622
370 625 3207
371 645
372
373 947 1084 1634 1801 2570 3212
374 448 669 904 928 956 1189 1444 1824 1913 2438 2449 3142 3594 3924 4656
375
376 682 879 2325 2581 2653
377
378 1808 2759
379
380 470 2262 2271
381 811 972 1045 1389 1473 1716 2123 2143 2593 4073
382
383 1499 2005 2023 2722 2991 4135 4398
384 1136 3420
385 3510 4200
386 509 1036 1074 1110 1440 1591 2871 2984 3145 3619 3976
387 964 1100 1543 4397
388 551 647 1696 2412 3315
389 486 538 611 1164 1911 1929 2007 2049 2199 2466 2525 2637 3121 3490 3798 4222 4312 4595
390 1533
391
392 622 634 2026 2671 3059 3316 3952 4279
393 630 693 2151 2343 4332
394 404 454 736 1287 2052 2756 3013 4281 4658
395
396 671 695 775
397 686 2029 2040
398 1544 1729 2901
399
400 1293 2188 4445
401
402 1326
403 631 836 1114 1361 1923 2743 2921 3216 3530
404
405 446 2174
406 914 1842
407 680
408 453 932 1118
409 1426
410 569 3495 3751
411 650 1495 2959 3032
412
413 1669
414
415 570 2926 3035 3310 3474 3735
416
417 1209
418 1767 2421 3859
419 3369
420 731 1545 2351
421 1146
422 1840 3760 4081
423
424
425 1216
426
427
428 954 1156 1467 1603 3086
429 2521
430 945 3148 3267
431 433
432 507 595 746 1299 3811
433
434 567 769 2635
435
436
437 2254 4282
438 614
439 771 1477 1486 1990 2152 3359
440 1017
441
442 818
443 1516 3813
444 968
445
446
447
448 3302 3812
449
450
451 2915
452
453
454 1804
455 2894
456 793 901 1249 1327 2386 2788 4377
457 3705
458 3326
459 1751
460
461 2584 4000 4593
462 1410
463 581 4361
464
465 839 1046 1295 2177 2241 3015 3970
466
467 4240
468
469
470 805 1294 2015 3785 3821 4580
471
472 1443
473 822 1244 1714 1738 2225 3073
474 2381
475 496 806 1363 1633 4584
476
477 848 1472
478 2342
479 2001
480 3457 3690
481 1778 2024 2868 4127
482
483 599 676 1270 1620 1915 1959 2810 3229 3513 4301
484
485
486 3626
487 564
488
489 874 4619
490
491 3515
492 532 845 984 1176 1211 1263 1705 1708 2100 2554 2645 2772 2806 2879 3305
493 796 1680 4667
494 752 864
495 952 1666 3664
496
497 808
498
499 624 2958
500 1368 2324 2785
501 530 754 2855 3560
502
503
504 2643
505 873 2880 3096
506 586 1782 2854 4262
507
508 3451
509 2620
510 643 835 865 933 1018 1068
511 1510
512 3657
513 3536 3906
514 1318 1366 2137
515
516 2304 3511
517 1037 1099 1984 2292 2551 3063
518
519 1123 4006
520
521 673 3887
522
523 3799
524
525 2071 3459
526 2207 2510 2857 3382
527 2988 3531
528 2297 3749 3957
529
530 1747 4421
531 1186 1374 1599
532 2191
533 981 1235 1946 1988 3296 3465
534 1987 3450
535 4453
536 3475 4640
537
538 990
539 597 723 748 790 875 992 1040 1330 1450 1813 1826 2784 3100 3670 4224
540 544 741 1515 3072 4255 4562
541 1905
542
543 730 2693
544
545 1004
546 2319
547 2450
548 1323 1623 1880 4120
549
550 573 613 743 1777 1811 2012 2413 2927 3021
551 2542
552
553 3201
554 2242 4405
555 1291 3169
556
557 4675
558 1210 3522
559 1310 1732 3841
560
561 4513
562
563 857 2662
564 2827
565 1671 2742
566
567 4685
568 642
569 1898
570
571 713 859 1970 2840 3253 3277 3417
572 1500 4237
573 592 2096 2523 3026 3372
574 2379 2434
575 1859
576 3408
577
578 2664
579 1681
580
581
582
583
584 1062 1731 2726 4330
585 778
586 895
587 886 978 2284
588 2041
589 1893
590
591 2801 4017 4158
592 1075 1406 1651 2276 3672 4468
593 2054 2471
594 1325 2004 3769
595
596 2642
597
598 1204 1749
599 842 2250
600 1253 2328
601 1172 1621 2256 2302 2683 2971
602 1254
603
604
605 1415 3017 4090
606 3261
607
608
609 1862
610 1437 2120 2506 2544 4123
611 657 816 843 962 1298 1329 2672 2709 3574 4514
612 655 666 1038 1179 1795 1891 2086 2376 2931 3429 3634 4013 4098
613 1149 2082 2610
614 2527
615 1760 1999
616 670 1154 1219 1528 3625 3972 4050
617 4583
618
619 735 3611
620 1718 1901
621 776
622
623
624
625 1753
626 4001
627 1188 2051
628
629 1265 1321 4683
630 906 1078 1303 2895 3938 4424
631
632
633 4206
634
635 815 1090 2780 4321
636 3736
637 2169 2682
638 3500 4677
639 2588 3392
640 3981 4176
641 878 3722
642 2111
643 2711
644
645 2153 2385 2955
646 1133
647 958 1065 1162 1306 1479 4503
648
649 697 1282 1694 1935 1964 1979 2372 2513 2888 3660 4003 4469
650 1126
651 853 1041 1687 2535
652 2590
653
654 4404
655 881 1921 2108 2752 3137 4432
656
657 993
658
659 3643
660 1875 4533 4544
661 1578 2132
662
663
664 2357 2851 3871 4119 4307 4565
665
666 2746 3370
667
668
669
670
671 703 1449 1674 1725 1823 1967 4455
672 1569 2109 4351
673 4104
674 2980 4260
675
676 1358 2941
677 2369
678
679 1377 1508 2708
680 3354
681 1863 3479
682
683
684 996 1184 1399 1463 2924 3289
685 1997
686
687 1342
688
689 1190
690 935 1341 1414 2079 2163 4227
691
692
693
694 1506
695
696 1493 3355 3443 4607
697 2985 3246 3481 4179
698 909
699 908
700 1104 2457
701 2087 3678
702 884 1434 3105 3489 4002
703 1356
704 791 1063 2317 3135
705 722 1991
706
707
708
709
710 745 761 1945 2274 2807 3298 3853 4045
711 2000 3171
712
713
714 1183 1989 2098 2881 3386 4190
715 846
716 971 1224 1788 3170
717
718 2145 3633
719 1494 2484
720 1080 1314 1654 2038 2536 3085 3606 4688
721 3473 4391
722 739 1261 1274 2122 4560
723
724 2512
725 800 960 1020 2113 3078 3564 3797
726
727
728 1229 2061 2407
729 3550
730 1766 4488
731
732 866 1103 1756 4581
733 1784 3051 4010
734
735
736 1497 2896
737
738
739
740 3034
741
742 957
743
744
745 844 2282 4444
746
747 1564 1890 2260
748 753 2175 2628 3373
749
750 756 2072
751
752
753 1278 4327 4577
754 2495 3554
755 4518
756
757 2655
758
759 1902 4618
760 911 1160 1986 2771 2940 4156 4195
761
762 2300
763
764
765 1334 1393 1491 1914 2983 4064 4248
766
767 1140 1284 1638 1861
768 2032
769
770 2667 2728 3817
771
772
773 872 1021 1817 2556 3484
774 1980 4154
775 937 998 1492 4148
776 832
777
778 918 2181 4609
779 1139 4517
780 803 1181 1741 1924 2378 3865 3892
781 1496 2340
782
783 1644
784 2461 4378
785
786 892 1023 2237 2887
787
788 1481
789 1974 3406
790
791
792 1355 2136
793
794
795
796 1201 1576 2418 4342 4505
797 1805 2906 4122
798 1161 1727 2114 2424 3129 4633
799 1786 3125 3537
800
801 927 946 1267 1627 1985 2200 3982 4694
802
803 2884
804 979
805
806
807 4137
808 825
809 3604
810 1726
811
812
813
814
815
816
817 4023 4679
818
819 2428
820
821
822 1142 2155 3487
823
824
825
826
827
828 1059 1853 1992 2437 2629 3651 4493
829
830 2845
831 855 3028
832
833 995 1011 2203
834
835 867 1003 1668 1750 1912 2745 3618
836
837 2580 3820
838
839 1754
840 955 2953
841
842
843 1820 2251
844 1776 3679
845 2074 2273
846
847
848 1364
849 3697 4612
850 1613 2908 3210 3263
851
852 1066 1340 1380 2208 2691 4269
853
854
855 1717
856
857 1093
858 4069
859 2530 2779 3174
860
861 877 1635 1982 2377 2467 2548 3065 3150 4295
862
863
864 959 1193 1324 4291
865
866
867 950 1111 1424 1827 2947 3066 3221 3493 3608
868
869
870 2644
871 3409
872
873 942 2186
874 1316 1806
875 1304 2183
876
877 1117 4025
878
879 4611 4657
880
881
882
883
884 2404 2703
885
886 4097
887 1346 1461 2313
888 1365 1800 1810 2696
889 1337 2704 3668
890 4044
891 1343 2532
892
893
894
895 896 1422 1797 2134
896 1408 2281 3383 4438
897 2488
898
899
900 1625 2516 4211
901 1447 1511 1555
902 3300 3304
903 2531 4113
904
905
906
907 987 1112 2022 3656 3988 4622
908 2456 3415
909
910 949 1577 2423 3334 4534
911 2823
912
913
914
915
916 3038
917
918 1607 1897 2489 2522
919 3152
920
921 2366 2587
922
923
924 3695
925
926 2375
927
928
929
930 1320 3102
931 1416 2167
932
933 2835 4059
934
935 3081
936 2464
937 1006 1057 1657 1791 1847 4605
938 973 2625
939
940
941
942
943 1178
944 1598 2842 2982
945 1837
946
947 4209
948 1001 1630 2197
949 4384
950
951
952
953
954
955
956
957 1679
958
959
960 2812
961
962 2009
963
964
965 1645 3571
966 1060
967
968
969
970
971 3507 3969 4277
972 2093 2135 2465 2725 3317
973 1107 3291
974
975
976
977
978 1649 4676
979 2033
980
981
982
983 1433
984 4141
985
986 1693 2058 3955
987
988
989
990 1829 2809
991
992
993 1874
994 3983
995
996
997
998
999 1659 2349
1000
1001 1435 3932 3967
1002 3496
1003 1400 4482
1004 3644
1005 1007 2416 2698 2967
1006 1289
1007
1008 2189 3089 3616
1009 1076 1448 3963
1010 1841 3405 4642
1011 1604 1658 2498
1012
1013
1014 2875 3492 4425
1015
1016
1017 1728
1018
1019 2632
1020 1397 1965
1021
1022
1023 1055
1024
1025 1759 2537 3456
1026
1027 2430 3143
1028
1029 2944
1030
1031 2646
1032 1286 1684 3623 3783 3787 4060 4121
1033
1034 1769 3314
1035
1036
1037 2201
1038
1039 1192 3971
1040
1041
1042
1043 2173
1044
1045 3654
1046
1047
1048
1049
1050 1468
1051
1052
1053 3517 3730 4160
1054 3900
1055 1227 1532 2444 4543
1056
1057
1058 1781 2707 2900 3839
1059 2735
1060 4328
1061
1062
1063
1064 2222 2460
1065
1066 1518
1067 2839 3800
1068
1069
1070
1071 1148 1418 2992 3610 4367
1072 1128 2198 3685 4101 4221
1073 1818 2045 4174
1074 1120 2259 2314 4431
1075 3455
1076
1077
1078 3763
1079
1080 4208
1081
1082
1083 1223 1336 1458 1957
1084
1085
1086 1490
1087 1280
1088 1453 1758 2800
1089 1748 2112 2380 3281 4012
1090 2804
1091
1092 1660 3211
1093
1094 1586 2042 4063
1095
1096
1097
1098
1099
1100 4501
1101 1147 2056 2782
1102 1652 2847 3714
1103 1385 1626 2236 3452 4479
1104
1105
1106 4457
1107 2973
1108
1109
1110
1111 4030
1112
1113 1305 2305
1114 2783
1115
1116
1117 2519
1118 1446 4486
1119 4039
1120 1266 2990 3553
1121
1122
1123 1864
1124
1125
1126 1838
1127 2083 3353
1128 1243
1129
1130
1131
1132 2794
1133
1134
1135
1136 1498 2230
1137
1138
1139 1166 2306 3217 3746 3832
1140 2932
1141
1142 2546
1143
1144
1145 2902
1146 4068
1147 4225 4275
1148
1149
1150
1151 1724 2231
1152 4020
1153
1154 1292 3462
1155 1663
1156
1157 1677
1158 1478
1159 2205
1160
1161 1411
1162
1163 2841 2909
1164 2048 3563 3708 3842
1165
1166
1167
1168
1169 4550
1170 3123
1171
1172
1173
1174
1175
1176 2091
1177 1695 2561
1178
1179 3004
1180 1432 1771 1993 2192
1181 2597
1182
1183 1273
1184
1185
1186 1339 1925 3241
1187 3846
1188
1189 1200 3067
1190
1191
1192 2624 3524
1193 3205 4373
1194 1720 1958 2115 4386
1195
1196 3525
1197 1425
1198 2170
1199 1559 2217 2913 3108 3645
1200 3389 4508
1201 1661
1202
1203
1204
1205
1206 1376
1207 3325 3724
1208
1209 2853 2946
1210
1211
1212
1213 1531
1214
1215
1216
1217 2598
1218
1219 1821
1220 2892
1221
1222
1223
1224
1225 1349 3342 3953
1226
1227
1228
1229 3653
1230
1231 2552
1232 1978
1233 1619
1234
1235 2630
1236
1237 3075
1238
1239 3002
1240 3363
1241
1242
1243
1244 2107
1245 2878 3782 4276
1246
1247
1248 2583
1249 3203
1250 3280
1251 1512 1833 4042
1252
1253
1254 4564
1255 2288 2600
1256
1257 2573 4125 4202
1258 3080
1259
1260
1261
1262
1263
1264 1962
1265 2392
1266 1502 1675 2517 2717 3886 4150 4243
1267
1268 1734
1269 3912
1270
1271 2487
1272
1273
1274
1275
1276 1395 3027
1277 4058
1278 4302
1279 2171 4239
1280 2738
1281
1282 3087 3636 3742
1283 1646
1284
1285
1286
1287 2795 3388
1288 1617
1289 1772 4133
1290 1451
1291 3562
1292
1293
1294
1295
1296 2311 2729
1297
1298 1475 2813 2966 3942 4383
1299 1353 1612 2676
1300
1301 1641 1744
1302
1303
1304
1305
1306 3505 3815
1307
1308
1309 2957 4140
1310 1700 2053 2524
1311
1312
1313
1314
1315 2903
1316 4315
1317 2234
1318
1319 4230
1320
1321 4076
1322 3062 4636
1323
1324 3572
1325
1326
1327
1328 3836
1329
1330 2566 3003 4285 4414
1331
1332 2068
1333
1334
1335
1336
1337
1338
1339 2603
1340 2158 2289
1341
1342 3412 4427
1343
1344
1345
1346 3516
1347 1381 2333
1348
1349 1371 3231
1350
1351 2897 3204 4077
1352
1353
1354
1355 1405 3255
1356 1850
1357
1358
1359
1360
1361 2505
1362 1582 3195
1363 2863
1364
1365
1366
1367
1368
1369
1370
1371 4191
1372
1373
1374 3891
1375 1998 3192
1376 2215
1377 4129
1378 3766
1379 1790
1380 3950
1381
1382
1383 2774
1384
1385
1386 1575 1596 2299 2578
1387 2249 2360 3542
1388
1389
1390
1391 1688 1793 1845 2395 4278
1392 2439
1393 3882
1394
1395 3025
1396
1397
1398 1648 2826
1399 1775 3364
1400
1401 2486
1402
1403 1697 1803 2104 3068 3278 3639
1404
1405
1406
1407 1573
1408
1409
1410 1457
1411 2579 4219
1412 3430
1413
1414 2860 3393
1415 2606
1416 2127
1417
1418 4689
1419 4443
1420 4071 4615
1421 2286 3545
1422 2334
1423
1424
1425
1426 2476
1427
1428
1429 3184
1430
1431
1432 2213
1433 1560 3548 3568 4352
1434 2571
1435 3883
1436
1437
1438
1439
1440 4105
1441 2037 3580
1442
1443
1444
1445 1602 1608
1446 1972 2393 3308
1447
1448 2475 3357
1449
1450
1451
1452 1520
1453
1454 3410
1455
1456 4266
1457
1458
1459
1460 3230
1461 3037
1462
1463 2101
1464 3905
1465 1816
1466
1467 1615 2166 2500 3667
1468
1469
1470
1471
1472
1473
1474
1475 4027
1476 4460
1477
1478 2240 2318
1479
1480 1903 3605
1481
1482 2348 2526 3803 4375
1483 4603
1484 3186
1485 1685 3403
1486
1487
1488
1489
1490
1491
1492
1493
1494
1495 1971 3009 3151
1496 2850
1497 2018 2204
1498
1499
1500 2285 4036
1501
1502 4491
1503
1504
1505 4350 4528
1506 2639
1507
1508
1509 1870 2818
1510 2266 2291 3187 3427 4320
1511
1512
1513 3509
1514 2520
1515 2685
1516
1517 3322
1518 4311
1519 1624 1691
1520
1521 2402 3319
1522
1523 2442 3111
1524
1525
1526
1527
1528
1529
1530 3647
1531
1532 3176 4108 4467
1533
1534 4087
1535 2557 4265 4476
1536 3986
1537 1664
1538
1539 2011
1540 3074
1541
1542 3220 4559
1543
1544
1545
1546
1547
1548
1549
1550
1551
1552 2686 3894
1553 1721
1554 4146
1555 4110
1556
1557
1558
1559
1560
1561
1562 2451
1563
1564
1565
1566 2773
1567 2336
1568 3873
1569 1908 2528 2760
1570
1571
1572
1573 3149
1574
1575 2997
1576 2044 2781
1577 4207
1578 3287 3535
1579
1580 4664
1581
1582 3584
1583
1584 1836
1585 1846 1977 2576
1586
1587
1588
1589
1590 1828 4046
1591
1592
1593 2353 3673
1594
1595
1596
1597 2899
1598 4520
1599
1600
1601
1602
1603
1604
1605
1606
1607 2479 3235 3893 4084
1608 2090
1609 1692
1610
1611
1612
1613
1614 4606
1615 2508
1616
1617
1618 4322
1619 1643
1620 1628 4132 4406
1621 2043
1622
1623
1624
1625 3911
1626
1627 2828
1628 2089 2796
1629
1630
1631 2720
1632
1633
1634 2837
1635
1636
1637
1638
1639 2030
1640 2604 3546
1641 4066
1642 2572
1643
1644
1645 3352
1646
1647
1648 4270
1649 3076
1650
1651
1652 2762
1653
1654
1655
1656
1657 2798 2803
1658
1659
1660
1661 3699 3980
1662
1663 1835 1894 3185 3379
1664 2338
1665 2956
1666
1667 2362 4459
1668
1669
1670
1671
1672 2216 3868
1673 2612 4370
1674 1698
1675
1676
1677 2608 2665 3371 3765 3899
1678
1679 2689
1680 2031 2095 2162 3547 3740 3879
1681
1682 2933
1683
1684 2918 4272
1685
1686 2585
1687
1688
1689
1690
1691
1692 2770 2938 4083
1693
1694 2684
1695 2787
1696
1697 3328
1698
1699
1700
1701 1947 2129
1702
1703 1839
1704
1705 3716
1706
1707
1708
1709
1710
1711
1712 3567
1713
1714
1715
1716 4047
1717
1718
1719 1763
1720 4249
1721 3238
1722
1723
1724 1809 1873 2968
1725
1726 3898 3943
1727 1883 3101
1728 1854 3814
1729
1730
1731
1732
1733 2718 3378
1734
1735
1736
1737
1738 2149 3807
1739 2562 2602 2636 2731 3060
1740 4292
1741
1742 1832 3833
1743 4346
1744
1745 3113
1746
1747
1748 1849
1749
1750 4512
1751
1752 3160 4665
1753 4472
1754
1755
1756 1896
1757
1758
1759
1760
1761 4167
1762 4625
1763
1764
1765 4079
1766
1767
1768
1769 2252 2408 3599 4319
1770
1771
1772
1773 2121 3482 3527
1774 3663 3835
1775
1776 2989
1777 2133
1778 2494
1779 3959
1780 2470 4293
1781
1782 2482
1783
1784
1785
1786
1787 2702 2977 3350
1788
1789 4089 4188
1790 4412
1791 2396
1792
1793
1794 2391 3109
1795 2420 3117 3173 3526 4647
1796
1797 1904 2290 2399 2776 3442 4183
1798 2106 3754
1799
1800 4337
1801 2862 4597
1802 2097 2727
1803
1804 2949 4151
1805 3458
1806 4591
1807 2180
1808 2930
1809 3460
1810
1811
1812 2634 3179
1813 3696
1814 2002 2937 3816 4031
1815
1816 2330
1817
1818 2389 3897 4114
1819 3236 3303
1820 4153
1821
1822 2224
1823
1824
1825
1826
1827
1828 3717
1829 2469
1830
1831 1942 2627
1832 1886
1833
1834
1835 2765
1836 2952
1837
1838 2388 3793
1839
1840 4053
1841
1842
1843
1844 2714 3581
1845 3118
1846
1847
1848 2658 4116
1849
1850 2070 2255
1851 2244 3175
1852
1853
1854
1855
1856
1857
1858
1859 2400
1860 3540
1861 2263
1862
1863 2477
1864
1865 2560 4034
1866 2303 3424 3640
1867 4029
1868
1869 2094
1870
1871
1872 2268
1873 3266 4333
1874
1875 2020 3601
1876
1877
1878 3711 4100
1879
1880
1881
1882 2626
1883 4215
1884
1885
1886 3360
1887 2085
1888 2209
1889 4570
1890 2753 3292
1891 2454 2740
1892
1893
1894
1895
1896
1897 2445 3700
1898
1899
1900
1901
1902
1903
1904
1905
1906
1907
1908 3641
1909
1910
1911
1912
1913 2429
1914
1915 3264 4407
1916
1917
1918 3471
1919
1920
1921 3914 4138
1922
1923
1924 3139
1925
1926 3464
1927
1928
1929 4628
1930 3307 4653
1931
1932 3438
1933
1934
1935 2063
1936
1937 2212 3070
1938
1939
1940
1941 3018
1942
1943
1944 2065 2076
1945
1946
1947
1948
1949
1950 4263
1951 3290
1952 2356
1953
1954
1955
1956
1957
1958
1959
1960 2414
1961 4542
1962
1963
1964
1965
1966
1967
1968
1969
1970 2354
1971 3448
1972 2323 3343 3862
1973 2935
1974
1975
1976
1977
1978
1979 4015
1980
1981
1982
1983
1984
1985
1986
1987
1988
1989
1990
1991
1992 2960
1993
1994
1995 2912 3029 3279 3483 3688 4168
1996
1997
1998 4159
1999 3652
2000
2001
2002
2003
2004
2005
2006
2007 3731
2008
2009 2591 4392
2010 3559
2011
2012 3104 4471
2013
2014 3444
2015
2016
2017
2018
2019 3127
2020 2307
2021
2022 2539
2023 2245 3041 3732
2024
2025
2026
2027
2028
2029 3778
2030
2031
2032 3849
2033 2559 2994 3583
2034
2035
2036 4506
2037 4659
2038
2039
2040
2041
2042
2043
2044 2472 3254
2045 2233
2046
2047 2337 2564 3071 3344 3675 4172 4574
2048
2049 2329 3156 4212
2050
2051
2052
2053 2550
2054
2055
2056
2057
2058 4668
2059 2359
2060
2061
2062
2063 3552
2064
2065 2261
2066 3467
2067
2068
2069
2070
2071
2072
2073
2074
2075
2076 2663
2077
2078
2079 3313 3638 3646 4234 4382
2080
2081
2082
2083
2084
2085 2332 3428 3518 4464
2086
2087
2088
2089
2090
2091 2270 2283 3188 3335
2092 2246
2093
2094 3826
2095
2096 2907
2097
2098 3592
2099
2100
2101
2102
2103 3720
2104
2105
2106
2107 3161
2108
2109
2110
2111
2112
2113
2114
2115 2569 3155
2116 4645
2117 3092
2118
2119
2120 2490
2121
2122
2123
2124
2125 4009
2126
2127 4516
2128
2129 2631 2793 3477
2130 3422
2131
2132
2133
2134
2135
2136
2137
2138 2144
2139 2825 4349
2140 2799 2852
2141 2221 2403
2142 3662
2143 2310
2144
2145
2146
2147
2148
2149
2150
2151
2152
2153
2154
2155 4284
2156
2157
2158 2889
2159
2160 4201
2161
2162 3752 3845
2163 3902 4055
2164
2165
2166
2167
2168
2169
2170
2171
2172
2173
2174 2547 4369
2175
2176 3222 3588
2177
2178
2179
2180 3926 3998
2181 2448
2182
2183
2184
2185
2186 3739
2187
2188 4235
2189
2190 4693
2191 2919 4199
2192
2193
2194 2943
2195
2196
2197 4385
2198
2199
2200
2201 2485
2202
2203
2204
2205
2206
2207
2208 3534 3866
2209 3915
2210 3200 3239
2211
2212
2213 2440 3056
2214
2215
2216 4643
2217
2218
2219
2220
2221
2222
2223
2224
2225
2226
2227
2228 2478 2589 2858 3830 4387 4678
2229 2455 2969
2230 2864 3226 3767
2231
2232
2233
2234
2235 3486
2236 4481
2237
2238
2239 4530
2240
2241 2939 4021 4169
2242
2243
2244
2245
2246
2247 2599
2248
2249 2633 2877 4561
2250
2251 4617
2252
2253 2917
2254 2882 4644
2255
2256 3219
2257 4376
2258 2791 3917
2259
2260
2261
2262
2263 3470
2264
2265 3497
2266
2267
2268
2269
2270
2271
2272
2273
2274
2275
2276
2277 2514
2278 2415 3147
2279
2280
2281
2282
2283
2284
2285
2286
2287 2996
2288
2289
2290 4310
2291
2292 3485
2293 2859
2294
2295
2296
2297 2963
2298
2299 2719
2300
2301
2302
2303 2518 4648
2304 3472 3937
2305 2468
2306
2307
2308 2661
2309
2310
2311 2511 2832 3348
2312
2313 2688
2314
2315
2316 2929 3878
2317 3084
2318 3426
2319
2320
2321 3480
2322 3491 4536
2323
2324 4096
2325
2326
2327
2328
2329
2330
2331
2332 4336
2333 2890 3439 3805
2334 4624
2335
2336 2923 3602
2337 4213
2338 2623
2339
2340
2341 3401
2342
2343
2344
2345
2346
2347
2348
2349 4173 4649
2350
2351
2352
2353
2354
2355
2356
2357
2358
2359
2360 3890
2361
2362 4007
2363 4232
2364
2365 2446
2366
2367
2368
2369
2370 2732 3551
2371
2372
2373
2374 2406 3544 4094 4572
2375
2376
2377
2378
2379
2380 3755
2381
2382
2383
2384
2385
2386
2387
2388
2389
2390 2575 3579 4674
2391
2392
2393
2394
2395 3876
2396 2582
2397 3587
2398
2399
2400
2401
2402
2403
2404
2405
2406
2407
2408
2409
2410
2411 4250
2412
2413 3756
2414 3122 3396
2415
2416
2417
2418 4197
2419
2420
2421
2422
2423
2424
2425 3965
2426
2427
2428
2429
2430
2431
2432 4540
2433 4294 4394
2434
2435 2987
2436 3286
2437
2438
2439
2440
2441
2442 3596
2443
2444
2445
2446
2447
2448
2449
2450
2451
2452
2453 3375
2454
2455
2456 3744
2457 2638 3725
2458
2459
2460 4022 4080
2461
2462
2463
2464
2465
2466
2467 3312
2468
2469
2470 3116
2471
2472
2473
2474 3512
2475
2476 3935
2477 3154
2478
2479
2480
2481
2482
2483 3356
2484
2485 3036
2486
2487
2488
2489
2490
2491
2492
2493
2494 4475
2495
2496
2497 3095
2498
2499
2500
2501 2747
2502
2503
2504
2505
2506
2507 3336
2508 4363
2509
2510
2511
2512
2513
2514
2515
2516
2517
2518
2519 3299
2520
2521 3114
2522
2523 4214
2524
2525 2808
2526
2527 2641
2528
2529 2920
2530
2531
2532
2533
2534
2535
2536 3960
2537
2538
2539
2540
2541
2542
2543
2544
2545 3262
2546
2547 2744 2769 3332 3701
2548
2549
2550 4413
2551 2846 3106
2552
2553
2554
2555 3621
2556
2557
2558
2559 3993
2560 3194
2561
2562
2563
2564 2797
2565
2566
2567 4289 4436
2568 3593 4393
2569
2570 3997
2571
2572
2573
2574 3039
2575
2576
2577
2578 2737
2579 2651
2580 4326
2581
2582
2583
2584
2585
2586
2587
2588
2589
2590
2591 3984
2592 2618 3770 4442
2593 2687 3351 3659 3794 4532
2594 3367
2595 4483
2596
2597
2598
2599
2600 2768 3913
2601
2602
2603
2604
2605 2961 4638
2606
2607
2608
2609
2610
2611
2612
2613 2764
2614
2615
2616
2617
2618
2619 4014
2620
2621 2898
2622
2623 3256
2624
2625 3977
2626
2627
2628
2629
2630
2631
2632
2633
2634
2635
2636 3566 4608
2637
2638
2639 4203
2640
2641
2642 3274
2643
2644
2645
2646
2647
2648 2786
2649
2650 3613
2651 4428
2652 3251
2653
2654
2655
2656 3157 3293
2657
2658 3206
2659
2660 3538
2661
2662
2663
2664
2665
2666
2667
2668
2669
2670
2671
2672
2673
2674 3020
2675
2676
2677
2678
2679
2680 3214 3391 3961 4359
2681
2682
2683 4011
2684
2685
2686 3863
2687
2688
2689
2690 3407 3706 3809
2691 4374
2692 3872
2693
2694
2695
2696 3093
2697
2698
2699
2700 3213
2701
2702
2703
2704 3702 4273
2705
2706
2707
2708
2709 3361
2710 4264
2711
2712
2713
2714
2715
2716
2717
2718 3989 4258
2719 3612
2720
2721 2820
2722 4144
2723
2724
2725
2726
2727
2728
2729
2730
2731
2732
2733
2734
2735
2736 4192
2737
2738 3498
2739
2740 4086
2741
2742
2743
2744
2745
2746 3506 3741
2747
2748
2749
2750
2751
2752
2753
2754
2755
2756
2757
2758
2759
2760
2761
2762
2763
2764
2765
2766 3723
2767 4181
2768
2769
2770
2771 2790 3850
2772 4546
2773
2774
2775
2776
2777 2843
2778
2779
2780
2781
2782
2783 2848
2784
2785
2786
2787
2788
2789
2790
2791
2792
2793
2794
2795
2796 4259
2797 4166
2798
2799
2800
2801
2802
2803
2804 3404
2805
2806
2807 3453
2808
2809
2810
2811
2812
2813 3790
2814 4164
2815
2816 3016
2817
2818
2819
2820
2821
2822
2823
2824 4193
2825 4186
2826
2827
2828
2829
2830
2831 3341 3939
2832
2833
2834
2835
2836
2837
2838
2839
2840
2841
2842
2843
2844
2845
2846
2847
2848
2849
2850
2851
2852 3944
2853 3049
2854
2855
2856
2857
2858
2859
2860 4072
2861
2862 3501
2863
2864
2865
2866
2867 3885
2868
2869
2870
2871
2872
2873 3064
2874
2875
2876
2877
2878
2879
2880 4162
2881
2882
2883
2884 4582
2885
2886
2887
2888 3126
2889 3802
2890
2891
2892 3903
2893
2894
2895
2896
2897
2898
2899
2900
2901 4130
2902
2903
2904
2905
2906
2907
2908 3225 4233
2909
2910 2954 3434
2911
2912
2913
2914
2915 3124 4637
2916
2917
2918
2919 3397
2920
2921
2922
2923
2924 4223 4274 4380
2925
2926 3909
2927
2928
2929
2930
2931
2932 3864 4261
2933 3777 3810 3985
2934 3199
2935
2936 4616
2937
2938 3881
2939
2940
2941 3573
2942
2943
2944
2945
2946
2947
2948
2949
2950 4339
2951
2952
2953 4189 4539
2954 3598
2955
2956
2957
2958 3045
2959
2960 4074
2961
2962
2963
2964
2965
2966 3532
2967 4244
2968
2969
2970
2971
2972
2973
2974
2975 4247
2976
2977
2978
2979
2980
2981 3941
2982 4032
2983 3565
2984 3966 4613
2985
2986
2987 4623
2988
2989
2990
2991
2992
2993 3627
2994 3848
2995
2996
2997 4338
2998
2999 3827 4357
3000
3001
3002
3003 3233
3004
3005
3006
3007
3008 3164 3454
3009
3010
3011
3012
3013
3014
3015
3016
3017
3018
3019 4529
3020 3996
3021 4641
3022
3023
3024
3025
3026
3027
3028 4008
3029
3030
3031
3032
3033
3034
3035
3036
3037
3038
3039
3040 3650
3041
3042
3043 3855
3044 3202
3045
3046
3047
3048
3049
3050
3051
3052 3418
3053
3054 3856
3055
3056 3159
3057
3058
3059 3923 4103
3060
3061
3062
3063
3064
3065
3066 3133 3153
3067
3068
3069
3070 3704
3071
3072
3073
3074
3075
3076
3077
3078
3079
3080
3081
3082
3083
3084
3085
3086
3087
3088
3089
3090
3091
3092 3908 3968
3093 4286
3094
3095
3096
3097
3098
3099
3100
3101
3102
3103
3104
3105
3106
3107 3828
3108
3109
3110
3111
3112
3113
3114
3115
3116 3445
3117
3118 3288 4329
3119 3824
3120
3121
3122 4231
3123
3124
3125
3126
3127 4300
3128 3992
3129 3729
3130
3131 3854
3132
3133
3134
3135
3136
3137
3138
3139 4216
3140
3141
3142
3143 3208
3144
3145
3146
3147
3148
3149
3150
3151
3152
3153
3154
3155
3156 3270 4449
3157
3158
3159
3160
3161
3162 3385 4498
3163
3164
3165 3414
3166
3167
3168
3169
3170 4478
3171
3172
3173 3178 3366 3974
3174
3175 4102
3176 4557
3177
3178 3693
3179
3180
3181
3182
3183 4118
3184
3185
3186
3187
3188
3189
3190
3191
3192 3528
3193
3194
3195
3196
3197
3198
3199
3200
3201
3202
3203
3204 4040
3205
3206
3207
3208
3209
3210 3541
3211
3212
3213
3214
3215
3216
3217
3218
3219
3220
3221
3222
3223
3224
3225 4671
3226
3227
3228
3229
3230 3347
3231
3232
3233 3676
3234
3235
3236 3649 4366
3237
3238
3239
3240 4271
3241 3294
3242
3243
3244
3245
3246
3247
3248
3249
3250
3251
3252
3253
3254 4304
3255 4178
3256
3257 4621
3258
3259 3880
3260
3261 3750
3262
3263
3264
3265 3413
3266
3267
3268
3269
3270
3271
3272
3273
3274
3275
3276
3277 3337
3278
3279 4433
3280 3753
3281
3282
3283 4070
3284
3285
3286
3287
3288
3289
3290 4170
3291 3949
3292
3293
3294
3295
3296
3297
3298
3299
3300
3301
3302 4669
3303
3304
3305
3306
3307 3875
3308
3309
3310 4497
3311
3312
3313
3314
3315
3316
3317
3318
3319
3320
3321
3322
3323
3324
3325
3326
3327
3328
3329
3330
3331 3727 4411
3332 4253
3333
3334 3844
3335
3336
3337 3384 4115
3338
3339
3340
3341 3637
3342
3343
3344
3345
3346
3347
3348 3521 3764 3788
3349
3350
3351 3712
3352
3353
3354
3355
3356
3357
3358
3359
3360
3361
3362
3363
3364
3365
3366
3367 4553
3368
3369
3370
3371 3395
3372
3373
3374
3375
3376
3377
3378
3379
3380
3381
3382
3383
3384
3385
3386 3570
3387
3388
3389 4566
3390
3391
3392
3393 3904
3394
3395 3860
3396 3684
3397
3398
3399
3400
3401
3402
3403 4680
3404 4085
3405
3406
3407 4358
3408
3409
3410
3411
3412 4287
3413
3414
3415
3416
3417 3726
3418
3419
3420
3421
3422
3423
3424
3425 4639
3426 4548
3427
3428
3429
3430
3431
3432
3433
3434
3435
3436 4065
3437
3438
3439
3440
3441
3442
3443
3444
3445
3446
3447
3448 4578
3449
3450 3682 4106
3451
3452
3453
3454
3455 3901
3456
3457
3458
3459
3460
3461 4252
3462
3463
3464
3465
3466
3467
3468
3469 3840
3470
3471
3472 3539
3473
3474
3475
3476
3477
3478
3479
3480
3481
3482 3669 4541
3483
3484 4663
3485
3486
3487
3488 4112
3489
3490
3491
3492
3493
3494
3495
3496
3497
3498
3499
3500
3501
3502
3503
3504
3505
3506
3507
3508
3509
3510
3511
3512
3513
3514
3515
3516
3517
3518 3569
3519
3520
3521
3522
3523
3524
3525
3526
3527
3528
3529
3530
3531
3532
3533
3534
3535
3536
3537
3538
3539
3540 4163
3541
3542
3543
3544
3545
3546
3547
3548
3549
3550
3551
3552
3553
3554
3555
3556
3557
3558
3559
3560
3561
3562 3930
3563
3564
3565
3566
3567 3831
3568
3569
3570
3571
3572
3573
3574
3575
3576
3577 3888
3578
3579 4347
3580
3581
3582
3583
3584
3585
3586
3587
3588
3589
3590
3591
3592
3593
3594
3595
3596
3597
3598
3599 4458
3600 4434
3601
3602
3603
3604
3605
3606
3607
3608
3609 3991
3610
3611
3612
3613
3614
3615
3616 4246
3617
3618 4355
3619
3620
3621
3622
3623
3624
3625
3626
3627
3628
3629
3630
3631
3632 4522
3633
3634
3635
3636 4136
3637
3638
3639
3640
3641 4043 4602
3642
3643
3644
3645 3776
3646
3647 3927
3648
3649
3650
3651 4400
3652
3653
3654
3655
3656
3657
3658
3659 3789
3660
3661 4016
3662
3663 3818
3664
3665
3666
3667
3668 4422
3669
3670 4569
3671 3806
3672
3673
3674
3675
3676
3677
3678
3679 4448
3680
3681
3682
3683
3684
3685
3686
3687
3688
3689
3690
3691
3692
3693
3694
3695
3696
3697 4238
3698
3699
3700
3701
3702
3703
3704 4299
3705
3706
3707
3708
3709
3710
3711
3712 3946
3713
3714
3715
3716
3717 4092
3718 4456
3719
3720
3721
3722
3723
3724
3725
3726
3727
3728 4268
3729
3730
3731 3801
3732
3733
3734
3735
3736
3737
3738
3739 3851
3740
3741
3742
3743
3744
3745
3746
3747
3748
3749
3750
3751
3752
3753
3754
3755 4487
3756
3757
3758
3759
3760
3761
3762
3763
3764
3765
3766
3767
3768
3769
3770
3771
3772
3773
3774
3775
3776
3777
3778
3779
3780
3781 3895
3782
3783
3784
3785
3786
3787
3788
3789
3790
3791
3792
3793
3794
3795
3796
3797
3798
3799 4418
3800
3801 4389
3802 4056
3803
3804
3805
3806
3807
3808
3809
3810
3811
3812
3813
3814
3815
3816
3817
3818
3819 4126
3820
3821
3822
3823
3824
3825
3826
3827
3828
3829
3830
3831
3832
3833
3834
3835
3836
3837
3838
3839
3840
3841
3842
3843 4187
3844
3845
3846
3847
3848
3849
3850
3851 3954 4018
3852
3853
3854
3855
3856
3857
3858 4026
3859
3860
3861
3862
3863
3864
3865
3866 4682
3867
3868
3869
3870
3871
3872
3873
3874
3875
3876
3877
3878
3879
3880
3881
3882
3883 4345
3884
3885
3886
3887
3888
3889 4556
3890
3891
3892
3893
3894
3895
3896
3897
3898
3899
3900
3901
3902
3903
3904 4057
3905
3906
3907 3940
3908
3909
3910
3911
3912
3913
3914
3915
3916
3917
3918
3919
3920
3921
3922
3923
3924
3925
3926
3927
3928
3929
3930
3931
3932 4124
3933
3934
3935
3936 4364
3937
3938
3939
3940
3941
3942 4627
3943
3944
3945
3946
3947
3948
3949
3950
3951
3952
3953
3954
3955
3956 4430
3957
3958
3959
3960
3961 4290
3962
3963
3964
3965
3966
3967
3968
3969
3970
3971
3972
3973
3974
3975
3976
3977
3978
3979
3980
3981
3982
3983
3984
3985
3986
3987
3988
3989 4028 4447
3990
3991
3992
3993
3994 4161
3995
3996
3997
3998
3999
4000
4001
4002
4003
4004
4005
4006
4007
4008
4009
4010
4011
4012
4013
4014
4015
4016
4017
4018 4091
4019
4020
4021
4022 4365
4023
4024 4552
4025
4026
4027
4028
4029
4030
4031
4032
4033
4034 4075
4035
4036 4353
4037
4038
4039 4078
4040
4041
4042
4043
4044
4045
4046
4047
4048
4049
4050
4051
4052
4053
4054
4055
4056
4057
4058
4059
4060
4061
4062
4063
4064
4065
4066
4067
4068
4069
4070
4071
4072
4073
4074
4075
4076
4077
4078
4079
4080
4081
4082 4313
4083
4084
4085
4086
4087
4088
4089
4090
4091
4092
4093
4094
4095
4096
4097
4098
4099
4100
4101
4102
4103
4104 4280
4105 4494
4106
4107
4108
4109
4110
4111
4112
4113
4114
4115
4116
4117
4118
4119
4120
4121
4122
4123
4124
4125
4126
4127
4128
4129 4563
4130
4131
4132
4133
4134
4135
4136
4137
4138
4139
4140
4141
4142
4143
4144
4145
4146
4147
4148
4149
4150
4151
4152
4153
4154
4155
4156
4157
4158
4159
4160
4161
4162
4163
4164
4165
4166
4167
4168
4169
4170
4171
4172
4173
4174
4175
4176
4177 4620
4178 4604
4179 4303
4180
4181
4182
4183
4184
4185
4186
4187
4188
4189
4190
4191
4192
4193
4194
4195
4196
4197
4198 4538
4199
4200
4201
4202
4203
4204
4205
4206
4207
4208
4209
4210
4211 4325
4212
4213
4214
4215
4216 4610
4217
4218
4219 4356
4220
4221
4222
4223
4224
4225
4226
4227
4228
4229
4230
4231
4232
4233 4579
4234 4515
4235 4484
4236
4237
4238
4239
4240
4241
4242
4243
4244
4245
4246
4247
4248
4249
4250
4251
4252
4253
4254
4255
4256 4452
4257
4258
4259
4260
4261
4262
4263
4264
4265
4266
4267
4268
4269
4270
4271
4272
4273
4274
4275
4276
4277
4278
4279 4340
4280
4281
4282
4283
4284
4285
4286
4287
4288
4289
4290
4291 4502
4292 4450
4293
4294
4295 4545
4296
4297
4298
4299
4300
4301 4420
4302
4303
4304
4305
4306
4307
4308
4309
4310
4311
4312
4313
4314
4315
4316
4317
4318
4319
4320
4321
4322
4323
4324 4480
4325
4326
4327
4328
4329
4330
4331
4332
4333
4334
4335
4336
4337
4338
4339
4340
4341 4489
4342
4343
4344
4345
4346
4347
4348
4349
4350
4351
4352 4586
4353 4600
4354
4355
4356
4357
4358
4359
4360
4361
4362
4363
4364
4365
4366
4367
4368
4369
4370
4371
4372
4373
4374
4375
4376
4377
4378
4379
4380
4381
4382
4383
4384
4385
4386
4387
4388
4389
4390
4391
4392
4393
4394
4395
4396
4397
4398
4399 4654
4400
4401
4402
4403
4404
4405
4406
4407
4408
4409
4410
4411
4412
4413
4414
4415
4416
4417
4418
4419
4420
4421
4422
4423
4424
4425
4426
4427
4428
4429
4430
4431
4432
4433
4434
4435
4436
4437
4438
4439
4440
4441
4442
4443
4444
4445
4446
4447
4448
4449
4450
4451
4452 4463
4453
4454
4455
4456
4457
4458
4459 4646
4460
4461
4462
4463
4464
4465
4466
4467
4468
4469
4470
4471
4472
4473
4474
4475
4476
4477
4478
4479
4480
4481
4482
4483
4484
4485
4486
4487
4488
4489
4490
4491
4492
4493
4494
4495
4496
4497
4498
4499
4500
4501
4502
4503
4504
4505
4506
4507
4508
4509
4510
4511
4512
4513
4514
4515 4681
4516
4517
4518
4519
4520
4521
4522
4523
4524
4525
4526
4527
4528
4529
4530
4531
4532
4533
4534
4535
4536
4537
4538
4539
4540
4541
4542
4543
4544
4545
4546
4547
4548
4549
4550
4551
4552
4553
4554
4555
4556
4557
4558
4559
4560
4561
4562
4563
4564
4565
4566
4567
4568
4569
4570
4571
4572
4573
4574
4575
4576
4577
4578
4579
4580
4581
4582
4583
4584
4585
4586
4587
4588
4589
4590
4591
4592
4593
4594
4595
4596
4597
4598
4599
4600
4601
4602
4603
4604
4605
4606
4607
4608
4609
4610
4611
4612
4613
4614
4615
4616
4617
4618
4619
4620
4621
4622
4623
4624
4625
4626 4690
4627
4628
4629
4630
4631
4632
4633
4634
4635
4636
4637
4638
4639
4640
4641
4642
4643
4644
4645
4646
4647
4648
4649
4650
4651
4652
4653
4654
4655
4656
4657
4658
4659
4660
4661
4662
4663
4664
4665
4666
4667
4668
4669
4670
4671
4672
4673
4674
4675
4676
4677
4678
4679
4680
4681
4682
4683
4684
4685
4686
4687
4688
4689
4690
4691
4692
4693
4694
