#/opt/homebrew/Caskroom/miniconda/base/envs/hack25/lib/python3.12/site-packages/ipykernel_launcher.py --f=/Users/jpinney/Library/Jupyter/runtime/kernel-v352576b36ed274793969b57d69d8306c9df606370.json
# GMT Sun Jul 20 12:27:20 2025
# 
0 1 4 6 20 21 50 138 276 316 353 368 385 475 554 608 667 754 795 1191 1250 1335 1358 1453 1627 2186 2207 2230
1 2 5 9 12 35 72 73 87 97 100 105 122 200 209 213 228 251 273 288 291 308 337 379 386 390 491 518 523 556 707 737 791 801 842 903 948 977 1132 1139 1168 1196 1203 1205 1232 1278 1502 1563 1659 1771 1890 1947 2358
2 3 7 8 16 24 40 44 46 51 54 76 91 112 140 168 174 191 193 217 222 236 282 349 413 507 595 675 685 711 725 766 787 838 850 872 892 949 1001 1151 1231 1272 1299 1321 1325 1340 1370 1564 1594 1665 1753 1756 1784 1818 1903 1906 2055 2089 2194 2285 2320
3 713 990 1776 2028
4 10 11 32 70 74 363 464 1059 1086 1102 1126 1222 1611 1654 1791 1796 1879 2050 2115 2237 2277
5 65 82 255 435 562 582 650 856 1050 1070 1298 1361 1429 2112 2350
6
7 13 17 19 25 27 34 36 60 81 86 126 159 232 244 315 380 587 708 881 943 1155 1339 1349 1458 1583 1677 2074 2311
8 285 512 1828
9 55 67 107 194 302 800 839 1444 1696 1868 2002 2266
10 18 22 42 230 305 387 552 776 783 823 1088 1135 1496 1643 1745 2097
11 14 15 26 31 143 164 181 202 318 340 365 601 651 674 740 802 875 1011 1227 1326 1393 1516 1737 1859 2293 2319 2340
12 41 68 501 710 834 1849
13 147 249 324 735
14 28 103 116 131 145 170 188 229 333 406 441 446 463 589 634 664 790 792 862 953 1125 1195 1211 1236 1489 1512 1663 1921 1956 2067 2292 2313 2315 2318
15 39 43 62 94 133 192 342 520 638 732 982 1384 1460 1479 1687 1717 1893 2073 2168
16 23 29 38 47 69 109 524 709 821 934 1145 1579 1636 1740 1986 2159
17
18 48 111 142 169 190 281 357 358 564 868 923 1120 1395 2182 2240
19
20 78 95 146 150 173 182 183 259 364 409 540 547 580 788 866 1039 1252 1318 1387 1485 1618 1809 1871 1998 2145
21 167 221 223 233 1022 1284
22 33 59 243 448 772 1773 1846 2272
23 58 165 439 1451 2196 2250
24 93 141 208 220 290 637 1371 1449 1539 1978 2020
25 30 52 56 92 120 153 161 179 195 207 317 334 356 361 393 424 457 471 485 505 532 548 647 689 716 724 727 810 883 897 927 981 1010 1181 1220 1221 1285 1322 1350 1402 1423 1456 1487 1565 1647 1660 2143 2289
26 37 149 242 376 412 895 1425 1430 1448 1794 1803 1862
27
28 49 85 117 119 219 225 239 338 403 480 482 679 761 773 789 804 885 899 1035 1058 1206 1253 1273 1434 1437 1473 1476 1544 1566 1575 1615 1716 1719 1920 1948 1949 1957 1990 2009 2172 2239 2267 2279 2343
29 154 163 867
30
31 1359 1597 2355
32
33 113 210 264 268 447 1076
34 497 1362
35 45 61 115 121 125 128 189 250 269 303 304 383 465 486 546 568 575 626 765 835 952 963 991 1074 1156 1573 2034 2140 2170
36 172 176 348 454 490 514 807 860 1114 1193 1229 1732 1936 2078 2322
37 64 84 90 151 265 359 396 418 438 492 549 586 616 985 1016 1130 1386 1455 1572 1758 2032 2133
38 110 530 1534
39 80 214 1226 2197
40 63 89 247 417 712 782 880 960 1521 1645
41 106 314 878
42 2116
43
44
45 1040 1140 1276
46 66 129 254 306 493 632 655 784 830 922 988 1176 1197 1702 1816 2125
47 53 204 326 755 902 906 1012 1038 1194 1208
48 57 132 731 1031 1073 1506 1708 2130 2136
49
50
51 175 372 697 814 1018 1397 2244 2362
52 212
53 88 347 1110
54 79 83 118 211 257 422 558 600 621 1128 1243 1283 1334 1375 1690 1730 1743 1810
55 510 1015
56 127 201 279 292 366 378 470 478 494 666 750 1310 2007 2093 2200
57 979 1115 1385 1438 1546 2081 2328
58
59 809 1045 1562
60 477 1830 1872 2364
61 101 136 166 309 1363
62 278
63 71 237 673 796 893 900 1632 1971 2371
64 2046
65 96 241 271 344 431 833 1028 1165 1392 1445 1616 1857 2054
66 275 2011 2274
67 75 515 676 1348 1401 1680
68 925 2376
69 1852
70 544 577 1065 1242 2337
71 77 187 1044 1256 1646 2349
72 511 847
73 410 898
74 252 284 297 381 908 1186 1241 1338 1477 1928
75 360 1577
76 2022
77
78
79
80
81
82 645
83 130 295 855 877 882 1090 1684 1762
84 513 2061
85 156 1822
86 613 1592
87 184 301 450 455 561 563 794 1251 1734 1844 2269
88
89 98 258 307 407 818 973 1019
90 155 730 935 945 1089 1651 1888
91 536
92
93 917
94 404 947 1427 1469 2027
95 108 196 277 1897
96
97 473 1180 2144
98 99 177 203 216 286 525 722 993 1172 1446
99 171 907 1319 1598 1808
100 104 714
101 102 375 503 1373 1462 1765 1814 1887
102 114 123 311 845 876 924 1382 1494 2023 2137
103
104 744 1593
105
106 139 231 350 392 428 854 1901 2100
107 571
108 534
109 729 873 1498 1536 1538 1700
110 884 2312
111 395 402
112
113 270 606
114 124 158 300 521 986 1614
115
116 260
117 262 401 756 1067
118 234
119
120 1042
121 199 294 298 533 660 871 1117 1667
122 1754 2169
123 144 157 253 313 572 609 619 829 1366 1398 1848 2336
124 160 354 687 1328 2048
125 180 509 888 992 996 1005 1095 1169 1675 1706 2338
126 135 137 152 186 322 522 576 762 844 861 966 1131 1189 1198 1263 1383 1421 1426 1528
127 185 597 610 771 2210
128 267 351
129
130 1134 1863
131 134 1918
132 261
133
134 1589
135 148 226 849 1555 1975
136 1587
137
138 335 704 1037 1306 2088
139
140 2249
141
142 726 822
143 197 224 330 699
144 382 1497
145
146 1062 1254 1941
147 248 310 1170 1480
148 394 2252
149
150
151 178 238 296 517 605 684
152 162 370 414 1391
153 1974
154 764 1129 1815 2113
155
156 205 289 411 570 649 738 905 1692 1902 2026
157
158 425 440 1465
159 635 1669
160 700 978
161 630 984 1046 1148 1185 1311 1749
162
163 280 2242
164 445 527 682 1006 1501 1571
165 293 840
166 488 719 859
167 215 388 542 896 1413 1981 2079
168 780
169 246 443 519 526 654 920 1190
170
171 329 504 1377 2367
172
173 362 550 670 1880
174 299 1847
175 462
176 579 1704
177 287 466 1966
178 198 434 481 757 999 1201 1511 1518 1533 1633
179
180 468 474 553 698 836 891 1607 1825 1944 2051 2368
181 1993 2119
182 266 437 502 942 1681 2206
183
184 272 391 1407
185
186 745 848 1085 1266 1305
187 1650
188
189 2019 2068
190
191 369 538 2300
192 846
193 206 1087 2033
194 426 1224 1713 1841 2219
195 1415
196 227 487 539 631 853 1162 1347 2181 2221
197 371 397 541 956 1052
198 331 420 598 672
199 458 469 569 1144 1405 1856 2164
200 500 646 718 778 2129
201
202 319
203 332 557
204
205 328 911 2124 2262
206 1515
207
208 620 656
209 1845 2178 2228
210 1072 1522
211 1342 1930
212 1246
213 476 545 1766 2212
214
215
216
217 218 408 909 1777 2103 2375
218 339 753 852 1985 2298
219 389 1055 1624 1775
220 451 453 1628
221 245 921 2110
222
223 931 1002
224
225 283 323 1731 1925
226
227 671 1164
228 1513
229
230 235
231 1664 1800
232
233 240
234
235
236
237
238 256 467 1336 2224
239 1060 1523 1929
240
241 602 1106 1774 2354
242
243
244 377 669 863 1097 1265 2149
245 681
246 263 312 516 617 1337 1412 1503
247
248 1613
249 456
250
251 327 444 611 1635
252 274 612 1315 1420 1495 2101 2108
253 596 1470
254 559
255 405
256 657
257 624 916 2056
258 743 817
259
260 566 592
261
262 775 1744
263
264
265 633 2063
266 590 912 1440 1801 2031
267
268 336 400 748 1175 1177 1553
269
270 373 583
271 423 427 574 584 627 1711
272 1291 1461
273
274 798
275 1017 1755 1832 2152
276
277
278
279 746
280 479 1080 2127
281 320 321 1127 2247
282
283 1763 2105 2291
284 1585
285 528 642 694 1517
286
287
288 1882
289
290 2365
291 416 644 961 1490
292
293 585 629 786 2013
294 607 2275
295 1454 1718
296 717 1007 1084
297 636
298 432
299
300 346 827 1390 1705 2301
301 384 1048 1556 1746 1839
302 374 531 567 1013 1077 1837
303 715 1166 1331
304
305 341 398 910 1004 1029 1138 1255
306
307 1268 2006 2286
308 739 2120
309
310 415 930 1372
311 343 2241
312 421
313 695 1173 1270 1301 1874
314 325 367 419 603 677 950 1174 1302 1505 1508
315
316 2256
317
318 837 1112 1219 1916
319 691 702 721 769 1400 1442
320 594 781 940 1381 2360
321 628 1057 2273
322
323 345 936 983 1056 1685 1729 2024 2156 2162 2183
324 959
325
326 2198
327
328 1399
329
330 1884
331 537 1079
332
333
334 831
335 1419
336 705 1118 1158
337 508 1764
338 1388
339 706 914 1063 1658
340 2361
341 1850
342 1507 1689
343 1867 2085
344 760 1259 1866
345 1678 2295
346 355 535 551 1239 1946 2175
347 2128
348 352 543 643 663 747 1078 1161 1294 1823 2189
349 483
350 879 2306
351 496 1187 1258
352
353
354
355
356 1036 1287 1576 1739 1943
357
358
359
360
361
362
363
364
365 816
366
367 622
368 461 618 987 1559
369 565 1805 1964
370 472 1150 1644
371 1230 1580 2167
372
373
374 529 1105 1182 2317
375
376
377 2082 2264
378 813 889 995 1061 1346 1549 2281 2341
379
380
381 1109 1873 2083
382
383 692 1003 1968
384 399 430 1408
385 2118
386 826 1223 1356 1586 2260
387
388
389 2150
390
391 1543
392 578 832 2238
393 588 763 793
394 1277 1345
395 489
396 429 459 774 1721 1958
397
398
399 573 703 1304
400 1204 1548 1987 2297
401 1264
402 913 1379
403 658 1053 1104
404 1152 1314
405
406
407
408 797
409
410
411
412 1895
413 974 1524
414
415 742 1674
416 433 1233 2158 2245 2329
417 1569
418 1049 1447 1466 1937 2142
419
420
421 498 591 690 1640 1707
422
423
424 1813
425
426 2326
427
428 436 733 741
429
430 593 2035 2132
431 506 2202
432 701 734
433
434
435 452 1790 1907
436 693 980 1025 2066
437 1787
438 723 2091
439 442 865 1184 1281 2180
440 449 653 998 1288 1638 2220
441
442 460 1041 1652 1959 1997
443
444 599 1655
445
446 2029
447
448 1188 1935
449 1047
450
451 1923
452
453 560 1280 1582
454 641 736 1075 1352 1662 1676 2216
455 820
456 1282
457 484 1693
458
459 1098
460 890
461 1295
462
463
464 964 1519
465
466
467
468
469
470 1411 1443 2047
471
472 1525
473 1783 2333
474
475
476
477
478
479
480
481 683
482
483
484
485
486 495
487
488
489 957
490 499 1289 1312 2234
491 785 972 1779
492
493
494
495 604 1303
496
497
498
499 662 1909
500
501
502 1091 1217
503 640
504 1262
505 1595 1870
506
507
508
509
510 1099
511 1661
512 2153
513
514
515 805 1474
516 581 918 1271 1410 1905
517
518
519 1926
520
521 1100 1218 1778
522
523 648 668 965 1329 1493
524 1269
525 1323
526
527 1108 1214 2243
528 759 1027 2141
529 851 919 1865
530 555 1785 1965 2296
531 1603
532
533 2263
534 1119
535 659 915 1330 1840 2138
536 1433 1441 1683 2062 2171
537
538
539
540 1715
541
542 2057
543 1147 1333
544 770
545
546 1308 1486
547
548 2372
549
550 1648
551
552 803 928 1033
553 989 1688
554
555 824 2308
556 812 815 1009 1642 2204
557 615 1530 2041
558 652 1244 1471
559
560 864 1541
561
562
563
564 639 1207 1248 2154 2282
565
566
567 887 2218
568 937
569 901
570 962
571
572 1275 1491 1996
573
574 1113 1215 2102
575
576
577 1952
578
579 843
580
581 958
582
583
584 1482 2366
585 623 665 678 968
586 1842 2205
587
588
589
590
591 767 1557
592
593 970
594
595 614 808 1054 1082 1237 1260 1617 1913 1963
596 825
597 696 1869
598 1179
599
600
601 799 1014 1488 1878
602
603
604 1101
605 1673
606
607
608
609 2017
610 1122
611 1709 1924
612 1064 1596
613
614
615
616
617
618
619 749 1066 2305
620 2161 2176
621 1484
622 625
623
624 1670
625
626
627
628 1092
629
630 806 1141
631
632
633
634
635 1922 2213
636 1934
637 969 1666
638
639
640 1376 1588 2235
641
642
643 758
644 661 686 1896
645 1216 1380 1550 2160
646 1540
647
648
649 1820
650
651 1183
652
653 1316 1694
654
655
656
657 1296
658 1452 1891
659
660
661
662
663
664
665
666 944 955 1071 1083 1431 2190
667 2179
668 1769
669 1137
670 975
671 2309
672 1094 1327 1570 2084 2147
673
674 1908
675
676 680 870
677 1069 1786
678 720 768 1023 1701
679
680 688 1235 1992
681 1192 1767 2025
682 777
683
684
685 1008
686 1641
687
688 1991
689 728 1096 1504
690
691 858 994
692 1357
693
694
695
696 1942
697
698
699 1159
700
701 1149 1551
702
703
704 2316
705 1900
706
707
708
709
710
711
712
713 828 1537
714 751 2021 2359
715 1257 1439
716
717
718
719
720
721
722 811 2193
723
724
725
726 1043
727
728 1917
729
730
731
732
733
734 1459
735 1307 2217
736 1793 1953 2106 2177
737
738
739
740
741 926 1623 1770
742 1163
743
744 954
745
746
747 1467 1520 1710
748 997 1107
749
750 752 1599 1899 2072
751 1969
752
753
754
755 779 819 2321
756 971
757 1142
758
759 2053
760
761 1154
762
763 857
764 904 2131
765
766
767 1020
768 1247 1836
769 1768
770
771
772 1032 1212
773
774
775 1699 2173
776 1792 2215
777 1093 1973
778 1535
779 1574 1995
780
781
782 1630
783
784
785
786 886
787 874 941 1432
788
789
790 1802
791 894 946 1202 1919
792
793
794 1199 1914
795 869 1892
796 1068 1915
797 2004
798 2253
799
800 2044 2258
801 1854 2229
802 841
803
804
805
806 1121
807
808
809 932
810 1051 1320 1353 1355 1631 1960
811
812
813
814
815 1578
816
817
818 1367
819 939
820
821
822 938 1378
823
824
825
826
827
828 1024 1332 1341 1531 1851 2248
829
830
831
832 1409
833
834 1178
835
836 1286 2377
837
838
839
840 1030
841 1414
842 1111 1894 2334
843 951
844
845
846 1344
847
848
849
850 1483
851
852
853
854
855 929 1819 2157
856
857
858
859
860 1527
861 1605
862 1034
863
864 2030
865
866 1695 1728
867
868 1343
869 1157
870
871 1026 1547
872 1560
873
874 1240
875 2199
876
877
878 2209 2330
879
880
881
882
883 1124
884
885 967
886
887 1649 2121
888 1396
889
890 1795
891 976
892
893
894
895
896
897
898
899
900
901 1309 2280 2287
902 1209
903
904
905
906
907 2098
908
909 1153 2236
910 1835
911 1317 1881
912 1171 1590
913 1457 2122
914
915 2059
916
917 2192
918
919 1213
920
921
922
923
924 1500
925 1249 1932
926
927
928
929
930 933 1021
931
932
933
934 1133
935
936
937
938 1143
939
940
941
942 2099
943 1267
944
945 2227
946
947
948
949 1760
950 1292
951
952 1751
953
954
955
956
957
958
959
960 1116 1424 1798
961
962 1000 1081 1136 2347
963
964
965
966
967 1103 1750 1931
968 1123 1876
969 1279
970
971
972
973
974 1475
975 1861
976 1999
977 1722
978 1806
979
980
981
982
983
984 1403 1619 2042
985 1606 1720 1747
986
987 1167
988 2314
989
990
991
992 2373
993
994 1238
995
996
997
998
999
1000
1001
1002
1003 1620
1004
1005
1006
1007 1422
1008
1009
1010 1468 1817
1011 2123 2288
1012 2268
1013
1014
1015 1360
1016
1017 1698 1829
1018
1019 1609
1020 1478 1601
1021
1022
1023
1024
1025
1026 1464
1027
1028
1029 1406 1982
1030
1031
1032
1033 1228 1994
1034
1035
1036 1245
1037 1274 1554 1889
1038 1591 1807
1039
1040
1041
1042 1404
1043 1368
1044
1045
1046
1047 2052
1048
1049
1050
1051
1052
1053
1054
1055
1056
1057
1058 1418 2090
1059
1060
1061
1062
1063
1064 1313 1912
1065 1610
1066
1067
1068
1069 1364
1070
1071
1072
1073 1625 1759 2332
1074
1075
1076
1077
1078
1079 2077
1080
1081
1082 2107
1083
1084
1085 1568
1086 1499
1087 1210
1088 2352
1089
1090
1091
1092
1093
1094
1095
1096 1725
1097
1098
1099
1100 2014
1101 1324 1979
1102
1103
1104
1105
1106
1107
1108
1109 1542
1110 2065
1111 1472 2075
1112 1146 1742 1833
1113 1691
1114
1115
1116
1117
1118
1119 1639
1120
1121 1967
1122
1123 1976
1124
1125
1126
1127
1128 1621
1129
1130
1131 2208 2303
1132
1133
1134
1135 1831
1136 1389
1137
1138 1657
1139
1140
1141 1988
1142
1143 1724
1144 1510
1145 1492
1146
1147
1148
1149
1150 1374 2015
1151
1152 2370
1153
1154
1155
1156 1160 1682
1157 1561 2174
1158 1200
1159 2070 2374
1160
1161
1162
1163
1164
1165 2126
1166
1167
1168
1169 1514
1170
1171
1172 1416
1173
1174 1225
1175
1176
1177
1178
1179
1180
1181
1182
1183 1436 1712 1886 1950
1184
1185
1186
1187 1261
1188
1189
1190
1191 1933 1977 2278
1192
1193
1194
1195
1196
1197 1369
1198
1199
1200
1201
1202
1203
1204
1205 1300 1637
1206 1354 1703 1726 1843
1207
1208
1209
1210
1211
1212 1545
1213
1214
1215
1216
1217
1218
1219
1220
1221 1234
1222
1223 2214
1224
1225
1226 1428
1227
1228
1229 2254
1230
1231 1761
1232 1365 1435 1600 1885 2060
1233
1234 1526
1235
1236
1237
1238
1239
1240
1241
1242
1243
1244
1245
1246
1247 1463
1248
1249
1250
1251 1297
1252 2284
1253
1254
1255
1256 1290 1604 1634
1257
1258 1656 1853 1984
1259 1293 1351
1260
1261 1567
1262
1263 1602 1748 2038 2203
1264 2064
1265
1266
1267
1268
1269
1270
1271
1272 1394 2111
1273
1274
1275
1276
1277
1278 1552
1279
1280
1281
1282
1283
1284
1285 1811
1286
1287
1288
1289 1629
1290
1291
1292
1293
1294
1295
1296
1297
1298
1299
1300
1301
1302
1303
1304
1305
1306
1307
1308
1309
1310
1311 1939
1312
1313 1697
1314
1315
1316
1317
1318
1319
1320
1321
1322 1781
1323
1324
1325
1326
1327 2331
1328
1329 1481
1330
1331
1332
1333
1334 1581 1733
1335 2356
1336
1337
1338 1945
1339
1340
1341
1342 1450 1910 2302
1343
1344 2045
1345 1532
1346
1347
1348 1735 2096
1349
1350
1351
1352
1353
1354
1355
1356
1357
1358
1359
1360 1752 2087
1361
1362
1363
1364 1529
1365
1366 1883
1367
1368
1369
1370
1371
1372
1373
1374 1671
1375
1376 1804
1377 1972 2005
1378
1379
1380
1381
1382
1383
1384
1385
1386
1387 1668
1388 1961 2003
1389
1390
1391
1392
1393 2255
1394
1395 2049
1396 1714
1397
1398
1399 1980 2036
1400 1417 1864
1401 2191
1402
1403
1404
1405
1406
1407 2307
1408
1409 1679 2069
1410 2058
1411 1799
1412
1413 1736 1789
1414
1415
1416
1417 1584 1858 2001
1418
1419
1420
1421 2092
1422
1423 1877
1424
1425 1983
1426
1427
1428 2104
1429
1430
1431 2246
1432 2346
1433
1434
1435
1436
1437
1438
1439 1686 1741
1440
1441
1442
1443
1444
1445
1446
1447
1448
1449
1450
1451
1452
1453
1454
1455
1456
1457
1458
1459
1460 1558 2276
1461
1462 1788
1463 1509 2166
1464
1465
1466 1855
1467
1468
1469
1470
1471
1472
1473
1474
1475
1476
1477 2348
1478
1479 2010
1480
1481
1482
1483
1484
1485
1486
1487
1488
1489 2117
1490
1491
1492
1493
1494
1495 1875
1496
1497
1498 1821
1499
1500 2270
1501
1502 1826 2135
1503
1504
1505
1506
1507
1508
1509
1510 1608 1812 2188
1511
1512 1827
1513
1514
1515
1516
1517
1518 1955
1519
1520
1521
1522 1954
1523
1524
1525
1526
1527
1528
1529 2040
1530
1531 2000
1532
1533
1534
1535
1536
1537
1538 2310
1539
1540
1541 1782
1542
1543
1544 1612 1723
1545 1838 1904
1546
1547
1548
1549
1550
1551
1552
1553
1554
1555
1556 1626
1557 1672
1558
1559
1560
1561 1757
1562
1563
1564
1565
1566
1567
1568
1569
1570
1571 1780 2008
1572 2261
1573
1574
1575 2037
1576
1577
1578
1579
1580
1581
1582
1583 1898 1927
1584
1585
1586
1587
1588
1589
1590
1591
1592
1593
1594 1738
1595
1596 1653
1597
1598
1599
1600 2151
1601
1602
1603
1604
1605
1606
1607
1608
1609
1610
1611 1622 1824
1612
1613
1614
1615 2211
1616
1617
1618
1619 2094
1620
1621
1622
1623
1624
1625 2043
1626
1627 1834
1628
1629 2095
1630
1631
1632 2299
1633
1634
1635 2290
1636
1637
1638
1639
1640
1641 1727
1642
1643 1970
1644
1645
1646 2363
1647
1648
1649
1650
1651
1652
1653
1654
1655
1656
1657 1772
1658 1860
1659
1660
1661
1662
1663
1664
1665
1666
1667
1668
1669
1670
1671
1672
1673
1674
1675
1676
1677 2155
1678
1679
1680
1681
1682
1683
1684
1685
1686
1687
1688
1689
1690 1951
1691
1692
1693
1694
1695 2223
1696
1697
1698
1699
1700
1701
1702
1703 1989
1704
1705
1706
1707
1708
1709
1710
1711
1712 2351
1713
1714
1715
1716
1717
1718
1719
1720
1721 2039
1722
1723
1724
1725
1726
1727
1728
1729
1730
1731 1938
1732
1733
1734 2335
1735
1736
1737
1738
1739
1740
1741
1742
1743
1744
1745
1746
1747
1748
1749
1750
1751
1752
1753
1754
1755
1756
1757 1940
1758
1759
1760
1761
1762
1763
1764
1765 1911
1766
1767
1768
1769
1770
1771
1772
1773
1774
1775
1776
1777
1778
1779
1780
1781
1782
1783
1784
1785
1786
1787
1788
1789
1790
1791
1792
1793 1797
1794
1795
1796
1797
1798 2225
1799
1800 2195
1801
1802
1803
1804
1805
1806 2345
1807 2071 2201
1808
1809
1810
1811
1812
1813
1814
1815
1816
1817
1818
1819 2265
1820
1821
1822
1823
1824
1825 2076
1826
1827
1828 2353
1829
1830
1831
1832
1833
1834
1835
1836
1837
1838
1839
1840
1841
1842
1843
1844
1845
1846
1847
1848
1849
1850
1851
1852
1853
1854
1855
1856
1857
1858
1859
1860
1861
1862
1863
1864
1865
1866
1867
1868
1869
1870
1871
1872
1873
1874
1875
1876
1877
1878
1879
1880
1881
1882
1883
1884
1885 2325
1886
1887
1888
1889
1890
1891
1892
1893
1894
1895 2231
1896
1897
1898
1899
1900 2259
1901
1902
1903
1904
1905
1906
1907 2324
1908
1909
1910
1911
1912
1913
1914
1915
1916
1917
1918
1919
1920 2232
1921
1922 2114
1923
1924 2148
1925
1926
1927
1928
1929
1930
1931
1932
1933
1934
1935
1936
1937
1938
1939
1940
1941
1942
1943
1944
1945
1946
1947
1948
1949
1950 2222
1951 1962 2016 2185
1952
1953
1954
1955
1956
1957
1958
1959
1960
1961
1962
1963
1964
1965
1966
1967
1968
1969
1970 2086
1971
1972
1973
1974
1975
1976
1977
1978
1979
1980
1981
1982
1983 2018
1984
1985
1986
1987
1988
1989
1990
1991
1992
1993 2184
1994
1995
1996
1997
1998
1999 2080 2187
2000 2139
2001
2002 2012
2003
2004
2005
2006
2007
2008
2009
2010
2011
2012
2013
2014
2015
2016
2017
2018 2146
2019
2020
2021
2022
2023
2024
2025
2026
2027
2028
2029
2030
2031
2032
2033
2034
2035
2036
2037
2038
2039 2251
2040
2041
2042
2043
2044
2045
2046
2047
2048
2049
2050
2051
2052
2053
2054
2055
2056
2057
2058
2059
2060
2061
2062
2063
2064
2065
2066
2067
2068
2069
2070 2233
2071
2072
2073
2074
2075 2369
2076
2077
2078
2079
2080
2081 2283
2082
2083
2084
2085
2086
2087 2109
2088
2089
2090
2091
2092
2093
2094 2304
2095 2134
2096
2097
2098
2099
2100
2101
2102
2103
2104
2105
2106
2107
2108
2109
2110
2111
2112
2113
2114
2115
2116
2117
2118
2119
2120
2121
2122
2123
2124
2125
2126
2127
2128
2129
2130
2131
2132
2133 2226
2134
2135 2163
2136
2137
2138
2139
2140
2141
2142
2143
2144
2145
2146
2147
2148
2149 2294
2150
2151 2165
2152
2153
2154
2155
2156
2157
2158
2159
2160
2161
2162
2163 2271
2164
2165
2166
2167
2168
2169
2170
2171
2172
2173
2174
2175
2176
2177
2178
2179
2180
2181
2182
2183
2184
2185
2186
2187
2188
2189
2190
2191
2192
2193
2194
2195
2196
2197
2198
2199
2200
2201
2202
2203
2204
2205
2206
2207
2208
2209
2210
2211
2212
2213
2214 2257
2215
2216
2217
2218
2219
2220
2221
2222
2223
2224
2225
2226
2227
2228
2229
2230 2327
2231
2232
2233
2234
2235
2236
2237
2238
2239
2240
2241
2242
2243
2244
2245
2246
2247
2248
2249
2250
2251
2252
2253
2254
2255
2256
2257
2258
2259
2260
2261
2262
2263
2264
2265
2266
2267
2268
2269
2270
2271
2272
2273
2274
2275
2276
2277
2278
2279
2280
2281
2282
2283
2284
2285
2286
2287
2288
2289
2290 2342
2291 2357
2292
2293
2294
2295
2296
2297
2298
2299
2300
2301
2302
2303
2304
2305
2306
2307
2308
2309
2310
2311
2312
2313
2314
2315
2316
2317
2318
2319 2323
2320
2321
2322
2323
2324
2325
2326
2327
2328
2329 2344
2330
2331
2332
2333
2334 2339
2335
2336
2337
2338
2339
2340
2341
2342
2343
2344
2345
2346
2347
2348
2349
2350
2351
2352
2353
2354
2355
2356
2357
2358
2359
2360
2361
2362
2363
2364
2365
2366
2367
2368
2369
2370
2371
2372
2373
2374
2375
2376
2377
