#/opt/homebrew/Caskroom/miniconda/base/envs/hack25/lib/python3.12/site-packages/ipykernel_launcher.py --f=/Users/jpinney/Library/Jupyter/runtime/kernel-v352576b36ed274793969b57d69d8306c9df606370.json
# GMT Sun Jul 20 12:27:20 2025
# 
0 1 3 4 6 7 8 11 13 17 27 29 52 53 55 87 110 117 134 146 149 186 200 201 218 226 250 298 356 377 394 479 499 508 519 587 596 624 629 641 656 667 693 738 766 792 863 896 911 919 966 1011 1014 1020 1023 1066 1083 1223 1234 1242 1270 1275 1563 1638 1683 1702 1731 1862 2015 2034 2056 2084 2088 2105 2113 2168 2252 2289 2290 2350 2405 2411 2428 2444 2526 2629 2674 2920 2992 3007 3090 3124 3149 3197
1 2 5 10 12 15 16 18 22 23 41 42 43 44 47 67 124 125 132 136 219 244 247 258 306 330 331 348 353 354 369 390 398 400 416 449 453 492 528 567 622 723 734 740 744 760 808 818 822 914 984 997 1002 1043 1062 1174 1302 1325 1334 1410 1501 1549 1582 1749 1759 1788 1793 1829 1834 1840 1913 2017 2021 2032 2114 2170 2312 2361 2367 2434 2441 2480 2496 2554 2649 2652 2673 2684 2774 2830 2908 2952 2959 2982 3087 3107 3119 3252
2 246 321 382 465 657 767 990 1123 1465 1590 1645 1801 2207 2767 3115
3 48 97 123 431 1054 2562
4 21 25 64 99 162 170 228 284 324 441 445 483 518 681 752 763 777 967 1071 1136 1172 1261 1265 1354 1392 1539 1614 1704 1947 1976 2090 2103 2151 2172 2226 2305 2380 2542 2976 3005 3220
5 9 19 28 32 34 39 50 56 57 61 88 91 95 96 98 102 104 108 120 121 129 154 161 166 174 184 229 243 249 251 272 332 337 378 379 399 404 426 475 478 564 592 601 619 661 708 807 815 816 903 952 1009 1018 1021 1130 1133 1177 1210 1244 1268 1380 1422 1449 1466 1572 1599 1621 1709 1809 1815 1896 1903 1950 1987 2112 2141 2175 2200 2276 2291 2397 2407 2413 2448 2535 2610 2642 2690 2760 2762 2807 2888 2964 3180 3199 3200 3234
6 2616
7 142 288 470 1420 1460 1521
8
9 133 169 196 448 464 1429 2109 2328 2800
10 158 295 359 410 922 1630 1665 2398 2541 2820
11 71 74 197 240 749 1448 1956 2063 3054
12 30 37 103 106 181 235 315 344 388 565 603 705 1044 1161 1366 1378 1544 1686 1811 1835 1856 2054 2087 2587 3019
13 14 20 70 76 148 307 425 428 550 578 803 830 1008 1033 1104 1109 1153 1284 1416 1527 1910 2657 2693 2745 2918 3046 3221 3275
14 1060 1661
15 234 459 573 856 1895 2494 2500 2520 2773
16 163 230 327 403 633 684 1049 1277 1320 1584 1971 3006
17 24 65 92 119 194 257 313 323 347 433 454 505 569 615 647 688 782 917 1041 1477 1533 1810 1858 1918 2130 2464 2792 2972
18 130 199 924 1061 2399
19
20 172 256 1623
21 100 101 312 314 336 824 1007 1306 1362 1559 1604 1617 1830 1876 2003 2409 2497 2591 2804 3071 3193
22 26 81 111 157 178 217 241 263 266 279 283 300 340 384 520 525 537 563 599 791 834 948 1059 1143 1213 1220 1337 1399 1428 1507 1794 1855 1892 1921 1942 2499 2615 2633 2643 2841 2986 3065
23 273 2545
24 45 927 1154 1579 1914 2005 2129 2420
25 31 33 270 461 1134 1260 1983 2040 2081 2603
26 35 40 63 137 145 176 386 680 855 1089 1311 2050 2158 2355 2430 2821 2913 3029 3198
27 60 85 291 303 460 516 660 873 875 2148 2585 2725 3159
28 49 964 1611 2775
29
30 38 141 159 294 363 439 583 1305 1439 1737 2152 2313 2867 2930
31 139 813 904 1082 1137 1481 1637 2621
32 36 208 214 355 420 534 1348 1476 1825 2186 2212 2783 3024
33 46 59 68 80 126 156 211 216 222 259 296 342 343 370 407 408 480 497 521 704 742 846 929 999 1069 1226 1279 1361 1471 1483 1511 1778 1851 1922 2231 2246 2311 2373 2437 2566 2618 2905 2927
34 54 128 144 150 177 452 597 828 851 888 1050 1359 1715 1844 1926 2319 2400
35 62 72 538 588 1859 2601
36 153 189 210 215 376 443 469 545 759 779 827 950 992 1012 1048 1608 1660 1745 2111 2179 2698 2814 2845
37 116 1787
38 51 78 245 577 631 916 1057 1351 2127 2570 3077
39 462 2484
40 209 339 484 557 691 699 1187 1331 1727 2235 2366 2442 2892
41 2144
42 66 73 75 77 86 89 90 252 261 334 396 724 741 755 756 775 783 860 909 1890 2234 2665 3035 3184 3250
43 1027
44 58 195 202 282 510 711 1170 1315 1751 2058 2504 2583 2713
45 994 1574 1938
46 227 1267 2047 2472 2911
47 1887 2159 2325 2575 3231
48 69 143 255 322 395 732 951 1690 1985 2916
49 380 628 690 1212 1878 2750 3144
50
51 349 837 2121
52 155
53 82 84 751 1255 1743 2066 2257 2598 3043
54 107 458 517 623 1304 1324 1393 1444 1880 2620 2779 3051
55 151 207 254 385 582 634 771 1355 1567 1610 1720 1941 2038 2696 2883 2936 3033
56 171 175 328 503 542 556 590 611 616 717 809 1105 1552 1641 2450 2471 2502 2823
57 413 843 3073
58
59 147 566 769 955 1454 1765 1869 2219 2406 2921 3088
60 658 2850
61 1211
62 810 1385 1440 1968
63
64 109 191 335 434 617 869 874 1484 1796 1805 2069 2396 2580 2600 2904 3269
65 93 679 727 748 946 1254 1374 1408 1902 2205 2553
66 320 405 457 522 559 562 1605 2014 2501 2660
67 466 512 778
68 311 1494 1953
69 79 94 213 493 715 2370 2691 2926
70 364 387 406 450 812 1045 1344 1520 1531 1687 2136 2220 3003
71 131 224 865 900 1146 1678 1786 2085 2376 2733
72
73 83 206 231 357 391 591 594 840 1094 1173 1368 1769 1781 2055 2557 2846 2994 3104 3201
74 884 1080
75 1245
76 105 864 2243 2592
77 1597 2198
78 317 430 893
79 138 368 982 1178 2531
80 112 383
81 264 409 839 1296 1329 1790 2511 3282
82
83 753
84
85
86 173 1795 2372 2440
87 275 352 1040 1162 1205 1413 1939 2082 2300 2924
88 118 223 225 1648 2744
89 2288
90 221 302 3163
91
92 1032
93
94 714
95 262 267 754
96 160 928 2012 2488 2555
97
98 488 3105
99
100 2131
101 2722
102 654 707 1383 1566 1839 2847
103 168 2039 2154 2216 2236 2272 2451 2463
104 3041
105 115 963 1681 1741 2214
106
107 114 2512
108 648 1112 1445 1893
109
110 135 372 424 473 474 514 630 894 981 1149
111 113 2705
112 1070
113 572 713 2797
114 140 167 203 494
115 287 362 1144 1767 2245
116
117 472 552 885 1113 2184 2505 2611
118 401 1292
119
120 701
121 122 180 182 188 238 318 446 669 768 947 1197 1335 1515 1578 1671 1703 1944 2949
122 165 204 765 1750
123
124 152 568 798 835 993 1733 2016 2160 2317
125
126 127 192 736 899 2599 2748 2842
127
128
129 205 280 309 523 608 823 1013 1078 1081 1495 1593 1861 2326 2446 2491 2714 3093
130 878
131 281 2196 2335 2597
132
133 487 795 890 907 1309 1370 1503
134
135 1432
136 325 3094
137 242
138
139
140 239 269 360 639 762 891 892 1360 1500 1673 2029 2218 2455
141 179 530 2524 2880 3168
142 164 438 548
143 561 571 1147 1203 1756 1867 2153 3037 3274
144 531 621 1940 3049
145 198 293 1372 3052 3279
146 310 841 1308 1327 1557 2639 2942
147 849 1228 1556 2670 2969
148 299
149
150
151
152
153 185
154 373 1237 2035 2281
155 2346
156 527 2064 2654 2862
157 338
158 1461
159
160
161 696 1456 1826
162 193 305 351 1188 1760 2041 2486 2934
163
164 190 456 675 676 832 1100 1453 1455 1823
165 1546
166 333 644 962 1450 1534 2561
167 2057 2720
168 476
169
170 1285 2309
171 1371 2560
172 728 1543 2356
173 183 268 506 643 886 1152 1766 1925 1955 2215 2593 2803
174 232 319 371 389 1276 1697 2401
175
176
177 2461 2609
178 1034 2076
179 187 237 422 524 546 589 861 883 957 1126 1142 1198 1530 2108 2514 2543 3222
180
181 1063 2368
182 2263
183 649 1458
184
185 1571
186 432 833 1072 1235 1330 1777 2584 2619 2764
187 804 1046 1907
188 411 1568 1735 2365
189 605 659 1176 1505 1708
190 260 276 689 1927 2377 2624
191
192 301 415 437 574 637 687 1030 1056 1375 1689 2094 2635 2675 2966 3047 3140 3154
193 375 695 1991
194 598
195
196 576 1004 1215 1974 2181 2375 2438
197 826
198 652 3056
199 694 831 1097 2739 2957
200 212 958 1352 2651 2715
201
202
203
204
205 1084 1522 1820 3044
206 220 361 1160 1510 1587 2240
207
208 1357 1962 2644
209
210 906 1103 1341
211 277
212 236 789 1099 1230 1463 1627 1698 1762 2558
213 1171
214 447 1028 1141
215 489 539 739 854 985 1668 2018 2031 2269 2301 2321 2519 2582
216 274
217 248 297 329 381 731 745 880 1122 1264 1328 1350 1831 2191 2391 2622 2777 2781 3265
218 358 486 533 859 1053 1119 1447 1692 2985
219
220
221 3214
222 233 632 940 944 1338 1929 1943 2000 2567 2627
223 455
224 1156
225 1555
226 1451 1560 1570 3020
227 1180 1486
228
229
230 730 2533
231
232 581 585 636 2073
233
234 365 481 758 1591 1958 3116
235 253 285 402 417 682 706 983 1224 1523 1538 1933 2100 2135 2161 2228 2323 2453 2721 2770 3058
236 341 419 1115 1165 2093 2287 2586 3017 3145
237 427 607 703 1586 2548 2806
238 271
239 1092 1139 1356
240 1037 1946
241 304 584 3243
242
243 412 535 551 614 1006 1423 1959 2077 2261
244
245 712 1603 1799 2449
246
247
248 2123
249 374
250 1389 1412 1724
251 292 555 672 737 1117 1207 1249 1293 1818 2024 2238 2292
252 3030
253 491 1266
254
255
256
257 345 1340 1635 2150 2682
258
259 1190 2935 3123
260 366 477 500 949 1585 1739 1973 2119 2738 2987
261 289 326 2993
262 2534
263 316 913 1848 2518
264 265 392 1397 1417 2340 3136
265 1098 2010
266 2565
267
268 2940
269
270
271 278 2740
272 502 1934
273 2092
274 674 797
275
276 440 579 726 1029 2233 2393 2834
277 780 1819 1824 2414
278 286 612 677 757 781 2223 3012 3155
279
280
281 1074 1499
282
283 290 541 1712 1722 1775
284
285 2028
286 350 468 1864 2192 2765 2813
287
288
289
290 991 1090 1446 1874 1881
291
292 1047
293
294
295 1167
296 485 1414 1595 2110 2576
297 308 2091
298 1613
299 2459
300 1919 2042
301 397 1493 1642
302 773 1656 2062
303 504 897 1175 1806 1975 2286 2424
304 515
305 2700
306 507 2917
307 2033
308 532 881 1349 2145
309
310 796
311 526
312 471 540 558 1758 1804 2253 2838 3171
313 463 663 838 848 1367 1421 1550 1594 1813 1945 2230 2274 2854
314
315
316 650 920 1163 2896
317 429 467
318
319 1472
320 2195 3272
321 544 718 743 975 1000 1246 1783 2185 2786 2877 3099
322 367
323 496 554 670 671 1076 1298 1409 1863 1948 2271
324
325 996 1540 1545 2345
326
327
328 2694
329
330 418 2569
331
332 918 1003 1166 1854 2481 2607
333
334 1155
335 1179 1415
336
337 2831
338 1347 1502 2265
339 346 547 1524 2556 2680 2915
340 638 2550
341 970 988 1135
342 1345
343
344 1377 3229
345 1233 1403 2741
346 2751 2860
347
348 423 998 1251 1400 1632 2008 2075 2259 2334 2468 2631 3194
349 602 1379 1882
350 651 3178 3196
351
352 609 829 1221 3128
353 844 3227
354
355 1916
356 1239 1852 2666
357
358 666 719 1201 1373 1589 2007 2171 3053
359
360
361
362
363
364
365 451 2044 3150
366 1107 1554
367 735
368 2241 2458 3246
369
370 570 1719
371 1295
372 1658 2612
373 3027
374
375
376 2247 2489 3147 3289
377 393 3031
378 549
379
380 941 2991
381 442 895
382
383 1088 2812
384
385 1077 1443
386
387
388 600 788
389 436 444 700 2147 2498 2756 3101 3248
390 610 1473
391
392
393 1193 2267 3203
394
395
396 2349
397 1110
398 482 1248
399
400 819 2637
401 2051 2521
402 511 1010 1278 2067 3074
403 2793
404
405
406 1364
407 1140 2661
408 1577 2297 2606 2988
409 2052
410
411 1684 2540
412 1168 1752 2097
413 414 1626 1996
414
415
416 2515
417
418 495 2734
419
420 421 1064
421
422 606 1573 2688
423
424
425
426 686 1843 2763 3096
427
428 1395
429
430 435 866
431 501
432
433 543 872 1332 2389
434
435 936 1394 2157 2647 3164
436 811 2133 3228
437
438
439 733
440
441 3226
442
443 2177
444 673 987 1121 1227
445 553
446 1314
447
448 1312
449 836 1138 1598 2176 2222 3016
450 1575
451
452
453 989 1906
454 939 2579 3185
455 513 926
456
457 1259 1583 1679 1920
458 1654 2605 2943
459 683
460 645 709 729 932 1019 1118 1402 1730 2156
461 509 595 664 942 3000
462 529 1067 1821 2282 2891
463 1401 1488 1506
464
465
466 593 1558 3170
467 697 2963
468 498
469 642 655 1706
470
471
472 937 1151 1504 2061 2473 2736 2989
473
474
475 1398 1564 1729
476 490 560 974 1541 1653 2310
477
478 1036
479
480 1058 1419
481 959 1024 1087 1124 1209 2264 3218
482 867 868 905 1514 1569 1695 2118
483 1035 2266 2549
484 1628
485 935
486 586 1208 1469 1718 1923 2045
487 725
488
489
490 3268
491 1181 1358 1779 1997 2011 2068 2944 2954
492 842 1085 1600
493 1634
494 806 2967
495 1710 1748 1964
496 1516
497
498 1736 1883 2359
499 698 785 2881 2981 3127 3151
500 1272 1866 3208
501
502 1108 1164 1967 2848
503 1326 1464 1487 3060 3260
504
505 1836 2655 2863
506 2053 2354
507
508
509 618 635 722 1015 1728 1969 2436 2683 2868 3102 3192
510 678 1038 1650 2856 2901
511 1847
512 1216 2125
513 764 2824
514 625 956 2116 2809 3216
515 934 1853 2410
516
517 2404
518 536
519 1989 2149
520
521 1837
522 1457
523 640 1891 2749
524 847 2874
525 971
526 720
527 646 2199 2640
528
529 953
530 1247 2384 3106
531 879
532 627 1231 1256 1755 2060
533
534
535 862 1677 1773 3286
536 923 1785 2143
537
538 1159
539
540 1384
541
542
543
544 653 790 1424 1576
545
546
547 665
548 898
549
550
551 776
552 1204 2956
553 1601
554 692 1998
555
556
557
558
559 626
560
561
562 784 1387 1551 1670 2190 3217
563
564 1222 1489
565
566 761 1336
567 1435
568 575 580 604 870 1128 1243 1291 1313 1588 1812 2101 2102 2124 2134 2925 3219
569 805
570
571
572 1051 3188
573 668 710 1026 1562 2086 2187
574 662 1280 3172
575 882 1872
576 1025 1924
577
578 2832
579 1467
580 620
581 889 2746 2906
582
583 943 2194
584 2417
585
586 802
587 1189 1191 1217 1436 1470 1746 2525 3108
588 1290 1792 2250 3251
589 716 965 1404 1548 1982 2374
590 972 2695
591 1001 3141
592 825 857 977 1411 1657
593
594 1055 2275
595
596
597
598 1158 1978
599 902 2258
600 747 1017 1846 3002
601
602 800 1734 2211 3067
603
604 1129 1561 1988 2249 2617
605
606
607 786 2724
608 2769
609
610
611
612 613
613
614
615
616 817 1437
617 1669
618
619 794 1271 2132 3209
620
621 702 1849 2280
622 2527 2712
623 1685
624 1915 3176
625 1640
626
627 2381
628
629
630 2122
631
632
633 2866 2922
634 1102 3135
635
636 1111
637
638 1889
639
640 2802
641
642
643
644 930 2483
645 1262
646
647
648
649 976 2294 3259
650
651 1318 1479 1485 1761 1960 2371 2859 3233
652 1299 1932
653 2677
654
655
656
657 871 1363
658 2429
659 969 1005 1607 3021
660
661 1726 2140 2737
662
663
664
665
666 685 820 1631
667
668 1287 3177
669
670 2588
671
672 772 1651 2819
673 2687
674
675 1073 1957 2213
676
677 938
678 1301 2796
679 1195
680
681 1148 1961 2794 2852 3186
682
683 750
684 1120 1219 1949 2322 2754 3206
685 1699 1814
686
687 1145
688
689
690
691
692
693
694
695 853 968 1065 1475 3213
696
697 1229 2277 3078
698
699 721 901 1646 1649 2353
700
701 1169 1310 2139
702
703
704
705 980
706
707
708
709
710
711 858 1093
712 2347
713 2853
714 1459
715
716
717
718 2433
719
720 774 814
721 3126
722 770 1909 1963 2933 2960
723 793
724
725
726 1468
727 3169
728 1664
729
730 2316 2895
731 1705 1841 1868 2202 2422 2822 3083
732
733
734
735 1294
736 1763 2204
737
738
739
740 1663 1884 3153
741 1496
742
743 746 1288 2337 3146
744
745
746
747 1644
748
749 1517
750 1441 1636
751
752 821 915 1218 1427 1936 2457 2718
753
754 787 1438 1547 2283 2903
755
756
757 1206 1700 2689
758 1240
759
760 876 2146
761
762
763 799
764 852 1303
765
766 1609 1850 2357 2704 2742 3266
767
768
769 801 931 3239
770
771
772 908
773
774 1186
775
776 1052
777
778
779
780
781 1257 2106 2898
782
783
784 925
785
786 2201 2735
787
788 960 1127
789 910 1542 2180
790 1877 3009
791
792
793 973 1252 2079 3040 3247
794
795 2001 2539 2604
796 1744 2626 2656 2706
797
798 2403
799 877
800 1096 2589 2968
801 1322 3014
802 954 2255 2348 2685 2795 2947 3023
803 2894
804
805
806
807
808
809
810 1442
811 1157
812
813 1615 1965 2295
814
815
816
817
818 1620
819
820 1676 2668
821 3100
822
823
824 1253 1333
825
826 1039 2864
827 2083
828 845 850 3118
829 2710
830
831 2013 2726
832
833 887
834
835 2412 3152
836 1525
837
838
839
840 1433 2503
841
842 2828
843 2676
844
845
846 1905 2126
847
848
849 2711
850 986 1182 1725
851 1086
852
853
854 1101 1714 1789
855
856 1532
857
858 1068 1633 1875 2009 2070 3281
859 1042
860
861
862 1935
863 2232
864 1236 2336 2650 2836
865
866
867 2716
868 933
869 1526
870 961 2025
871 2728
872
873
874 1898 2174
875
876 1250 1498 2203
877 2049
878 1693
879 2478
880
881 2117 2248
882 921 1816
883
884
885 1369
886 2394
887 945 978
888
889
890
891 1095 2208
892 3069
893 1478
894 1518
895
896 3160 3195
897
898
899
900 912 2594 3110
901 979
902
903
904
905
906
907
908
909
910 1482 3225
911
912 1183 1981 2431
913 1106
914
915 1390 1782 2625
916 2169
917 2630
918
919 1346
920
921
922 1833 1912 3131
923 3082
924 1386
925 1091 1199 1622
926 995
927 1353 2523
928
929 2776
930
931 1269 1452 2329
932
933
934 1666
935
936
937 1114 1132 2043 2341
938 1513
939
940 1365 2559
941
942 1606 2487
943 1031 1696 2578
944
945
946 1131 2581
947 1079 1282 2439 2729 3045 3080
948
949
950 2573 3262
951
952
953 1075 2686
954
955
956
957 1768 2692
958
959
960 1258
961 1150
962
963 1966 3075
964
965
966 1901 2948
967 1192 1865 1954
968
969
970
971
972 2306 2552
973
974 1022 2919
975
976 1196 1317 3095
977
978
979 1425
980 1774 2402
981 2825
982 1873 2332 2974 3064
983
984 2970
985
986
987 1740 2221
988
989 2059
990
991
992
993 2030
994
995 1717
996 1388 2667
997 2897
998
999 1202
1000
1001
1002 1535 1732
1003 1629 2636
1004 1016
1005
1006 2681 2768 3114
1007
1008
1009
1010
1011
1012
1013 1339
1014
1015
1016 2889
1017
1018 2697
1019
1020 3079
1021
1022 3121
1023 1232 1281
1024
1025
1026
1027 1817
1028 2307 2861
1029
1030
1031
1032 2835
1033
1034
1035 1647 1780 2790
1036
1037
1038
1039
1040
1041 2435
1042
1043 2107
1044
1045
1046 1274
1047 1316 2333
1048 2314
1049
1050 1382 1418 1497 1682 2702 2990 3022 3130 3191
1051
1052
1053
1054
1055
1056
1057 1772
1058
1059
1060 1616 2379
1061
1062
1063 1407
1064
1065
1066 2197
1067 2364 2815
1068
1069
1070
1071 3235
1072
1073
1074 1116 1396 1754 2536 3076
1075 1185 1993
1076
1077
1078
1079 2308
1080 1798
1081 2672
1082 2479
1083
1084 2155
1085
1086 1307
1087 1194 1273 1283 1721 1723
1088
1089 2648
1090
1091 2330 3068
1092
1093
1094
1095
1096
1097 1225
1098
1099
1100 2945
1101 1757 1857 2507 2701 3278
1102 3166
1103
1104
1105 1125 2914
1106 1672
1107
1108
1109 1241 1972
1110
1111
1112
1113
1114
1115
1116
1117 2893
1118 2516 2608 3028
1119
1120
1121 1691 2244
1122 1508
1123 1200
1124
1125 2875
1126
1127 2242
1128
1129
1130
1131
1132 2732
1133 1214 2418
1134 2788
1135
1136
1137 1323 1512
1138 1343
1139
1140
1141
1142
1143
1144 1263
1145
1146
1147
1148 1537 2206 2254
1149
1150
1151 3241
1152 1426 1808 2493
1153
1154
1155
1156
1157
1158 1184 1431 1592 3048
1159 1770 2096
1160 1828
1161 1738
1162
1163
1164
1165
1166
1167
1168
1169
1170
1171 1509 2078 2363 2564 2882
1172 1342
1173
1174 2273 3072
1175
1176 1474 2237 3232
1177
1178 1286 2851 3253 3276
1179 1321 1430 2699
1180
1181
1182
1183
1184
1185 1711 2089
1186
1187
1188
1189
1190
1191 1376 1659 1802 2284
1192
1193 2080
1194
1195 2771
1196
1197 1871 2037
1198
1199
1200 3202
1201
1202
1203
1204 1822 2596 2816
1205 3086
1206
1207
1208 2071
1209
1210
1211
1212
1213
1214
1215
1216 2730 3215
1217
1218
1219
1220
1221 2004 2099
1222 2671 3063
1223 1979 2462
1224
1225
1226
1227 2423
1228
1229 1694
1230
1231 1716
1232 1652 2072
1233 2020
1234 1491 1764
1235 1238
1236
1237 2938
1238 1300
1239 2115 2595 3122
1240
1241 1529 2382 3238
1242
1243 2278
1244 2747
1245 1319
1246
1247
1248
1249
1250
1251 1405
1252
1253 1984
1254
1255
1256
1257 1931 2142 2538 3157
1258
1259 1462
1260
1261
1262 1490 3249
1263
1264 2262
1265
1266
1267 2664 2929
1268 3111
1269
1270
1271
1272 1297 3254
1273 2568
1274 1800
1275 1528 1624 2251
1276
1277
1278 1289
1279
1280 3011
1281 1596 2320
1282
1283 2022
1284
1285 2632
1286
1287
1288
1289
1290 1391 1406 1480
1291
1292 1930
1293 2209
1294
1295 1753 3050
1296
1297 2799
1298 2855
1299
1300
1301
1302
1303 2876
1304
1305
1306
1307 2757
1308 1519
1309
1310
1311
1312 2900
1313 2645 2808
1314
1315
1316
1317
1318 1674 1928
1319
1320
1321 2475
1322
1323 1581 2678
1324
1325
1326 2268
1327
1328
1329
1330
1331
1332
1333 2546
1334
1335
1336
1337 2602
1338
1339
1340 1951
1341
1342
1343
1344 2065
1345
1346 3257
1347
1348
1349
1350
1351
1352
1353
1354 1381 2452 2537
1355
1356 1842 2163
1357
1358
1359
1360
1361
1362 1492
1363
1364
1365 1434
1366 1619 2931
1367
1368
1369
1370
1371
1372
1373
1374
1375
1376 2869
1377
1378
1379 2460
1380
1381
1382
1383
1384
1385
1386
1387
1388
1389
1390 2421
1391
1392
1393
1394
1395 2296
1396
1397
1398
1399
1400
1401
1402 1688 2490
1403
1404 2953
1405
1406 1553
1407 1845 1994
1408 2495 3258
1409
1410
1411
1412
1413 1662
1414
1415 2239
1416
1417 1602
1418
1419
1420
1421
1422 3013
1423
1424
1425
1426
1427 2522
1428
1429
1430 1771
1431 3117
1432
1433 2752
1434
1435
1436 2427
1437
1438
1439 2183
1440
1441
1442
1443
1444 2227
1445 1580
1446 1904
1447
1448
1449
1450
1451
1452 2217
1453
1454
1455 2225
1456
1457
1458
1459 2165
1460 3036
1461
1462
1463
1464 2006 2392
1465
1466
1467 2679
1468
1469
1470 3120
1471 1838
1472
1473 1970 2339
1474
1475
1476 2510 2547 3038
1477 2907
1478 2884
1479
1480 2173
1481
1482 1536 1747 2443 2663 2871 2958 2962
1483 2137
1484 2383
1485
1486 2727
1487
1488
1489
1490
1491
1492
1493
1494 1565 2285
1495 3224
1496
1497
1498
1499 2837
1500 1995
1501
1502
1503
1504
1505 1618 2164 2977
1506
1507
1508
1509 1832 3139
1510 1625
1511
1512 2166
1513 2327
1514
1515
1516
1517
1518 1713 2279 2454
1519
1520 1612 1655
1521
1522
1523 2378 2387
1524 2342
1525
1526 1894 2167
1527
1528
1529 1899
1530
1531
1532
1533 1707
1534
1535
1536
1537 2965
1538 1667
1539
1540
1541
1542 1643
1543
1544
1545
1546 1680 1827
1547 1860 2590
1548
1549
1550 2324
1551
1552 2298 2572 2865
1553
1554
1555
1556
1557
1558
1559 1992 2048
1560
1561 2485
1562 3173
1563
1564
1565
1566 2646
1567 2002
1568
1569 1776 2352 2849
1570 1701 1791 2388 2879
1571
1572 2390
1573
1574
1575
1576
1577 1675
1578
1579
1580
1581 1803 2019
1582
1583
1584
1585
1586
1587
1588
1589 1977
1590
1591
1592
1593
1594
1595 3059
1596
1597
1598
1599
1600 1639 2873
1601
1602
1603
1604
1605 3134
1606
1607
1608
1609
1610
1611
1612
1613
1614
1615 2344
1616 1797
1617
1618
1619
1620
1621
1622 1742
1623 2662
1624
1625
1626
1627 3034 3280
1628
1629
1630
1631
1632
1633
1634
1635
1636 1952
1637
1638
1639
1640
1641 2506
1642
1643
1644
1645 2782
1646
1647
1648 3204
1649 2095
1650 2950
1651 1999 2120
1652 2303
1653
1654
1655
1656 2104
1657 1879
1658
1659 1807 2784
1660
1661 2425
1662
1663 1870
1664 3270
1665
1666
1667
1668 2910
1669
1670
1671
1672
1673
1674
1675 3158
1676 3182
1677
1678
1679
1680
1681
1682
1683
1684 1897 2023 2791 3084
1685
1686
1687
1688 1886
1689
1690
1691
1692
1693 2833
1694
1695
1696
1697
1698
1699 2839 3284
1700
1701
1702
1703
1704
1705
1706
1707
1708
1709 3285
1710 2315
1711
1712 3211
1713
1714
1715 3205
1716
1717
1718 2785
1719
1720
1721 1900
1722 1888
1723 2182
1724 3129
1725
1726 2482
1727 2509 2532 3042
1728
1729
1730
1731 3162
1732
1733
1734
1735 2951
1736
1737
1738
1739
1740
1741
1742 2260
1743
1744 2787
1745
1746 1937
1747 2492
1748
1749
1750 2708
1751
1752 2717
1753 1917 2719
1754
1755
1756
1757
1758 2975
1759 2928
1760
1761 2743
1762
1763 1908
1764
1765
1766 2551
1767 2778
1768
1769
1770
1771 1885 2840
1772 2723
1773
1774
1775
1776
1777
1778 1784 2036
1779
1780
1781
1782
1783
1784
1785
1786
1787 2098
1788
1789 2189
1790
1791 2872
1792
1793
1794
1795
1796
1797 2074
1798
1799 1986
1800
1801
1802
1803 2878
1804
1805
1806 1911
1807
1808
1809 2466
1810
1811
1812
1813
1814 3175
1815
1816
1817
1818 2659 2827
1819
1820
1821 3062
1822
1823
1824
1825
1826
1827
1828
1829
1830
1831 2614
1832
1833
1834
1835
1836
1837 2026
1838
1839 2408
1840 2634
1841
1842
1843
1844
1845
1846
1847
1848 2138 2470 2937 3085
1849
1850
1851 1980
1852
1853
1854
1855
1856
1857
1858 2923
1859 2469
1860 2426
1861
1862
1863
1864
1865
1866
1867
1868
1869
1870 2293
1871
1872
1873
1874
1875 2983 3167
1876
1877
1878
1879
1880
1881
1882
1883 2224
1884
1885
1886
1887
1888
1889
1890 2178
1891
1892
1893
1894 1990 2731 2999
1895
1896
1897
1898
1899
1900
1901 3032
1902 2343
1903
1904 2360
1905
1906
1907
1908
1909 2270
1910
1911 3133
1912
1913 2128
1914
1915 3015
1916
1917
1918
1919
1920
1921
1922
1923
1924
1925 3070
1926 3174
1927
1928
1929
1930
1931 3004
1932
1933 2027 2046
1934
1935
1936
1937
1938
1939
1940
1941
1942
1943 2946
1944
1945
1946
1947
1948 2331
1949
1950 3081
1951
1952
1953
1954
1955
1956
1957
1958
1959
1960
1961
1962
1963
1964
1965 2467
1966
1967 2755
1968
1969
1970 2229
1971 2385
1972 2476 3142
1973
1974
1975
1976
1977
1978 3089
1979
1980
1981
1982
1983
1984
1985
1986
1987
1988
1989
1990
1991
1992
1993
1994
1995
1996
1997
1998
1999
2000
2001
2002
2003
2004
2005
2006
2007
2008
2009
2010
2011
2012
2013 2188
2014 2369 3010
2015 2577
2016
2017
2018
2019 2432
2020 2789
2021
2022
2023
2024
2025 2798 3277
2026
2027
2028
2029
2030
2031
2032
2033
2034
2035
2036
2037
2038
2039
2040
2041
2042
2043
2044
2045
2046
2047
2048
2049
2050 2890
2051
2052
2053
2054 2886
2055
2056 2445
2057
2058 2318 2447 2508 2653
2059
2060
2061
2062
2063
2064
2065 2574 2817
2066
2067
2068
2069
2070
2071
2072
2073
2074
2075 2563
2076 2415
2077
2078
2079
2080
2081
2082 2416
2083 2810
2084
2085
2086
2087 2658 2669
2088
2089
2090
2091
2092
2093
2094 2419
2095
2096
2097
2098
2099
2100
2101
2102
2103
2104
2105
2106
2107 2358
2108 2513
2109
2110
2111
2112
2113
2114
2115 2338
2116
2117
2118
2119
2120
2121
2122 2351
2123
2124
2125
2126
2127
2128
2129
2130
2131
2132
2133
2134
2135
2136
2137
2138
2139 3263
2140
2141 2909
2142 2210
2143
2144
2145
2146 2299
2147 2395
2148
2149
2150
2151
2152
2153
2154
2155
2156 2162
2157
2158
2159
2160 2801
2161
2162
2163
2164
2165
2166
2167
2168
2169
2170
2171 2256 2456
2172
2173
2174
2175 2955
2176
2177
2178
2179
2180 2193
2181
2182
2183
2184
2185
2186
2187
2188
2189
2190
2191
2192 2302
2193
2194 2465 2477
2195
2196
2197
2198
2199
2200
2201
2202
2203
2204 2544
2205
2206
2207
2208
2209
2210
2211
2212
2213
2214
2215
2216
2217
2218
2219
2220
2221
2222
2223 2304
2224
2225
2226
2227
2228
2229 2528
2230
2231
2232
2233
2234
2235
2236
2237
2238
2239 2613
2240
2241
2242
2243
2244
2245
2246
2247
2248
2249
2250
2251
2252
2253
2254
2255
2256
2257
2258
2259 2386
2260
2261
2262
2263
2264
2265
2266 2887
2267
2268
2269 2623 3236
2270
2271 2979
2272
2273
2274
2275
2276
2277
2278
2279
2280
2281
2282
2283
2284 2529 2638
2285 2818
2286
2287
2288 2474
2289
2290
2291
2292
2293
2294
2295 3156
2296 2973
2297
2298
2299
2300
2301
2302
2303
2304
2305 3143 3287
2306
2307 3039
2308
2309
2310
2311
2312
2313
2314
2315
2316
2317
2318 3245
2319
2320 2571
2321
2322 2857
2323
2324
2325 2984
2326
2327
2328
2329
2330
2331
2332 2362
2333 2939
2334
2335
2336
2337
2338
2339
2340
2341
2342 3165
2343
2344 3113
2345
2346
2347 3273
2348
2349
2350
2351
2352
2353 3018
2354
2355 2530 2703 3055 3138
2356
2357
2358
2359
2360
2361
2362
2363 3025
2364
2365
2366
2367
2368
2369
2370
2371
2372
2373
2374
2375
2376
2377
2378
2379
2380
2381
2382
2383
2384
2385
2386
2387
2388 2707
2389
2390
2391
2392
2393
2394
2395 2829
2396
2397
2398
2399
2400
2401
2402
2403
2404
2405
2406
2407
2408 2759
2409
2410
2411
2412
2413
2414
2415
2416
2417
2418
2419
2420
2421
2422
2423
2424
2425
2426
2427
2428
2429
2430
2431
2432 3161
2433
2434
2435 2997 3288
2436
2437
2438
2439
2440
2441
2442
2443
2444
2445 2780 3264
2446
2447
2448
2449
2450
2451
2452
2453
2454
2455
2456
2457
2458
2459
2460 3179
2461
2462
2463
2464
2465
2466
2467
2468 3092
2469
2470
2471
2472
2473
2474
2475
2476
2477
2478
2479
2480
2481
2482
2483
2484
2485
2486
2487 2517
2488
2489 3125
2490
2491
2492
2493
2494 3290
2495 2641
2496 2998
2497
2498
2499
2500
2501
2502
2503
2504
2505
2506
2507
2508
2509 2826
2510
2511
2512 3237
2513
2514
2515
2516 2885
2517
2518
2519
2520
2521
2522
2523
2524
2525
2526 2753
2527
2528
2529
2530
2531
2532
2533
2534 2844
2535
2536
2537
2538
2539
2540
2541
2542
2543
2544
2545
2546
2547
2548
2549
2550
2551
2552
2553
2554
2555
2556
2557
2558
2559
2560
2561
2562 2995
2563
2564
2565
2566
2567
2568
2569
2570
2571
2572 3001
2573
2574
2575
2576
2577
2578
2579
2580 2628 2980
2581
2582
2583 3189
2584
2585
2586
2587
2588
2589
2590
2591
2592
2593
2594
2595
2596
2597 3242
2598
2599
2600 2971
2601 3103
2602 2761
2603
2604
2605
2606
2607
2608
2609 2899
2610
2611
2612
2613
2614
2615
2616
2617 3207
2618
2619
2620 2709
2621
2622
2623
2624
2625
2626
2627
2628
2629
2630
2631
2632
2633
2634
2635
2636
2637 2772
2638
2639
2640
2641
2642
2643
2644
2645
2646
2647 2978
2648
2649
2650
2651 3267
2652
2653
2654
2655
2656
2657
2658
2659
2660
2661
2662 3137
2663
2664 3261
2665 2758
2666
2667
2668
2669
2670
2671
2672
2673
2674 2870
2675
2676
2677
2678
2679
2680 3132
2681
2682
2683
2684
2685
2686
2687
2688
2689
2690
2691
2692
2693
2694
2695 2912
2696
2697
2698
2699
2700
2701 2941
2702
2703
2704
2705
2706
2707
2708 2766
2709
2710
2711 2843
2712
2713
2714
2715 2932 3061
2716
2717
2718
2719
2720
2721
2722
2723
2724
2725
2726
2727
2728
2729
2730
2731
2732
2733
2734
2735
2736
2737
2738
2739
2740
2741
2742
2743
2744
2745
2746
2747
2748
2749
2750
2751
2752
2753
2754
2755
2756
2757
2758
2759
2760
2761
2762
2763 3148
2764
2765
2766
2767
2768
2769
2770
2771 2811
2772
2773
2774
2775
2776
2777
2778
2779
2780
2781
2782
2783 3008
2784
2785
2786 2858
2787
2788
2789 2805 3190
2790
2791
2792 3240
2793
2794
2795
2796 2996
2797
2798
2799
2800
2801
2802
2803
2804
2805
2806
2807
2808
2809
2810
2811
2812
2813
2814
2815
2816
2817
2818 3183
2819
2820 3223
2821
2822
2823
2824 3057
2825
2826
2827
2828
2829
2830
2831 2961
2832
2833 3256
2834
2835
2836
2837
2838
2839
2840
2841
2842
2843
2844
2845
2846
2847
2848
2849
2850
2851 3098 3109
2852
2853
2854
2855
2856
2857
2858
2859
2860 3255
2861
2862
2863
2864
2865
2866
2867
2868
2869 2902
2870
2871
2872
2873
2874
2875
2876
2877
2878
2879
2880
2881
2882
2883
2884
2885 3210
2886
2887
2888
2889
2890
2891
2892
2893
2894
2895
2896
2897
2898
2899
2900
2901
2902
2903
2904
2905
2906
2907
2908
2909
2910
2911
2912
2913
2914
2915
2916
2917
2918
2919
2920
2921
2922
2923
2924
2925
2926
2927
2928
2929 3026
2930
2931
2932
2933
2934
2935 3112
2936
2937
2938
2939
2940
2941
2942
2943
2944
2945
2946 3066
2947
2948
2949
2950
2951
2952
2953
2954
2955
2956
2957
2958
2959
2960
2961
2962
2963
2964
2965
2966
2967
2968
2969
2970
2971 3091
2972
2973
2974
2975
2976
2977
2978
2979
2980
2981
2982 3181
2983
2984
2985
2986
2987
2988
2989 3097
2990
2991
2992
2993
2994
2995
2996
2997
2998
2999
3000
3001
3002
3003
3004
3005
3006
3007
3008
3009
3010
3011
3012
3013
3014
3015
3016
3017
3018
3019
3020
3021
3022
3023
3024
3025
3026
3027
3028
3029
3030
3031
3032
3033
3034
3035
3036
3037
3038
3039
3040
3041
3042
3043
3044
3045
3046
3047
3048
3049
3050
3051
3052
3053
3054
3055
3056
3057 3212
3058
3059
3060
3061
3062
3063
3064
3065
3066
3067
3068
3069
3070
3071
3072
3073
3074
3075
3076
3077
3078
3079
3080
3081
3082
3083
3084
3085
3086
3087
3088
3089
3090
3091
3092
3093
3094
3095
3096
3097
3098 3187
3099
3100
3101
3102
3103
3104
3105
3106
3107
3108
3109
3110 3244
3111
3112
3113
3114
3115
3116
3117 3283
3118
3119
3120
3121
3122
3123
3124
3125
3126
3127
3128
3129
3130
3131
3132
3133
3134
3135
3136
3137
3138
3139
3140
3141
3142
3143
3144
3145
3146
3147
3148
3149
3150
3151
3152
3153
3154
3155
3156
3157
3158
3159
3160
3161 3230
3162
3163
3164
3165
3166
3167
3168
3169
3170
3171
3172
3173
3174
3175
3176
3177
3178
3179
3180
3181
3182
3183
3184
3185
3186
3187
3188
3189
3190
3191
3192
3193
3194
3195
3196
3197
3198
3199
3200
3201
3202
3203
3204
3205
3206
3207
3208
3209
3210
3211
3212
3213
3214
3215
3216
3217
3218
3219
3220
3221
3222
3223
3224
3225
3226
3227
3228
3229
3230
3231
3232
3233
3234
3235
3236
3237
3238
3239
3240
3241
3242
3243
3244
3245
3246
3247
3248
3249
3250
3251
3252
3253
3254
3255
3256
3257
3258
3259
3260
3261
3262
3263
3264
3265
3266
3267 3271
3268
3269
3270
3271
3272
3273
3274
3275
3276
3277
3278
3279
3280
3281
3282
3283
3284
3285
3286
3287
3288
3289
3290
