#/opt/homebrew/Caskroom/miniconda/base/envs/hack25/lib/python3.12/site-packages/ipykernel_launcher.py --f=/Users/jpinney/Library/Jupyter/runtime/kernel-v352576b36ed274793969b57d69d8306c9df606370.json
# GMT Sun Jul 20 12:27:20 2025
# 
0 1 2 3 5 13 29 30 43 148 150 178 319 345 546 574 646 662 764 818 1050 1074 1181 1280 1315 1437
1 4 8 11 35 36 37 41 42 53 54 63 65 80 82 83 102 121 141 152 158 182 197 207 211 228 239 256 278 280 295 328 386 491 497 533 548 579 607 657 674 744 819 957 1085 1086 1137 1159 1312 1330 1439 1456 1491 1504 1572 1578 1612 1685
2 6 45 161 176 215 693 922 1054
3 12 24 157 315 487 596 727 772 903 1264 1656
4 7 10 87 143 156 216 290 300 309 382 553 666 720 763 916 954 992 1055 1177 1230 1265 1375 1422 1462 1532 1587
5 353 417 857 865 1241 1353
6 9 114 229 381 701
7 140 284
8 16 21 23 31 32 231 410 475 928 1019 1044 1211 1512
9 98 1035
10 14 15 27 33 51 64 66 81 122 129 138 164 169 187 193 194 203 208 213 236 237 251 254 293 311 365 422 597 612 614 623 636 668 829 835 860 942 946 959 973 1004 1028 1108 1117 1169 1173 1371 1497 1524 1632 1661
11 17 26 34 56 61 68 86 103 131 133 163 369 415 470 556 557 661 724 784 935 1061 1132 1156 1327 1369 1540 1602
12 25 39 77 96 100 110 206 399 549 616 825 897 986 1212 1518
13
14 28 46 52 70 76 108 125 155 241 426 451 625 698 738 1305 1640
15 112
16 18 20 383 434 909 1332
17 461
18 19 22 57 89 90 101 113 153 166 183 334 376 488 510 513 601 663 739 743 890 963 978 988 1213 1222 1402 1421 1551 1651 1689
19 126 132 172 204 225 298 299 400 432 569 578 618 869 889 1130 1227 1270
20 769
21 94 389
22 48 84 413 493 756 1377 1603
23
24 1316
25 38 49 50 85 107 223 243 347 351 404 658 665 905 995 1119 1266 1442 1488 1601
26 505
27 44 88 111 124 127 145 170 177 200 304 370 427 440 496 555 577 633 637 659 741 934 1001 1048 1053 1145 1160 1281 1282 1283 1519 1533 1564 1647
28 58 97 809 1448
29 371 1201 1419
30 93 120 274 396 537 709 716 1025 1038 1401
31 59
32 130 209 390
33 79 198 267 286 613 651 660 725 1049 1065 1393
34 1013
35
36
37 60 71 99 379 412 490 583 642 807 1005 1007 1021 1197 1459
38 40 732
39 72 516
40 331 457 1399
41 47 55 118 190 565 773 816 984 1192
42
43 218 288 341 768
44 586 1297 1571
45 160 222 502 898 1326
46 78 252 1438 1669
47 1385 1466
48
49
50 395 531
51 1556
52 1631
53 123 128 135 142 253 269 289 339 366 458 550 683 688 854 1686
54 146 761 1026 1114 1185 1444 1590
55 517 826 1539
56 1146 1667
57 62 67 167 320 324 456 647 804 831 894 1688
58 1278
59 192
60
61 507
62 91 92 411 541 1362 1484 1588
63 69 136 522 708 891 1064 1111 1284 1381
64 74 106 162 180 313 316 406 463 805 1006 1203 1215 1392 1461 1516 1637
65 109 115 249 1248
66 73 116 358 420 452 535 641 644 656 697 734 1244
67 75 199 250 283 392 424 547 562 603 847 1106
68
69 346 919
70 552 587 1643
71 1492
72 165 217
73 1075
74 247 571 1606
75
76 240
77 95 275 301 318 384 402 464 539 759 1072 1233 1407 1684
78 845 1443
79 104 105 139 184 242 532 595 844 855 879 970
80 306
81 214 375 477 766 787 875 1042 1364 1391 1560
82 314 1102
83
84 373
85 609 619 664 753 1513
86 1022 1414
87 149 272 380 1308
88 273
89 726 1579
90 1140
91 1662
92 134 527 813
93 996 1095
94 1561
95
96 119 173 1536
97
98
99
100 489 1237 1358 1373 1584
101 573
102 196 605 1400
103 144 185 244 416 1206
104
105 1322
106 1069
107
108
109 175 258 340 455 495 679 695 699 736 1167 1179
110 504 634
111 117 438 998
112 232 330 1162 1446 1548 1641
113 159 1149
114 137 154 168 179 181 188 281 310 350 357 367 418 687 717 774 800 943 1039 1505
115 212 219 292 638 677 994 1611
116 147
117 307 352 445 467 542 839 892 1170 1182 1279
118
119 189 205 248 483 521 543 1660
120 433 955 1575 1622
121 259 1062 1147
122 174 260 327 385 1250 1666
123
124 226 305 846 1151 1522 1610
125 266 277 333 343 401 442 1032 1534 1687
126
127 322 360 387 575 580 806 822 1349 1417
128 817 1613
129 1040
130 151 191 285 508 1220
131 238 323 509 830 1431
132 349 398 540 672
133
134
135 719 886 997 1269
136 257 368 480 691 861 993 1200 1573
137 471 563 1271 1483 1568
138 294 372 680 908 1029
139 582 783 833
140
141 363 712 1163 1550 1691
142 431 864 1020 1287 1530
143 234 282 460 518 538 706 1592
144 690
145 336 821 1336
146
147
148 408
149 374 799
150 591
151 171 221 291 335 503 828 840 1403
152 1123
153 337 598 1047 1440 1498 1509
154 705 1367 1472
155 1224
156
157 297 414 478 685 1263 1445 1453 1471
158 671
159
160 529 1144 1547
161
162 820 1411 1615
163 195 210 264 271 405 492 511 604 843 924 925 1002 1404
164 268 684 1585
165 245 447 469 592 899 1033 1183 1529 1619
166 520
167 1118
168 202 1324 1616
169
170 235 678 960 1057 1133
171 474
172 1628
173 255 276 348
174 419
175
176
177 308 321 838 1228
178
179 201 536 810
180 911 1218
181 473 723 863 1531
182 570
183 230 312 1120 1178 1189 1363 1496
184 572 735 870
185 186 694
186 450 1079
187 332 342 453 506 599 880 884 1415 1479
188
189 564 788 1092 1514 1605
190 1623
191
192 856
193
194 262 545
195
196
197 1557
198 354 689 1331
199
200 1018
201 421 1347
202 776 779 1034
203
204 397
205
206 220 246 615 632 793 1176
207 627
208 224 302 439 567 749 1290 1310 1374 1460
209
210 263 355 1329
211 279 303 356
212 989 1251 1309
213
214
215 436 559 850 1520
216 515 801 1008 1569 1672
217 1238
218
219 261 409 481 931 952 1436 1555 1634
220 796 1387
221
222
223 594
224
225
226 227 233 364 544 635 729 771 910 939 987 1103 1194 1341 1344 1677
227 1011 1252
228 454 1455
229 329 526 561 767
230 675
231
232
233 1000
234 486 600 851 912 1016 1468 1681
235 1260
236 566
237 968
238 589 872 1328 1510 1526
239
240
241 585
242 971
243
244
245 296 435 710 750 1124 1486
246 1247
247
248 606
249
250 534
251
252
253 1056
254
255 265 967 1257 1574 1633
256 394
257 956
258 1101
259
260 1246 1314
261 1382
262 812
263
264
265
266
267 1161 1458
268 270 1396
269
270
271
272 1231
273 362 498 746 862 964 1023 1652
274 1070 1365 1435
275
276 407
277 611 966 1481
278
279
280 1301
281 338
282 287 1294
283
284
285 626 682
286 640 1608
287 484 523 798 1277
288 344
289
290 797
291 391 519 1037 1223
292
293 815 1175
294
295 437 700 775 836 950 1080 1447 1676
296
297 944 1295 1361
298 780
299
300 602 731 752
301 326 423 425 758
302
303 568 754 853 871
304 325
305 499
306 617
307
308 494 525 707 1180
309 1545
310 317 1104 1657
311 653
312 1348 1406
313 639 1098 1116
314 621
315 377 1325
316
317 512 893 1425
318 448 902
319
320
321
322
323
324 359 449 581 913 923 1196 1389
325 476 1673
326
327 482 1071
328
329 1596
330 645
331 975
332 361 514 676
333
334
335 1430
336
337 1121
338
339
340 466 1340
341 888
342 378 1563 1604
343
344
345
346 747 1190
347 926 1126
348
349
350
351 558 1395
352
353 1424
354
355 620
356 393 1467
357
358
359
360 554
361 388 670
362
363 1058 1288
364
365 1591
366 428 915 1450
367
368
369 429 500 551 765 917 1346 1517
370
371 867
372 462 1507
373
374
375 485 624 1041 1559
376
377
378
379 403
380 610 1638
381 608 1012
382
383
384 472 877
385 530 904 1221
386 479
387
388
389 1261
390 1255
391
392
393 444 1465
394
395 643 1426
396 430 907 1010
397
398 441 1338 1552
399 465
400 740
401
402
403 560 757 876 1413
404
405 1236
406
407 972
408 446 782
409 443
410
411
412 692
413 1168
414
415
416
417 622 686 990 1046 1068
418
419 576
420 630
421 468 1195 1208 1219 1298 1379 1521 1597
422 584 718 1096 1432
423 1359 1495
424
425
426 655 667 721 803 824 1017 1153 1645
427
428 524 882 929
429 459 932
430 713 770
431
432 711 1245
433 1600
434 649
435
436
437 654 1434
438
439
440
441
442
443 974 982
444
445
446 669 1122
447
448
449
450 1216 1306 1397
451 785
452
453 628 681 1089 1217 1372 1558 1630
454
455 650 760 945 1112 1150
456 808
457
458 631 652 1060 1155 1276 1412 1451
459
460
461 501 999 1642
462
463
464
465
466 958
467
468 1157
469
470
471
472
473
474
475
476
477
478
479 1052
480
481 1143
482 1193 1627
483 941
484
485
486
487 837 947 1081
488
489 1418
490 792 827 878
491
492 1307
493
494
495 1475
496
497
498 1274
499
500 1045 1320
501 588 737
502
503
504 832 906 1234
505 1629
506
507 1653
508 714
509 896
510
511 648 730 1293
512
513 953
514
515
516 528 969 1268
517
518
519 742
520
521 590 745 1680
522
523
524
525
526
527
528
529
530
531 1593
532
533
534 1644
535
536
537
538 1549
539
540
541 991
542 881 1674
543 883 1051 1125
544
545
546
547
548
549 789 1131 1679
550
551
552
553 629 755 811 859 1243 1272 1360 1502
554
555
556
557 1473
558
559
560
561
562
563 777 849
564
565
566 937 1594
567 703 1139 1624
568
569 1384
570 866 936
571
572
573
574
575
576 1077 1583
577 965
578
579 814 841 1232 1664
580
581 593 748 1474
582 778
583
584
585 1082
586
587 976
588 979 1129 1665
589
590 722
591
592 728 1242 1476 1566
593
594
595
596
597 715 983 1030 1128 1296 1580
598 704 1158 1427 1581
599
600
601 1355
602
603
604
605
606 1352
607
608 1009 1410 1553
609
610
611
612
613
614 1493
615 1500 1671
616 1141
617 1110 1198
618 702 795 887 920 1036 1318
619 1115
620
621
622 696 901 1187
623
624
625 673 786 1076
626 1342
627
628 834 1239 1635
629 940
630
631
632
633
634
635
636
637
638
639 914
640
641
642
643
644 1380
645
646
647
648 1317
649
650 1073
651 1586
652
653
654
655
656
657
658 1199
659
660
661
662
663 961 1078 1589
664
665 980
666
667
668
669
670 733
671
672
673
674
675
676
677
678
679
680 1202
681
682
683 1105
684
685 790
686 874 1333
687
688
689 794
690 949 1148 1525
691
692
693
694 781 791 802
695
696 1084 1273
697 842
698
699 1433
700
701 985
702
703
704 823 1321
705
706
707
708
709
710
711
712
713
714
715 1031 1254 1408
716
717 930 933 1166
718 927 1152
719
720
721
722
723 1267
724
725 852
726
727 1253
728
729
730
731 1489
732
733
734
735
736
737
738
739
740
741 858 1113
742
743
744 751 1286
745 1368
746
747 1663
748 1067
749
750
751
752 1416 1482
753 762
754 938 1097
755 1063
756 977
757 1099
758 1205
759 1339
760
761
762
763
764 962
765 1659
766 1258
767 1186
768
769
770 1262 1650
771 895
772 1527
773 868 1544
774
775
776
777
778
779
780 1441
781
782
783 1337
784
785 1154 1487
786 1091
787 1164
788
789
790 1172 1214
791
792
793
794 1135
795
796 1457
797 918
798
799
800 1094 1535 1554
801
802
803
804 873
805 1210
806 1024
807
808
809
810
811
812
813
814 885
815
816
817
818
819 1225
820
821
822
823
824
825
826
827
828 900
829
830
831
832
833
834 1015
835
836
837 848 1299 1562
838
839
840 1083
841
842 1088 1292
843
844 1538
845
846
847 1093
848
849
850
851 1142 1477
852
853
854
855
856
857
858
859
860
861
862
863
864
865 1378
866 1043
867
868 1501
869 1087 1109 1323
870
871
872
873 948
874
875
876
877 1678
878
879
880
881 1275
882
883
884 1313
885
886 1191 1259
887
888
889 1107 1289
890
891 921
892
893
894
895 1090 1335
896
897
898
899 951
900 1452 1499
901
902 1003
903
904
905
906 1174
907
908
909 1136 1354 1398
910 1648
911
912 1249
913 1621
914
915
916
917
918
919 1303
920 1100 1683
921
922
923
924
925 1134
926
927 1240
928
929
930
931 1334
932
933 1646
934
935 1390 1618
936
937
938 1127
939
940
941
942
943
944
945
946
947
948 1454
949
950
951
952
953
954
955 1343
956
957
958
959
960
961 981
962
963
964
965
966
967
968
969
970
971
972
973
974 1066 1188 1345
975
976 1546
977 1675
978
979
980
981
982
983 1226 1543
984
985
986
987
988 1171
989
990 1027
991
992
993
994 1014
995
996
997
998
999
1000
1001
1002 1670
1003
1004
1005
1006 1165
1007
1008
1009
1010
1011
1012
1013
1014
1015
1016
1017 1494
1018
1019
1020
1021 1693
1022
1023
1024 1304
1025 1229
1026
1027
1028
1029
1030
1031
1032
1033
1034
1035
1036
1037
1038
1039
1040 1311
1041
1042
1043
1044
1045
1046
1047
1048
1049
1050
1051
1052
1053
1054 1302 1542
1055
1056 1059 1470
1057
1058
1059
1060
1061
1062
1063
1064 1478
1065 1503
1066
1067 1388 1420 1636
1068
1069
1070 1184 1570 1609
1071
1072
1073
1074
1075
1076
1077
1078 1204 1582
1079
1080
1081
1082
1083
1084 1356
1085
1086
1087
1088
1089
1090
1091
1092
1093
1094
1095
1096
1097
1098 1357
1099
1100 1300
1101
1102 1515
1103
1104
1105
1106
1107
1108 1138 1668
1109
1110
1111
1112 1291 1541 1690
1113 1537
1114 1350
1115
1116
1117 1485
1118
1119
1120
1121
1122
1123
1124
1125 1285
1126
1127
1128
1129
1130
1131
1132
1133
1134
1135
1136
1137
1138
1139
1140
1141
1142
1143
1144
1145
1146
1147
1148
1149
1150
1151
1152
1153
1154
1155
1156
1157
1158
1159
1160
1161 1598
1162
1163
1164
1165
1166
1167
1168
1169
1170
1171 1209 1528
1172
1173
1174
1175
1176
1177 1463
1178
1179
1180 1207 1480
1181
1182
1183
1184
1185
1186
1187 1383
1188
1189 1449
1190
1191
1192 1429
1193
1194
1195
1196
1197
1198
1199
1200
1201
1202
1203
1204
1205
1206
1207
1208
1209
1210
1211 1256
1212
1213
1214
1215
1216
1217 1523 1617
1218
1219
1220
1221
1222
1223
1224
1225
1226 1235
1227
1228
1229
1230
1231
1232 1376
1233
1234
1235
1236
1237 1319
1238
1239
1240
1241 1658
1242
1243
1244
1245
1246 1490
1247 1649
1248 1351
1249
1250
1251
1252
1253
1254
1255
1256
1257
1258
1259
1260
1261
1262
1263
1264
1265
1266
1267
1268
1269
1270
1271
1272 1620
1273
1274
1275
1276
1277
1278
1279
1280
1281
1282
1283
1284
1285
1286
1287
1288
1289
1290
1291
1292 1386 1576
1293
1294
1295
1296
1297
1298
1299
1300
1301
1302
1303
1304
1305
1306
1307
1308 1409
1309
1310
1311
1312
1313
1314
1315
1316
1317
1318
1319
1320
1321
1322
1323
1324
1325
1326
1327
1328
1329
1330
1331
1332
1333
1334
1335
1336 1577
1337
1338
1339
1340
1341 1366
1342
1343
1344
1345
1346
1347
1348
1349
1350 1394 1423
1351
1352
1353
1354
1355
1356
1357
1358
1359
1360
1361
1362
1363
1364
1365
1366
1367
1368 1370
1369
1370
1371
1372
1373
1374
1375
1376
1377
1378
1379
1380
1381
1382 1405
1383
1384 1511
1385 1464
1386
1387
1388
1389
1390
1391
1392
1393
1394
1395
1396 1428
1397
1398
1399
1400
1401
1402
1403
1404
1405
1406 1614
1407
1408 1692
1409
1410
1411
1412
1413
1414
1415
1416
1417
1418
1419
1420
1421
1422
1423
1424
1425 1469
1426
1427
1428 1506
1429
1430
1431
1432
1433
1434
1435
1436
1437
1438
1439
1440
1441
1442 1508
1443
1444
1445
1446
1447
1448
1449
1450
1451
1452
1453
1454
1455 1567
1456
1457
1458
1459
1460
1461
1462
1463
1464
1465
1466
1467
1468
1469
1470
1471
1472
1473
1474
1475
1476
1477
1478
1479
1480
1481
1482
1483
1484
1485
1486
1487
1488
1489
1490
1491
1492
1493
1494
1495
1496
1497
1498
1499
1500
1501
1502
1503
1504
1505
1506 1655
1507
1508
1509
1510
1511
1512
1513 1654
1514
1515
1516
1517
1518
1519
1520
1521
1522
1523
1524
1525
1526
1527
1528 1595
1529
1530
1531
1532
1533
1534
1535
1536
1537 1565
1538
1539
1540
1541
1542
1543
1544
1545
1546
1547
1548
1549
1550
1551
1552
1553
1554
1555
1556
1557
1558
1559
1560
1561
1562
1563
1564
1565
1566
1567
1568
1569
1570
1571
1572
1573
1574
1575 1626
1576
1577
1578
1579
1580 1599
1581
1582
1583
1584
1585
1586
1587
1588
1589
1590
1591
1592
1593
1594
1595
1596
1597
1598
1599
1600
1601
1602
1603
1604
1605
1606 1607
1607
1608
1609
1610
1611
1612
1613
1614
1615
1616
1617 1625
1618
1619
1620
1621
1622
1623
1624
1625
1626
1627
1628
1629
1630 1639
1631
1632
1633
1634
1635
1636
1637
1638
1639
1640
1641
1642 1682
1643
1644
1645
1646
1647
1648
1649
1650
1651
1652
1653
1654
1655
1656
1657
1658
1659
1660
1661
1662
1663
1664
1665
1666
1667
1668
1669
1670
1671
1672
1673
1674
1675
1676
1677
1678
1679
1680
1681
1682
1683
1684
1685
1686
1687
1688
1689
1690
1691
1692
1693
