#/opt/homebrew/Caskroom/miniconda/base/envs/hack25/lib/python3.12/site-packages/ipykernel_launcher.py --f=/Users/jpinney/Library/Jupyter/runtime/kernel-v352576b36ed274793969b57d69d8306c9df606370.json
# GMT Sun Jul 20 12:32:04 2025
# 
0 1 326 119
1 2
2 3
3 4
4 5 24
5 6
6 7 245
7 8 323
8 9
9 10 142 245
10 11 243
11 12 318 198
12 13
13 14
14 15 114
15 16 264
16 17 217
17 18
18 19 76
19 20 42
20 21
21 22 325
22 23 182 267
23 24 172
24 25 261
25 26
26 27 78
27 28 248
28 29
29 30 78 247
30 31 326
31 32 286 308
32 33 83 89
33 34
34 35 50
35 36 182 61
36 37
37 38 172 209 283
38 39 160
39 40 194
40 41 76
41 42
42 43 300
43 44
44 45 76
45 46 148
46 47
47 48
48 49 104
49 50 253
50 51 115
51 52
52 53
53 54 172
54 55
55 56 290
56 57
57 58
58 59
59 60 229
60 61 131 258
61 62
62 63
63 64 124 280
64 65
65 66 252
66 67
67 68
68 69 145 255
69 70
70 71 83 298
71 72
72 73 285 105 118
73 74 196 241
74 75 199
75 76 183 153
76 77 322
77 78 117
78 79
79 80
80 81 257
81 82 151
82 83
83 84
84 85
85 86
86 87 153 289
87 88
88 89
89 90
90 91
91 92
92 93
93 94
94 95 276
95 96 131
96 97 208
97 98 145
98 99
99 100 196
100 101
101 102 167
102 103
103 104 105
104 105
105 106
106 107 161
107 108 167 284
108 109 301 287
109 110 183
110 111 243
111 112
112 113
113 114 126
114 115 278
115 116 199
116 117
117 118
118 119 263
119 120
120 121 227
121 122 323
122 123
123 124
124 125
125 126
126 127 312 192
127 128 216
128 129
129 130 281
130 131 181 141
131 132
132 133 251
133 134
134 135
135 136 178
136 137
137 138 302
138 139 250
139 140
140 141 171 205
141 142
142 143
143 144
144 145
145 146
146 147 222
147 148
148 149
149 150 229
150 151
151 152
152 153 197 325
153 154
154 155
155 156
156 157
157 158
158 159
159 160 291
160 161
161 162
162 163 256
163 164 286
164 165
165 166
166 167 194 261 296
167 168
168 169 295
169 170
170 171
171 172
172 173 248
173 174 187
174 175
175 176 238
176 177
177 178
178 179
179 180
180 181
181 182
182 183
183 184
184 185
185 186
186 187
187 188 312
188 189
189 190
190 191
191 192 272 218
192 193
193 194
194 195
195 196 222
196 197
197 198
198 199
199 200
200 201
201 202 238
202 203 323 294
203 204
204 205 243
205 206
206 207 295
207 208
208 209
209 210
210 211 270 246
211 212 221
212 213
213 214
214 215
215 216
216 217
217 218
218 219
219 220
220 221
221 222
222 223 315
223 224
224 225
225 226
226 227
227 228
228 229
229 230
230 231 314
231 232
232 233
233 234
234 235
235 236
236 237
237 238
238 239 319
239 240
240 241
241 242
242 243 255
243 244
244 245
245 246
246 247
247 248
248 249
249 250
250 251
251 252
252 253
253 254
254 255
255 256
256 257
257 258
258 259
259 260
260 261
261 262
262 263
263 264
264 265
265 266
266 267
267 268
268 269
269 270
270 271
271 272
272 273
273 274
274 275
275 276
276 277
277 278
278 279
279 280
280 281
281 282
282 283
283 284 297
284 285
285 286
286 287
287 288
288 289
289 290
290 291
291 292
292 293
293 294
294 295
295 296
296 297
297 298
298 299
299 300
300 301
301 302 312
302 303
303 304
304 305
305 306
306 307
307 308
308 309
309 310
310 311
311 312
312 313
313 314
314 315
315 316
316 317
317 318
318 319
319 320
320 321
321 322
322 323
323 324
324 325
325 326
326
