#/opt/homebrew/Caskroom/miniconda/base/envs/hack25/lib/python3.12/site-packages/ipykernel_launcher.py --f=/Users/jpinney/Library/Jupyter/runtime/kernel-v352576b36ed274793969b57d69d8306c9df606370.json
# GMT Sun Jul 20 12:32:04 2025
# 
0 1 1737 623 939
1 2
2 3 283
3 4
4 5 560 1662
5 6 1155 120
6 7 376 592 1144
7 8
8 9 1542
9 10 1153
10 11 579
11 12 219
12 13 623
13 14 769
14 15
15 16 873 1392
16 17 587
17 18
18 19
19 20
20 21 1374
21 22
22 23
23 24 821 1200
24 25
25 26 1524
26 27 194
27 28
28 29 792
29 30 968 1700
30 31 1637
31 32
32 33 1377
33 34
34 35 507 1231
35 36 295
36 37 189
37 38
38 39 220 460 1591
39 40 1508
40 41
41 42 516
42 43 577
43 44 1395 465 744
44 45
45 46 1494
46 47 1581 576
47 48 265
48 49
49 50 1031
50 51 1013
51 52
52 53
53 54 228
54 55
55 56 954
56 57 1573
57 58
58 59 627
59 60 1179
60 61
61 62 614
62 63
63 64 1205
64 65 1185
65 66 1375
66 67 241 340 1276
67 68
68 69 1145
69 70 721
70 71
71 72 1192
72 73 1588 677
73 74
74 75
75 76
76 77
77 78 1013
78 79 1392
79 80 1627 92
80 81 756 1620
81 82 389
82 83
83 84
84 85 912
85 86 392 866 1329
86 87
87 88
88 89
89 90 687
90 91 1130
91 92
92 93 200 303
93 94
94 95
95 96
96 97 1342
97 98 1124
98 99 1421
99 100 1041 1237
100 101 109
101 102 1724 141
102 103 844
103 104 191
104 105 1278
105 106
106 107 1239
107 108
108 109
109 110 1256
110 111 1183
111 112 1473
112 113 428
113 114
114 115
115 116 376 724 988
116 117 1169
117 118 1026
118 119
119 120
120 121
121 122
122 123 1268 1381
123 124 1310
124 125 1690
125 126 1734
126 127 246 1027
127 128 1445
128 129
129 130
130 131 616 700
131 132
132 133 724
133 134
134 135
135 136
136 137
137 138
138 139
139 140 1105
140 141 283
141 142
142 143
143 144
144 145 1245
145 146
146 147 832 1064
147 148 880
148 149 1203
149 150 936
150 151 1181
151 152
152 153
153 154 1556
154 155
155 156
156 157 1419
157 158
158 159 744
159 160
160 161 365
161 162 820 1141
162 163 589
163 164 796 1063
164 165
165 166 593
166 167 225
167 168 1735
168 169 1028
169 170 1497 353
170 171 937
171 172 856
172 173
173 174
174 175 1707
175 176
176 177
177 178
178 179
179 180 215
180 181 1643
181 182
182 183 1593
183 184
184 185
185 186 1382 1502
186 187 837 312
187 188 244
188 189
189 190 715
190 191
191 192 215
192 193 777
193 194
194 195
195 196
196 197
197 198
198 199
199 200 677 1270 1619
200 201
201 202 478 904
202 203 814
203 204
204 205
205 206
206 207 983
207 208 732
208 209 1316 1395
209 210
210 211
211 212 281 339 1735
212 213 606
213 214
214 215 241
215 216 336
216 217 1261
217 218 304 853 1168 1707
218 219 1043
219 220
220 221 984
221 222 1710
222 223
223 224 413
224 225
225 226
226 227 1322
227 228 696
228 229 1199
229 230 269
230 231 1422
231 232
232 233 544
233 234 1680
234 235 671
235 236
236 237 999 1709
237 238 1333
238 239 420 612 1018
239 240
240 241 884
241 242 962
242 243
243 244 602 1181
244 245
245 246 1522
246 247
247 248
248 249
249 250 784
250 251
251 252
252 253
253 254
254 255 1653 293 761
255 256
256 257 836
257 258
258 259 1543
259 260 272
260 261 532 792
261 262 1158
262 263
263 264
264 265 1579 406
265 266
266 267 1287
267 268
268 269 1200
269 270 1713
270 271 1198 1110
271 272 428
272 273
273 274
274 275 1326 753
275 276 354
276 277 1478
277 278 1626
278 279 586 358 1695
279 280 1535 1210 1582 1724
280 281
281 282
282 283 934 1371 1637
283 284 629
284 285 1062
285 286 902
286 287
287 288 1390 1247
288 289 1611
289 290
290 291 528
291 292
292 293 430
293 294 343
294 295 1319
295 296 704
296 297
297 298 394
298 299 491
299 300
300 301 1328
301 302 1505 1575
302 303
303 304 1623
304 305 1533
305 306
306 307
307 308 843
308 309
309 310 719
310 311
311 312
312 313 1004
313 314 1225
314 315 1478
315 316 1710
316 317 1695
317 318 851
318 319 838
319 320
320 321 643
321 322 1123
322 323
323 324
324 325 1654
325 326
326 327 581
327 328 492 763
328 329 1309
329 330 1510
330 331 1715
331 332 1288
332 333
333 334
334 335
335 336 522 620
336 337
337 338 1207
338 339 660
339 340 709 966
340 341
341 342 868
342 343
343 344
344 345 1595 952
345 346 752 397
346 347
347 348 573
348 349 995
349 350
350 351 792
351 352 445 1449
352 353 534 1281
353 354
354 355 1030 679
355 356 918
356 357
357 358 1544
358 359
359 360
360 361
361 362
362 363
363 364
364 365
365 366 967
366 367 1704
367 368 1664
368 369 381
369 370 807
370 371
371 372
372 373 1124 626
373 374 992 1372
374 375 1234
375 376
376 377
377 378
378 379 569 1298
379 380
380 381 1050
381 382
382 383 460
383 384 1649
384 385 636 1496
385 386
386 387 659 945
387 388 1697
388 389
389 390
390 391
391 392 629
392 393
393 394 1343
394 395 1534 1643
395 396
396 397 613 683
397 398
398 399 1322
399 400 1192
400 401 634
401 402 1514
402 403
403 404
404 405 1467
405 406
406 407
407 408
408 409 1523
409 410
410 411 1655
411 412
412 413 1124
413 414
414 415 575
415 416 1176
416 417
417 418
418 419 899
419 420 1510
420 421
421 422
422 423
423 424
424 425 1271
425 426 714
426 427
427 428
428 429
429 430
430 431 1692
431 432
432 433 664 702
433 434
434 435 1516
435 436 1084
436 437 662 494 1053
437 438 1462
438 439
439 440
440 441
441 442
442 443 1451
443 444
444 445
445 446 818 1238
446 447
447 448 1673
448 449
449 450
450 451 1014
451 452 1590
452 453 1544 557
453 454 656
454 455
455 456 1688
456 457
457 458
458 459 841
459 460
460 461
461 462 1563
462 463 876
463 464
464 465
465 466 1484
466 467
467 468
468 469
469 470 808
470 471
471 472
472 473 1471
473 474 782
474 475
475 476
476 477 1108
477 478 1164
478 479 1686
479 480
480 481
481 482
482 483
483 484 1394
484 485
485 486 1327 1236
486 487
487 488 666 550
488 489
489 490
490 491 1659
491 492
492 493 552
493 494 833
494 495
495 496
496 497 845
497 498
498 499
499 500
500 501 1235
501 502
502 503
503 504
504 505 1361
505 506 1284 1674
506 507
507 508 601
508 509 1450
509 510
510 511
511 512 1122 543
512 513
513 514
514 515 1050
515 516 899
516 517
517 518 1042
518 519 1293
519 520 678
520 521
521 522
522 523
523 524
524 525 938
525 526 772
526 527
527 528 1542
528 529 1720
529 530
530 531
531 532
532 533
533 534
534 535 1526
535 536 1698
536 537 1692
537 538 618
538 539
539 540
540 541
541 542 1737
542 543 810
543 544
544 545 1488
545 546 774
546 547
547 548
548 549
549 550
550 551 729
551 552
552 553
553 554 1618
554 555 738
555 556 1623 1714
556 557 1201
557 558
558 559
559 560 1487
560 561 813
561 562
562 563
563 564
564 565
565 566
566 567
567 568 1344
568 569
569 570 1043
570 571 1510
571 572
572 573 965
573 574
574 575
575 576 1140
576 577 699
577 578 1632
578 579
579 580 1693
580 581
581 582
582 583 713 674 811
583 584
584 585 1223
585 586 764 1005
586 587 1677
587 588 796 980
588 589 1008
589 590 597
590 591 1432
591 592
592 593 1455
593 594 902
594 595
595 596 1264
596 597
597 598
598 599
599 600
600 601 734
601 602
602 603
603 604
604 605
605 606
606 607 922 629
607 608 1046
608 609
609 610 1437
610 611 815
611 612 670
612 613 1617 1730
613 614
614 615
615 616
616 617
617 618 1038
618 619
619 620 1242
620 621 1657
621 622
622 623 878
623 624
624 625
625 626
626 627
627 628 730
628 629 1314
629 630 1251
630 631
631 632 1465
632 633 1017 760
633 634
634 635
635 636 1226
636 637
637 638 1180
638 639 1065
639 640 652 1628
640 641 1637 1685
641 642 1089
642 643
643 644 1623
644 645 1097
645 646
646 647
647 648 949 1252
648 649
649 650 963
650 651 1628
651 652 906
652 653
653 654
654 655 933
655 656
656 657
657 658
658 659 825 1417
659 660
660 661
661 662
662 663
663 664
664 665
665 666
666 667
667 668
668 669
669 670
670 671
671 672
672 673 814
673 674 751
674 675
675 676 1718
676 677 1050
677 678
678 679
679 680
680 681 920
681 682
682 683
683 684
684 685 694
685 686
686 687
687 688 1664
688 689
689 690 1611
690 691
691 692 1339 1300
692 693 826 927
693 694 1032
694 695
695 696 1044 1401
696 697 1639
697 698 1059
698 699
699 700
700 701
701 702
702 703
703 704
704 705
705 706 1330
706 707 1472
707 708 796
708 709 1475
709 710
710 711 991 1550
711 712 1025
712 713 1392
713 714 987
714 715
715 716
716 717 950
717 718 1399
718 719 1036 1705
719 720
720 721
721 722
722 723 830
723 724 1410
724 725
725 726
726 727 928
727 728
728 729 1219
729 730
730 731
731 732 854 1447
732 733
733 734
734 735
735 736
736 737
737 738
738 739 1198 1610
739 740
740 741
741 742
742 743
743 744
744 745
745 746
746 747
747 748 1258
748 749 1474
749 750
750 751 762
751 752
752 753
753 754
754 755 1304
755 756
756 757
757 758
758 759
759 760 1483
760 761
761 762
762 763
763 764
764 765 1413 1380
765 766 1009
766 767 1128
767 768
768 769 1132
769 770 1530
770 771
771 772 1240
772 773
773 774 1354 1579
774 775
775 776
776 777 1718
777 778
778 779
779 780
780 781 812
781 782
782 783 1037 1561
783 784
784 785
785 786 1157
786 787 1385
787 788
788 789
789 790
790 791 1665
791 792 895
792 793 1318
793 794
794 795 1621
795 796 1163
796 797
797 798
798 799
799 800
800 801
801 802 1135
802 803 1503
803 804
804 805
805 806
806 807
807 808 1167 1230
808 809
809 810 1704 942 1477
810 811
811 812 1537
812 813
813 814 1250
814 815
815 816
816 817 1549
817 818 1711
818 819
819 820 1685 1580
820 821
821 822
822 823
823 824
824 825 948
825 826
826 827 1196
827 828
828 829 1253
829 830 1569 1702
830 831
831 832 1710 1373
832 833
833 834
834 835
835 836
836 837 1151
837 838
838 839
839 840 1015
840 841
841 842 1264
842 843 1473
843 844
844 845
845 846
846 847
847 848 1690
848 849
849 850
850 851
851 852 867
852 853
853 854
854 855
855 856 1445
856 857
857 858 1018
858 859 1313
859 860 1286
860 861
861 862 1359
862 863
863 864 977
864 865
865 866 1408
866 867
867 868
868 869 969
869 870
870 871
871 872
872 873
873 874 997
874 875
875 876 1587
876 877
877 878 905
878 879 1703
879 880
880 881
881 882
882 883 1711
883 884
884 885
885 886
886 887 1365 979
887 888
888 889 1360
889 890
890 891 1178
891 892
892 893
893 894
894 895 982
895 896 1383
896 897 1034
897 898 1581 1257
898 899
899 900
900 901
901 902
902 903
903 904
904 905 991
905 906
906 907 1578
907 908
908 909
909 910
910 911
911 912
912 913
913 914 1305 1540
914 915 1469
915 916
916 917
917 918
918 919
919 920
920 921
921 922
922 923
923 924
924 925
925 926 1098
926 927
927 928
928 929
929 930
930 931 1587
931 932
932 933
933 934
934 935
935 936
936 937 1054
937 938
938 939 1215
939 940 1521
940 941
941 942
942 943
943 944
944 945 1534
945 946
946 947
947 948
948 949 1121
949 950 1453
950 951
951 952
952 953
953 954 1277
954 955
955 956
956 957
957 958 1549
958 959
959 960
960 961
961 962 1352
962 963 1607
963 964
964 965
965 966
966 967
967 968
968 969 1037
969 970
970 971 1158
971 972 1270
972 973
973 974
974 975 1333
975 976 1278
976 977 1339
977 978
978 979 1556 1590
979 980 1554
980 981
981 982
982 983 1423 1727
983 984 1552
984 985
985 986
986 987
987 988
988 989
989 990
990 991 1439 1553
991 992
992 993 1148
993 994
994 995
995 996 1058
996 997
997 998
998 999 1643
999 1000
1000 1001
1001 1002
1002 1003 1655
1003 1004 1597
1004 1005
1005 1006
1006 1007 1311
1007 1008
1008 1009
1009 1010
1010 1011
1011 1012
1012 1013 1340
1013 1014
1014 1015 1505
1015 1016
1016 1017
1017 1018 1292
1018 1019
1019 1020
1020 1021 1605
1021 1022 1158 1713
1022 1023
1023 1024
1024 1025
1025 1026
1026 1027
1027 1028
1028 1029 1216
1029 1030
1030 1031 1576
1031 1032
1032 1033
1033 1034
1034 1035 1575 1563
1035 1036 1059
1036 1037
1037 1038
1038 1039 1058
1039 1040
1040 1041
1041 1042
1042 1043
1043 1044
1044 1045 1437
1045 1046
1046 1047 1707
1047 1048 1327
1048 1049
1049 1050
1050 1051
1051 1052
1052 1053
1053 1054
1054 1055
1055 1056
1056 1057
1057 1058
1058 1059
1059 1060
1060 1061
1061 1062 1260
1062 1063
1063 1064
1064 1065
1065 1066
1066 1067
1067 1068
1068 1069
1069 1070
1070 1071 1509
1071 1072
1072 1073 1734
1073 1074
1074 1075
1075 1076 1457
1076 1077
1077 1078 1464 1680
1078 1079
1079 1080
1080 1081
1081 1082 1295
1082 1083
1083 1084
1084 1085 1630
1085 1086
1086 1087
1087 1088 1328
1088 1089 1432
1089 1090
1090 1091
1091 1092
1092 1093
1093 1094
1094 1095
1095 1096
1096 1097
1097 1098
1098 1099 1365
1099 1100 1646
1100 1101
1101 1102
1102 1103 1242
1103 1104 1224
1104 1105
1105 1106
1106 1107
1107 1108
1108 1109
1109 1110
1110 1111
1111 1112 1730 1539
1112 1113
1113 1114
1114 1115
1115 1116
1116 1117 1442
1117 1118
1118 1119
1119 1120
1120 1121 1394
1121 1122
1122 1123
1123 1124
1124 1125
1125 1126 1516
1126 1127
1127 1128 1511
1128 1129 1349
1129 1130
1130 1131 1664
1131 1132
1132 1133
1133 1134
1134 1135
1135 1136
1136 1137
1137 1138 1666
1138 1139 1371
1139 1140
1140 1141
1141 1142
1142 1143
1143 1144 1230
1144 1145
1145 1146
1146 1147
1147 1148
1148 1149
1149 1150
1150 1151 1413
1151 1152
1152 1153
1153 1154
1154 1155 1534
1155 1156
1156 1157 1349
1157 1158 1435
1158 1159
1159 1160
1160 1161 1463
1161 1162
1162 1163
1163 1164
1164 1165
1165 1166 1210
1166 1167
1167 1168 1424
1168 1169
1169 1170
1170 1171
1171 1172
1172 1173 1540
1173 1174
1174 1175
1175 1176
1176 1177
1177 1178
1178 1179
1179 1180
1180 1181
1181 1182
1182 1183 1240
1183 1184
1184 1185
1185 1186
1186 1187
1187 1188
1188 1189
1189 1190
1190 1191
1191 1192
1192 1193
1193 1194
1194 1195
1195 1196 1271
1196 1197
1197 1198
1198 1199
1199 1200
1200 1201
1201 1202 1396
1202 1203
1203 1204
1204 1205
1205 1206
1206 1207
1207 1208
1208 1209
1209 1210
1210 1211
1211 1212
1212 1213
1213 1214
1214 1215
1215 1216
1216 1217
1217 1218
1218 1219
1219 1220 1727
1220 1221
1221 1222
1222 1223
1223 1224
1224 1225 1736
1225 1226
1226 1227 1599
1227 1228
1228 1229
1229 1230
1230 1231
1231 1232
1232 1233 1653
1233 1234
1234 1235
1235 1236
1236 1237
1237 1238
1238 1239
1239 1240
1240 1241
1241 1242
1242 1243
1243 1244
1244 1245 1321
1245 1246 1324
1246 1247
1247 1248
1248 1249
1249 1250
1250 1251
1251 1252
1252 1253
1253 1254
1254 1255
1255 1256
1256 1257 1379
1257 1258
1258 1259
1259 1260
1260 1261
1261 1262
1262 1263
1263 1264
1264 1265
1265 1266
1266 1267
1267 1268
1268 1269
1269 1270 1393
1270 1271
1271 1272
1272 1273
1273 1274
1274 1275
1275 1276 1344
1276 1277 1515
1277 1278
1278 1279
1279 1280
1280 1281
1281 1282
1282 1283
1283 1284
1284 1285
1285 1286
1286 1287
1287 1288
1288 1289
1289 1290 1444
1290 1291
1291 1292
1292 1293
1293 1294 1668
1294 1295 1585
1295 1296
1296 1297
1297 1298
1298 1299 1353 1361
1299 1300
1300 1301
1301 1302 1392
1302 1303
1303 1304
1304 1305
1305 1306
1306 1307 1497
1307 1308
1308 1309
1309 1310
1310 1311
1311 1312
1312 1313 1399
1313 1314
1314 1315
1315 1316
1316 1317
1317 1318
1318 1319
1319 1320
1320 1321
1321 1322
1322 1323
1323 1324
1324 1325
1325 1326
1326 1327
1327 1328
1328 1329
1329 1330
1330 1331 1478
1331 1332
1332 1333
1333 1334
1334 1335
1335 1336
1336 1337
1337 1338
1338 1339
1339 1340 1440
1340 1341 1597
1341 1342
1342 1343
1343 1344
1344 1345
1345 1346
1346 1347
1347 1348
1348 1349
1349 1350
1350 1351
1351 1352
1352 1353
1353 1354
1354 1355
1355 1356 1711
1356 1357
1357 1358 1708
1358 1359
1359 1360
1360 1361
1361 1362
1362 1363 1708
1363 1364
1364 1365
1365 1366
1366 1367 1715
1367 1368
1368 1369
1369 1370
1370 1371 1604
1371 1372
1372 1373
1373 1374
1374 1375
1375 1376 1624 1504 1574
1376 1377
1377 1378
1378 1379
1379 1380
1380 1381
1381 1382
1382 1383
1383 1384
1384 1385
1385 1386
1386 1387
1387 1388 1576
1388 1389
1389 1390
1390 1391
1391 1392
1392 1393
1393 1394 1736
1394 1395
1395 1396
1396 1397
1397 1398
1398 1399
1399 1400
1400 1401
1401 1402
1402 1403
1403 1404
1404 1405
1405 1406
1406 1407
1407 1408
1408 1409
1409 1410
1410 1411
1411 1412
1412 1413
1413 1414 1597
1414 1415
1415 1416 1562
1416 1417
1417 1418
1418 1419
1419 1420
1420 1421
1421 1422
1422 1423
1423 1424
1424 1425
1425 1426
1426 1427
1427 1428 1679
1428 1429
1429 1430
1430 1431
1431 1432
1432 1433
1433 1434
1434 1435
1435 1436
1436 1437
1437 1438
1438 1439
1439 1440 1708
1440 1441
1441 1442
1442 1443
1443 1444
1444 1445
1445 1446
1446 1447
1447 1448
1448 1449
1449 1450
1450 1451
1451 1452
1452 1453 1479
1453 1454
1454 1455
1455 1456
1456 1457
1457 1458
1458 1459
1459 1460
1460 1461
1461 1462
1462 1463
1463 1464
1464 1465
1465 1466
1466 1467
1467 1468
1468 1469
1469 1470
1470 1471 1481
1471 1472
1472 1473
1473 1474
1474 1475
1475 1476
1476 1477
1477 1478 1677
1478 1479
1479 1480
1480 1481 1667
1481 1482
1482 1483
1483 1484 1543
1484 1485
1485 1486
1486 1487
1487 1488
1488 1489 1719
1489 1490
1490 1491
1491 1492
1492 1493
1493 1494
1494 1495
1495 1496
1496 1497
1497 1498
1498 1499
1499 1500
1500 1501
1501 1502
1502 1503
1503 1504
1504 1505
1505 1506 1512
1506 1507
1507 1508 1543
1508 1509
1509 1510 1520
1510 1511
1511 1512
1512 1513
1513 1514
1514 1515 1736
1515 1516
1516 1517
1517 1518
1518 1519
1519 1520
1520 1521
1521 1522
1522 1523 1650
1523 1524
1524 1525
1525 1526
1526 1527
1527 1528
1528 1529
1529 1530
1530 1531
1531 1532 1654
1532 1533 1729
1533 1534
1534 1535
1535 1536
1536 1537
1537 1538
1538 1539 1675
1539 1540
1540 1541
1541 1542
1542 1543 1618
1543 1544
1544 1545
1545 1546
1546 1547
1547 1548
1548 1549
1549 1550
1550 1551
1551 1552
1552 1553
1553 1554
1554 1555
1555 1556
1556 1557
1557 1558
1558 1559
1559 1560 1683
1560 1561
1561 1562
1562 1563
1563 1564
1564 1565
1565 1566
1566 1567
1567 1568 1573
1568 1569
1569 1570
1570 1571
1571 1572
1572 1573
1573 1574
1574 1575
1575 1576 1583
1576 1577 1681
1577 1578
1578 1579
1579 1580
1580 1581
1581 1582
1582 1583
1583 1584
1584 1585
1585 1586
1586 1587
1587 1588
1588 1589
1589 1590
1590 1591
1591 1592
1592 1593
1593 1594
1594 1595
1595 1596
1596 1597
1597 1598
1598 1599
1599 1600
1600 1601
1601 1602
1602 1603
1603 1604
1604 1605
1605 1606
1606 1607
1607 1608
1608 1609
1609 1610
1610 1611
1611 1612
1612 1613
1613 1614
1614 1615
1615 1616
1616 1617
1617 1618
1618 1619
1619 1620
1620 1621
1621 1622
1622 1623
1623 1624
1624 1625
1625 1626
1626 1627
1627 1628
1628 1629
1629 1630
1630 1631
1631 1632
1632 1633
1633 1634
1634 1635
1635 1636
1636 1637
1637 1638
1638 1639
1639 1640
1640 1641
1641 1642
1642 1643
1643 1644
1644 1645
1645 1646
1646 1647
1647 1648 1728
1648 1649
1649 1650
1650 1651
1651 1652
1652 1653
1653 1654
1654 1655
1655 1656
1656 1657
1657 1658
1658 1659
1659 1660
1660 1661
1661 1662
1662 1663
1663 1664
1664 1665
1665 1666
1666 1667
1667 1668
1668 1669
1669 1670
1670 1671
1671 1672
1672 1673
1673 1674
1674 1675
1675 1676
1676 1677
1677 1678
1678 1679
1679 1680
1680 1681
1681 1682
1682 1683
1683 1684
1684 1685
1685 1686
1686 1687
1687 1688 1725
1688 1689
1689 1690
1690 1691
1691 1692
1692 1693
1693 1694
1694 1695
1695 1696
1696 1697
1697 1698
1698 1699
1699 1700
1700 1701
1701 1702
1702 1703
1703 1704
1704 1705
1705 1706
1706 1707
1707 1708
1708 1709
1709 1710
1710 1711
1711 1712
1712 1713
1713 1714
1714 1715
1715 1716
1716 1717
1717 1718
1718 1719
1719 1720
1720 1721
1721 1722
1722 1723
1723 1724
1724 1725
1725 1726
1726 1727
1727 1728
1728 1729
1729 1730
1730 1731
1731 1732
1732 1733
1733 1734
1734 1735
1735 1736
1736 1737
1737
