#/opt/homebrew/Caskroom/miniconda/base/envs/hack25/lib/python3.12/site-packages/ipykernel_launcher.py --f=/Users/jpinney/Library/Jupyter/runtime/kernel-v352576b36ed274793969b57d69d8306c9df606370.json
# GMT Sun Jul 20 12:23:43 2025
# 
0 166 184 189 313 479 588 670 988 1006 1117 1508 1538 1637 1745 1797 1865 1954
1 83 134 165 265 584 717 741 755 758 760 1051 1170 1303 1432 1477 1721 1748 1982 2039 2133 2164 2168
2 373 426 665 694 784 839 1098 1412 1749 2219 2244
3 40 107 143 198 648 718 781 823 879 933 1040 1090 1172 1220 1575 1670 1758 1994 2057 2075 2182
4 16 355 378 404 565 1135 1625 1974
5 10 135 235 321 606 698 721 806 891 1224 1337 1350 1389 1694
6 41 271 283 414 467 609 623 877 959 1013 1066 1202 1335 1435 1622 1885 1901 1979 1991 2148
7 123 160 164 301 971 1434 1554 1591 2038 2102 2175
8 361 389 470 995 1188 1408 1436 1714 1890 1986 2014 2120 2124 2240 2245
9 451 801 838 1611 1711
10 58 72 135 235 606 669 698 806 891 1114 1224 1337 1389 1481 2048 2230
11 607 1045 1046 1048 1140 1827
12 59 65 231 400 594 649 889 1269 1339
13 115 192 325 558 870 1164 1525 1643 1709 1823 1866 1875 1976 2101 2260
14 20 344 1080 1492 1668 1840 1942 2079 2107
15 30 107 141 154 198 249 491 497 718 879 1040 1153 1179 1220 1252 1260 1683 1715 1914 1994 2057 2075 2182
16 40 143 219 355 404 409 565 648 993 1090 1448 1575 1670 1794
17 425 723 968 1084 1112 1222 1300 1301 1445 1732 1963 2118
18 76 96 461 843 958 1340 1379 1394 1509 1905 1961 1983 2008
19 268 583 804 805 869 992 1333 1496 1546 1597 1654 1674 1687 2125
20 344 1177 1492 1498 1528 1668 1825 1840 1942 1973 2061 2079 2107
21 291 640 745 822 829 974 1012 1137 1174 1656 1820 2095 2165
22 405 533 657 902 1019 1158 1216 1479 1483 1549 1595 1601 1634 1862 1971 2205
23 190 490 540 575 608 807 820 826 982 1096 1228 1342 1370 1559 1863 2189 2259
24 71 238 405 724 732 1277 1568 1601 1750 1997 2006 2040 2122 2204
25 455 464 674 856 930 984 1022 1353 1628 1733 1779 1977 2024 2052
26 104 144 248 488 700 1123 1138 1186 1571 1965
27 68 171 258 350 516 667 795 1074 1110 1147 1238 1427 1464 1527 1609 1799 1836 1848 2178
28 130 237 275 277 319 411 747 793 981 1150 1374 1816 2043
29 360 863 1214 1978 2150
30 107 141 154 198 249 491 497 718 879 1040 1153 1220 1252 1260 1683 1715 1914 2057 2075 2082 2182
31 50 406 531 746 1021 1520 1603 1826 1925 2030
32 94 357 392 752 882 1247 1258 1299 1399 1471 1690 1870 2068 2090
33 384 439 769 868 1109 1157 1168 1175 1453 2066 2149
34 63 69 721 754 939 1350 1655 1686 1827
35 68 129 171 516 677 906 1016 1134 1147 1238 1320 1402 1427 1447 1459 1609 1774 1799 1836 2098 2153
36 386 486 702 833 848 873 1666 1676
37 57 543 559 642 659 1287 1474 1523 1798 2191 2258
38 266 496 556 830 871 1215 1505 1594 1985 2146
39 51 59 62 215 228 286 594 1034 1531 1814 1855 1903 1908 1962 2083 2106 2251
40 107 143 198 648 718 781 823 879 1040 1090 1220 1575 1670 1758 1994 2057 2075
41 271 306 609 643 658 877 959 1013 1066 1202 1287 1435 1622 1901 2191
42 103 430 998 1380 1768 1801 1877 2073 2096 2234
43 78 86 101 306 391 520 643 658 905 959 1202 1204 1206 1211 1927 1975
44 278 809 914 1111 1510 1764 2022 2119
45 73 223 368 647 771 776 899 1073 1130 1212 1214 1254 1256 1354 1868 1978 2111 2150
46 66 447 801 973 1183
47 512 1330 1470 1570 1735 1761 1769
48 98 350 396 516 655 667 670 1099 1110 1176 1460 1464 1466 1467 1527 1784 1829 2178
49 242 288 466 492 651 924 1203 1347 1550 1871 2131 2147
50 75 147 158 199 295 362 406 531 1021 1072 1452 1490 1501 1518 1603 1826 1913 1925 2030 2229 2231 2252
51 62 215 228 286 628 1034 1531 1614 1673 1702 1810 1814 1855 1903 1908 1962 2053 2083 2106
52 432 613 720 892 902 1126 1248 1483 1487 1506 1572 1639 1862 2035
53 393 431 722 841 869 956 992 1264 1497 1687 1897 2125
54 154 686 781 817 823 933 1040 1179 1333 1537 1674 2114 2182
55 277 547 1150 1402 1774 2043 2157
56 221 342 967 1360 1470 1667 1735 1838 2128 2227
57 86 543 559 659 880 911 985 1287 1474 1523 1798 1921 1975 2037 2191 2258
58 235 669 698 806 891 903 1114 1337 1680 2048 2221 2230
59 62 65 215 228 231 400 594 1034 1269 1339 1814 1855 1902 1908 1962 2083 2251
60 64 120 213 508 688 707 847 1116 1162 1174 1311 1440 1446 1507 1585 1669
61 138 462 635 1536 1604 1649 1788 1995
62 84 215 286 553 1034 1531 1614 1673 1810 1814 1855 1902 1903 1908 1962 2053 2083
63 69 93 254 321 697 754 792 939 1095 1323 1350 1655 1686 1694 1777 1806 1883 2181 2218
64 120 508 707 950 1137 1174 1311 1336 1446 1507 1585 1669 1763 1941 2095
65 215 400 1234 1339 1864 1902
66 447 973 1283 1984 2064
67 131 203 314 338 388 469 500 509 563 683 884 1346 1418 1671 1751 1872 1889 2021 2138
68 171 258 350 516 667 795 1016 1074 1147 1238 1427 1464 1609 1799 1836 1848 2178
69 93 233 254 697 754 792 939 1095 1119 1323 1350 1655 1686 1777 1806 1861 1883 2011 2257
70 186 251 259 379 401 1235 1502 1528 1737 1964 2032 2036 2079
71 238 405 724 732 1126 1248 1568 1601 1750 1862 1997 2006 2035 2040 2122 2204
72 135 235 576 606 698 891 1114 1224 1337 1389 1481 1680 1846 1956 2048 2076 2154 2230
73 99 223 368 647 771 776 1073 1130 1199 1254 1256 1305 1354 1868 1911 1951 1955 1999 2111 2199
74 663 731 915 1187 1351 1555 1641 1701 2001 2209
75 147 158 199 295 406 531 1021 1072 1452 1490 1501 1518 1603 1719 1826 1913 2030 2051 2166 2229 2231 2252
76 96 331 461 691 843 1180 1379 1394 1478 1876 1884 1905 1961
77 387 581 616 780 893 962 1185 1266 1272 1308 1708 1888 1944 2093 2127 2192
78 101 306 391 520 522 643 658 959 1013 1043 1202 1206 1211 1912 1927 2041 2062
79 270 334 605 789 798 917 1050 1071 1083 1194 1295 2005 2069 2217 2250
80 116 258 350 646 1160 1464 1467 1527 1589 1784 1829 1848 2044 2056
81 191 262 384 448 487 504 920 1109 1157 1536 1649 1788 2060 2066
82 170 562 709 710 970 1191 1397 1423 1425 1482 1578 1726 1845 1878 1992 2087 2139 2196
83 134 165 265 518 584 618 637 755 758 760 1037 1170 1303 1477 1653 1721 1748 2039 2133 2168
84 97 215 286 370 553 599 1038 1566 1620 1673 1692 1903 1926 2053 2083 2215 2254
85 631 910 931 1093 1120 1362 1853 1987
86 306 458 659 883 905 911 985 1204 1457 1523 1822 1975 2037 2065
87 192 224 298 422 767 790 870 1643 1823 1875 1996
88 217 310 402 498 523 685 849 1104 1132 1161 1262 1297 1517 1608 1627 1756 1818 1935 1960 1993 2126 2201
89 125 252 427 590 612 810 862 900 914 979 1223 1500 1503 1706 1859 1980 2022 2085 2119 2242 2253
90 505 731 1004 1064 1107 1187 1343 1426 1553 1775 1795 1807 1830 1904 1919 1998 2161 2209
91 373 592 784 787 825 1184 1278 1420 1578 2237
92 140 412 660 696 852 894 1192 1616 1685 1846
93 158 233 254 754 792 939 1119 1655 1686 1806 1861 1883 2007 2011 2257
94 145 146 250 357 392 752 772 882 1428 1471 1844 1870 2090 2197
95 285 378 441 560 691 932 1135 1231 1625 1780 1950 1974 2046
96 421 461 614 719 843 958 1180 1379 1394 1478 1884 1905 2071 2112
97 286 370 382 553 599 1038 1458 1566 1614 1620 1673 1692 1903 1926 2053 2210 2237 2254
98 396 814 896 988 1006 1159 1405 1460 1466 1467 1538 1784 1829 2151 2160 2195
99 264 368 415 446 771 776 935 942 1130 1199 1243 1256 1354 1534 1703 1868 1911 1951 1955 1999 2111
100 304 364 407 419 435 542 692 947 1424 1582 1659 1738 1741 1760 1813 1817 1849 2015
101 306 391 520 522 658 1059 1103 1206 1211 1221 1383 1437 1697 1819 1912 1923 1927 2041 2062
102 145 146 250 460 528 940 1328 1543 1759 1856 1934 2197
103 267 430 575 766 820 998 1462 1579 1644 1768 1801 1877 2096
104 144 488 1138 1965
105 845 880 908 1133 1281 1798 1874 1896 1948 1972 2091 2116 2258 2261
106 220 317 444 537 567 1391 1712 1736
107 141 154 198 497 686 718 781 823 879 1040 1153 1179 1220 1260 1575 1683 1994 2057 2075 2182
108 324 352 366 383 511 745 1003 1353 1656 1733 1752 1753 1779 1793 1815 1841 2024 2170 2194 2208
109 127 131 372 509 574 683 884 918 1089 1242 1346 1413 1744 1872 2138 2255
110 113 123 188 1015 1144 1151 1244 1541 2102 2152
111 169 314 338 416 1108 1418 1551 1916 2169
112 300 625 812 835 938 1007 1189 1253 1255 1286 1371 1576 1617 1910 2025 2226
113 123 188 1144 1434 2102 2152 2175
114 132 175 390 413 463 639 668 763 954 1025 1102 1237 1246 1378 1835 2020 2067
115 157 253 332 1018 1053 1164 1525 1643 1646 1684 1709 1899 2260
116 499 619 783 791 876 1310 1456 1562 1589 1771 1832 2056 2151
117 675 689 704 770 861 1054 1092 1094 1193 1250 1377 1428 1463 1612 1730 1844 1886 1931 2010
118 162 203 294 469 683 769 909 1346 1453 1512 1671 1889
119 514 528 680 830 846 940 945 1178 1215 1328 1759 1856 1934
120 508 688 707 847 1012 1116 1137 1162 1174 1311 1446 1507 1585 1669 2095
121 272 311 672 744 897 907 915 1361 1450 1647 2049
122 156 234 335 428 472 589 966 1014 1236 1850 1941 2070 2086
123 160 164 944 1285 1380 1554 2038 2102
124 312 403 434 1022 1033 1580 1699 1790 1958 1968 1977 2172
125 252 612 808 810 900 957 1223 1251 1500 1504 1548 1587 1636 1980 2242 2248 2253
126 395 510 753 765 1707 1785
127 131 372 509 574 683 884 918 1089 1242 1346 1413 1744 1872 2138 2255
128 218 351 429 561 602 742 922 1261 1296 1325 1561 1638 1787 1833 1880
129 171 183 516 547 655 667 677 1099 1176 1217 1238 1263 1402 1427 1609 1774 1799 2098 2153 2157 2238
130 275 319 793 981 1125 1718 1765 1816 2084
131 203 372 469 509 683 884 918 1346 1413 1415 1872 2138 2255
132 175 177 390 413 463 501 639 763 898 954 1025 1102 1237 1246 1378 1630 1835
133 335 472 489 966 1266 1522 2058
134 165 265 584 637 741 760 1303 1623 1721 1748 1982 2133 2168
135 235 606 698 721 891 1045 1224 1337 1389 1481 2230
136 649 831 889 936 1598 1642
137 690 703 705 797 972 1141 1207 1257 1678
138 308 462 525 635 1182 1658 1894 2132
139 274 430 1293 1341 1417 1462 1644 1863
140 167 696 786 852 894 1026 1048 1469 1685
141 154 198 249 491 497 1010 1027 1040 1153 1179 1220 1252 1260 1407 1683 1715 1914 2082 2182
142 297 437 517 678 682 858 878 1230 1326 1414 1513 1776 1852 2089
143 198 565 648 781 823 879 1040 1090 1172 1575 1670 1758 1994 2057 2075
144 269 488 1097 1138 1249 1560 1648 1965
145 146 250 357 460 528 752 772 882 940 1543 2090 2197
146 359 460 675 704 752 882 940 1193 1250 1428 1844 1934 2090 2197
147 362 398 406 493 923 1047 1369 1452 1501 1518 1584 1826 1929 2030 2252
148 227 267 386 756 766 777 944 949 1086 1285
149 161 220 302 334 529 895 919 1083 1101 1384 1391 1401 1782 2094
150 524 1081 1167 1922 2188 2232
151 303 534 759 1031 1918 2171
152 185 246 322 365 444 728 739 1052 1240 1387 1473 1577 1900 2072 2187
153 179 205 346 476 507 546 666 980 1461 1633 1842
154 491 497 686 781 817 1010 1027 1040 1153 1179 1195 1220 1260 1526 1537 1914 2182
155 429 545 632 912 943 1035 1583 1599 1629 1887 2156
156 335 498 523 591 849 966 1104 1262 1297 1517 1818 2070 2086
157 163 253 332 349 387 621 734 893 962 1053 1266 1358 1646 1684 1709 1899 2093 2192 2260
158 194 199 254 295 406 531 851 1021 1072 1119 1490 1603 1719 1861 1913 2007 2051 2166 2229 2231 2252 2257
159 239 296 450 595 622 679 705 706 960 1057 1209 1321 1422 1442 1558 1880 1928
160 164 301 944 1285 1380 1554 2012 2038
161 249 529 681 775 895 919 1101 1252 1319 1384 1401 1569 1683 1715 1782 2094
162 294 650 769 909 990 1365 1453 1512 1688
163 349 387 621 734 887 893 962 1053 1185 1266 1358 1646 1684 1709 1899 2093 2192 2212
164 301 1380 1554 1591 2012 2038 2102
165 265 584 637 717 741 755 758 760 1170 1303 1477 1653 1721 1748 1982 2039 2133 2168
166 184 189 479 503 588 896 988 1006 1508 1538 1745 1797 1865 1954 2115
167 696 786 852 894 1046 1048 1140 1469 1685 2076 2154
168 253 332 730 779 800 818 953 1018 1062 1899 1996 2063
169 416 1108 2092
170 204 562 709 827 970 1143 1154 1191 1316 1397 1423 1425 1631 1689 1726 1881 1992 2137 2196 2202
171 258 350 516 655 667 795 1074 1099 1110 1147 1176 1238 1427 1447 1464 1609 1799 1836 1848 2098 2153 2178
172 275 293 570 834 1056 1142 1395 1439 1718 1746 1765 1773 1791 1812 1907 2010 2031
173 256 281 453 662 701 1169 1271 1275 1375 1552 1657 1843 1917 2080 2134 2249
174 519 562 566 603 661 710 1390 1423 1482 1493 1514 1878 2081 2196
175 374 390 763 901 954 1025 1060 1246 1378 1486 1677 1720 1895 2050 2078 2135
176 182 284 394 491 513 802 927 986 1010 1027 1407 1526 1540 1914 2018 2082 2220
177 463 501 545 695 898 954 1237 1246 1583 1630 1662 1833 1887 2020
178 430 482 611 1417 1640 1675 2073 2096 2234
179 205 346 408 652 1376 1869 2214
180 410 533 613 708 892 902 1479 1483 1572 1595 1618 1634 1639 2009 2205 2256
181 241 242 333 371 376 442 492 598 651 751 1085 1139 1274 1550 1893 1898 2013 2131 2190
182 225 284 377 394 513 748 802 991 1061 1173 1189 1226 1540 1617 2018 2145 2220
183 290 670 890 1099 1117 1176 1217 1263 1564 1637 2033 2129 2216 2238
184 189 270 313 479 588 789 1071 1194 1508 1745 1797 1954
185 196 322 340 728 733 739 764 819 1052 1240 1334 1484 1577 1943 2072
186 251 259 379 401 1235 1502 1528 1700 1737 1964 2032 2036 2079
187 318 538 550 701 803 977 1149 1271 1352 1707 1802 1828 1882 2003 2249
188 197 465 620 1015 1144 1151 1244 1541 1695 2102 2152
189 479 588 896 988 1006 1117 1508 1538 1745 1797 1865 1954 2115 2160
190 540 575 608 807 820 1096 1228 1370 1834 1936 1990
191 262 448 474 487 920 1127 1196 1298 1357 1604 1649 1995 2066
192 212 224 298 325 767 790 870 1041 1643 1786 1823 1875 1976 2101
193 209 244 305 363 427 554 979 1268 1376 1430 1557 1698 1778 1869 2214
194 199 207 254 295 946 1072 1095 1119 1323 1476 1490 1719 1806 1883 1913 1979 2051 2166 2186 2231
195 369 490 737 952 1115 1312 1370 1406 1559 1663 1811 1966 2047 2176
196 232 551 733 799 819 1309 1547 1577 1755 2185
197 268 465 620 1015 1144 1151 1244 1333 1364 1419 1695
198 497 718 781 823 879 1040 1153 1220 1575 1683 1727 1994 2057 2075 2182
199 207 254 295 406 531 1021 1072 1119 1476 1490 1518 1603 1719 1913 2051 2166 2229 2231 2252
200 257 443 539 714 910 1076 1093 1398 1454 1939 2193
201 291 420 457 459 630 832 881 947 961 1124 1259 1626 1693 1738 1817 2100 2165
202 278 634 800 953 1111 1183 1219 1615 1734 1764
203 314 388 469 500 509 563 683 884 1346 1418 1671 1751 1872 1889 2021 2138
204 272 713 827 897 970 1154 1191 1316 1397 1689 1726 1881 2029 2137 2202
205 346 476 546 652 666 857 980 1633 1842 2108
206 219 409 798 1245 1448 1491 1516 1772 1794 2069 2250
207 283 295 414 467 1072 1335 1476 1490 1518 1622 1719 1885 1979 1991 2002 2148 2166 2186 2231 2252
208 382 1458 1602 1723 2113 2225
209 244 305 363 474 554 564 1127 1196 1268 1357 1430 1557 1698 1778 1892 1995
210 515 542 693 773 774 837 866 1017 1393 1400 1741 2000 2140 2142
211 315 426 611 853 916 1313 1390 1514 1619 1640 1845 1878 1937 2081
212 767 790 870 1041 1177 1498 1611 1786 1809 1825 1940 1973 2061
213 251 259 508 707 1162 1235 1311 1440 1446 1585 1669 1700 1737 1964 2032 2036
214 418 770 840 861 1056 1092 1113 1612 1767 1870 1931 2184
215 286 553 1038 1855 1902 1903 1908 2053 2083 2215
216 343 568 645 821 888 975 1000 1276 1607 1831 1972
217 310 402 498 523 685 849 1104 1132 1161 1262 1297 1517 1608 1627 1756 1818 1935 1993 2126 2201
218 351 429 561 615 653 742 969 1035 1296 1325 1787
219 409 718 879 993 1448 1575 1727 1772 2057
220 302 334 537 549 567 729 917 1083 1384 1391 1712 1736 2094
221 512 816 967 1059 1103 1165 1221 1294 1360 1383 1437 1470 1570 1697 1735 1808 1819 1923
222 299 399 443 539 714 844 925 1317 1421 1454 1725 1909
223 423 454 471 647 776 899 1058 1073 1199 1254 1256 1305 1354 1868 2111 2199
224 298 422 451 767 790 870 1306 1396 1711 1875 1996
225 377 527 748 812 835 991 1061 1173 1189 1348 1511 1540 1617 2226
226 504 638 715 788 811 886 1030 1077 1429 1747 1767 1788 2060 2103 2211 2224
227 267 756 766 777 944 949 998 1086 1285 1768
228 854 1034 1171 1485 1531 1810 1814 1855 1930 1962 2106 2162 2251
229 319 326 484 673 712 782 828 1363 1621 1696 1743 1754 2084
230 323 687 749 757 813 1065 1121 1208 1307 1382 1438 1596 1796 1847
231 400 470 582 594 649 1269 1381 1408 2123 2240
232 521 733 819 934 1309 1547 1755 1838 1891 2019 2128 2130 2185
233 792 851 939 1686 1861 2007 2011 2257
234 335 428 472 589 735 950 1014 1236 1322 1336 1359 1850 1941 1967 2070
235 576 606 698 806 891 903 1114 1224 1337 1481 1680 2048 2230
236 320 326 585 673 828 926 955 1070 1131 1233 1318 1338 2222
237 277 411 525 906 981 1150 1232 1320 1459 1610
238 625 724 732 938 1253 1371 1532 1568 1750 1910 1997 2025 2122
239 296 450 595 622 679 705 706 960 1057 1209 1321 1422 1558 1880 1928
240 289 328 557 617 629 631 931 1120 1136 1372 1398 1499 1524 1947
241 242 333 371 424 598 651 751 1085 1139 1274 1315 1373 1893 2013 2131 2190
242 442 466 492 598 651 751 924 1085 1139 1550 1893 2131
243 303 347 534 875 928 1031 1162 1495
244 305 363 427 554 979 1268 1430 1557 1698 1778 1869
245 261 301 315 433 456 1122 1152 1493 1554 1591 1821 2012 2081
246 329 444 551 739 799 983 1387 1577 1900 2072 2187
247 273 324 464 511 656 930 997 1281 1353 1573 1779 1793 1948 1969 2024 2170 2261
248 274 700 1024 1097 1123 1138 1186 1293 1341 1645 1803 1965 1981 2180
249 664 775 1101 1153 1252 1260 1319 1401 1411 1569 1683 1715 2082
250 357 460 752 772 1543 2090 2197
251 259 379 401 1235 1440 1502 1700 1737 1763 1964 2032 2036
252 427 612 810 862 914 979 1223 1268 1500 2085 2119 2242 2253
253 332 349 621 730 779 887 1011 1018 1053 1062 1358 1684 1709 1899 2260
254 295 792 939 1072 1095 1119 1323 1476 1777 1806 1861 1883 2051 2229 2257
255 309 530 610 632 633 660 743 761 859 943 951 1082 1192 1213 1227 1239 1302 1616 1704 2247
256 257 375 421 626 1076 1169 1552 1657 1843 1939 2080 2112
257 539 626 714 910 1076 1939 2193
258 350 516 667 795 1074 1110 1147 1160 1464 1527 1799 1829 1848 2044 2178
259 379 401 1235 1311 1440 1502 1700 1737 1763 1964 2032 2036
260 263 299 399 495 506 577 717 844 913 1433 1909 1982 2117 2143
261 433 445 456 684 1122 1152 1493 1591 1821 2045 2081
262 384 448 487 920 1127 1196 1298 1649 2066
263 299 399 443 495 629 844 913 1136 1421 1433 1454 1725 1909 2143
264 415 446 506 580 925 942 1118 1243 1352 1521 1534 1703 1951 2027 2207
265 584 618 637 741 755 758 760 1170 1303 1477 1653 1721 1748 2039 2133 2168
266 496 556 871 1051 1432 1505 1533 1594 1713 1985 2121 2146 2164
267 756 766 777 820 998 1086 1579 1768 1801 1877
268 486 620 804 805 1151 1333 1364 1419 1546 1695
269 488 826 982 1097 1106 1146 1342 1560 1624 1645 1648 1663 1863 1965 1981 2055 2174 2189 2259
270 605 789 798 1071 1194 1508 1745 1797 2005 2069 2118 2217
271 609 643 877 1066 1287 1335 1435 1622 1885 1901 2191
272 311 672 744 897 1154 1647 2029 2049 2179 2202
273 656 880 883 930 1281 1457 1573 1921 1948 1969 2037 2074 2261
274 482 665 1024 1097 1293 1341 1417 1645 1965 1981 2180 2244
275 319 339 570 793 1125 1395 1439 1718 1746 1765 1791 1816
276 449 477 524 716 1167 1331 1691 1867 1922 2004
277 793 906 1150 2043
278 447 634 676 809 921 1111 1183 1403 1510 1615 1734 1764
279 345 494 644 1067 1241 1416
280 473 628 713 965 1042 1171 1191 1316 1726 1930 2029 2106 2109 2137 2162 2243
281 375 421 436 874 1078 1275 1375 1494 1657 1722 1843 2023 2026 2054
282 293 618 689 762 834 836 1037 1094 1142 1730 1886 1907 2010
283 295 414 467 623 1072 1335 1435 1476 1490 1518 1622 1719 1885 1979 1991 2002 2148 2166 2186 2231 2235
284 394 513 802 986 991 1407 1540 2018 2145 2220
285 441 541 560 691 872 932 1135 1231 1876 1961
286 553 1034 1038 1531 1566 1614 1673 1810 1855 1903 1908 1962 2053 2083
287 333 341 380 385 486 850 1156 1270 1368 1519 1546 1597 1664 1676 2190
288 348 924 1166 1203 1347 1410 1681 1871 1873 1920 2088 2136 2223
289 328 539 629 931 1120 1136 1398 1454 1725 1947
290 313 597 670 890 1117 1217 1263 1349 1564 1637 2033 2129 2216 2238
291 383 420 630 745 822 881 974 1012 1124 1137 1259 1656 1820 2100 2165
292 343 624 785 813 860 975 1000 1005 1065 1276 1307 1480 1607 1847
293 689 762 834 1037 1056 1094 1142 1395 1439 1718 1773 1791 1886 1907 2010 2031
294 650 769 909 990 1365 1453 1512 1688
295 406 1072 1119 1476 1490 1518 1719 1913 1979 1991 2051 2148 2166 2186 2229 2231 2252
296 397 450 595 706 797 960 1044 1209 1321 1422 1442 1558 1928
297 593 858 878 1055 1230 1326 1414 1431 1513 1530 1535 2089
298 422 767 790 870 1219 1306 1396 1823 1875 1996
299 399 443 495 629 844 1136 1317 1398 1421 1433 1454 1725 1909 2143
300 478 522 596 740 938 1007 1148 1255 1286 1329 1332 1705 1959 2077
301 456 971 1122 1554 1591 1821 2012 2038 2175
302 334 529 605 798 895 917 919 1083 1295 1384 1391 1712 2005 2094 2250
303 347 534 759 875 928 1031 1495 2171
304 364 419 435 824 947 1424 1582 1659 1738 1760 1813 1817 1849 1918 2015 2171
305 363 427 554 862 979 1268 1430 1557 1778 1869 2085
306 520 643 658 905 959 1202 1204 1206 1211 1523 1927 1975
307 325 337 344 558 601 1041 1177 1443 1498 1528 1668 1762 1786 1825 1866 1952 1973 1976 2061 2101
308 339 462 525 747 1182 1374 1658 1894 2132
309 475 610 633 761 859 943 951 1063 1213 1227 1239 1345 1600 1704 2213 2247
310 312 402 685 1022 1161 1608 1879 1960 1968 2126 2201
311 672 744 907 915 976 1004 1361 1450 1553 1647 2049
312 342 403 434 1022 1580 1790 1958 1960 1968 2172
313 479 597 600 890 1117 1637 1745 1797 2129
314 338 388 500 563 1418 1551 1751 1889 1916 2021 2169
315 433 456 1122 1152 1390 1493 1640 2081
316 568 645 1047 1520 1584 1831 1929
317 334 444 537 917 1050 1083 1295 1712 1900
318 453 538 662 925 1169 1271 1352 1552 1828 1882 2003 2134 2249
319 484 712 782 793 1765 1812 1816 2043 2084
320 557 585 617 926 955 963 1070 1372 1468 1524 2097 2222
321 381 536 669 697 754 806 891 1095 1314 1350 1694 1742 1777 2181 2218
322 340 365 619 728 739 764 876 1052 1240 1334 1473 1824 1943 2072 2151
323 367 480 687 749 757 813 1005 1065 1121 1208 1307 1382 1438 1480 1596 1796 1847 2034
324 366 383 417 511 994 997 1069 1353 1793 1815 1841 1933 2170 2194
325 337 558 601 870 1164 1443 1525 1643 1786 1823 1825 1866 1976 2101
326 484 585 673 828 1131 1233 1318 1338 1349 1754 2222
327 673 712 1363 1621 1623 1696 1743 2097
328 557 617 926 963 1136 1372 1468 1499 1524 1947 2241
329 551 799 983 999 1387 1475 1547 1588 1769 2228
330 405 438 536 669 806 1198 1277 1742 1971 2006 2040 2099 2204 2221
331 461 560 691 1180 1362 1394 1478 1876 1884 1905 1961 1987
332 621 730 779 887 1011 1018 1053 1062 1358 1684 1899 2260
333 341 371 380 385 424 598 751 1085 1270 1274 1315 1664 1893 1898 2013 2190
334 529 537 605 798 917 1050 1083 1295 1391 1712 2005 2250
335 428 472 489 589 591 966 1236 1850 2058 2070
336 477 524 569 716 842 1284 1331 1691 1783 1867
337 344 558 601 1443 1528 1762 1786 1837 1866 1952 1976 2101
338 388 500 563 1418 1551 1751 1889 1916 2021 2169
339 747 981 1125 1182 1229 1374 1658 1894 2132
340 764 1052 1334 1484 1562 1943
341 385 486 598 751 850 1270 1274 1368 1664 1676 1898 2013 2190
342 403 434 1360 1470 1580 1667 1735 1790 1838 2128 2130 2172 2227
343 568 624 785 860 975 1000 1005 1065 1276 1480 1607
344 401 601 1177 1492 1498 1528 1668 1762 1825 1840 1942 1952 2061 2079
345 440 494 644 1200 1355 1789 2034
346 507 546 980 1461 1530 1633 1842
347 534 1031 1356 1495 1700
348 864 1036 1166 1201 1203 1410 1871 1873 1920 2088 2136
349 387 621 730 734 887 893 962 1185 1272 1358 1684 1708 1944 2093 2192 2212
350 516 655 667 795 1099 1110 1176 1427 1464 1467 1527 1784 1829 1848 2178
351 429 561 602 615 742 922 1261 1296 1325 1638 1662 1787 1880
352 366 383 511 674 745 1003 1353 1628 1656 1733 1752 1753 1779 1815 2024 2194 2208
353 358 397 450 552 796 960 1321 1367 1422 1442 1558 1783 1988 2198
354 779 794 818 1388 1590 1734 2063 2141
355 378 404 565 993 1245 1344 1448 1489 1625 1794 1974 2046
356 470 582 1107 1145 1188 1343 1381 1408 1567 1775 1795 1904 1998 2123 2245
357 392 752 772 882 1258 1471 1844 2090 2197
358 397 552 569 796 842 1284 1321 1367 1422 1442 1558 1783 1988
359 675 704 727 882 940 1054 1193 1250 1428 1463 1844 1934 2197
360 496 863 1178 1214 1985
361 389 995 1188 1436 1714 1890 1986 2014 2120 2124 2240 2245
362 398 493 642 877 923 1335 1369 1452 1501 1518 1584 1622 2030 2148 2252
363 427 554 564 862 979 1268 1430 1557 1698 1778 1869 1892
364 435 759 875 928 947 1424 1529 1849 1918 2171
365 728 739 814 1052 1159 1240 1405 1473 1824 2072 2151 2187 2195
366 383 511 745 822 994 1003 1069 1353 1656 1752 1753 1815 1820 1841 1933 2170 2194 2208
367 480 572 624 687 757 785 1001 1005 1065 1133 1480 1800
368 415 771 776 942 1087 1130 1212 1521 1703 1868 1951 2028 2111 2121
369 737 952 1312 1406 1811 1966 2047 2176 2232
370 382 553 599 1038 1458 1566 1602 1620 1673 1692 1723 1926 2210 2215 2225 2254
371 376 442 598 751 833 1139 1274 1444 1893 1898 2013 2190
372 469 683 884 918 1346 1413 1415 2255
373 426 784 787 839 1098 1184 1420 2219
374 738 901 1409 1465 1486 1556 1593 1682 1717 1720 1740 1805 1895 2050 2078 2135
375 421 436 614 626 719 843 874 1275 1494 1657 1843 2071 2080 2112
376 442 492 555 751 1139 1274 1444 1893 1898 1936
377 527 664 748 775 991 1061 1173 1348 1511 1540 2226
378 404 1135 1245 1344 1448 1472 1489 1625 1794 1839 1974 2046
379 735 1235 1311 1322 1359 1502 1737 1763 1964 2032
380 424 865 1156 1270 1290 1315 1368 1519 1664
381 536 669 697 946 1095 1198 1291 1314 1652 1694 1742 2099 2155 2181 2218
382 599 1458 1566 1602 1620 1723 1926 2210 2225 2237 2254
383 417 511 745 994 1003 1069 1656 1752 1753 1815 1820 1841 1933 2100 2159 2170 2194
384 448 868 920 1109 1157 1168 1175 1788 2066
385 486 598 751 850 1270 1274 1368 1664 1676 1898 2013 2190
386 756 766 833 1086 1834 1936
387 581 621 734 780 893 962 1049 1185 1266 1272 1308 1708 1832 1888 1944 2093 2127 2192 2212
388 439 500 563 1418 1551 1671 1751 1889 1916 2021 2138 2169
389 995 1188 1436 1714 1851 1890 1986 2014 2120 2124 2245
390 763 901 954 1025 1060 1246 1378 1486 1720 2050 2078
391 520 522 658 1059 1103 1206 1211 1221 1294 1383 1437 1697 1705 1819 1912 1923 1927 2041 2062
392 752 882 1113 1299 1471 1844 1870 2090
393 513 869 927 986 992 1497 1654 1687 2125
394 513 802 986 991 1226 1407 1540 2018 2145 2220
395 510 550 765 935 1199 1707 1785 1911 1955 1999 2199
396 814 896 988 1006 1110 1159 1405 1460 1466 1467 1538 1784 1829 1865 2160 2195
397 450 552 796 960 1209 1321 1367 1422 1442 1558
398 493 642 877 923 1369 1452 1501 1518 1584 1622 2030
399 443 539 629 714 844 1136 1317 1398 1421 1433 1454 1725 1909 2143
400 594 889 1234 1339 1902
401 1235 1492 1502 1528 1737 2079
402 521 523 685 1104 1132 1161 1262 1608 1756 1818 1879 1960 2019 2126 2201
403 434 1033 1360 1580 1790 1958 1968 2172
404 565 1090 1172 1327 1625 1670 1724 1974
405 438 533 657 732 1277 1601 1862 1971 2006 2040 2204 2221
406 531 1021 1072 1452 1490 1501 1518 1603 1826 1913 1925 2030 2229 2231 2252
407 419 515 542 692 773 866 1105 1400 1741 1760 1813 2000 2015 2042 2142
408 652 979 1510 1869 2108
409 993 1245 1448 1575 1727 1772 1794
410 533 613 708 892 1158 1479 1595 1634 1639 2009 2017 2205 2256
411 525 747 793 981 1150 1232 1374 1894 2132
412 502 530 660 696 743 852 1181 1192 1441 1545 1661 1932 2167 2203
413 502 639 668 763 1102 1237 1378 1441 1545 1835 1945 2020 2067
414 467 623 1013 1066 1335 1435 1622 1885 1901 1979 1991 2002 2148 2235
415 446 506 580 771 776 942 1087 1118 1130 1243 1521 1534 1703 1951 2027 2207
416 1108
417 468 481 994 1069 1815 1841 1933 2100 2159
418 485 788 886 1030 1113 1163 1299 1767 2184 2224
419 515 542 692 773 866 947 1105 1741 1760 1813 1817 2015 2042 2142
420 457 459 630 832 881 1124 1259 1289 1626 1693 1738 2100 2165
421 436 614 626 719 843 874 1379 1494 1657 1843 2071 2080 2112
422 790 800 870 953 1219 1306 1396 1823 1875 1996
423 454 471 647 899 1058 1073 1254 1305 1978
424 578 598 865 885 1085 1156 1270 1315 1373 1664 1766
425 636 723 968 1084 1112 1222 1300 1301 1445 1732 1963
426 611 694 787 839 853 1098 1313 1619 1749 1937
427 862 979 1268 1430 1557 2022 2085 2119
428 472 548 589 735 966 1014 1236 1322 1359 1522 1837 1850 1967 2058 2070
429 545 602 615 695 742 922 1296 1583 1662 1787 1833 2156
430 482 1417 1462 1644 1801 1877 2073 2096 2234
431 720 722 726 841 956 1264 1273 1618 1660 1897
432 613 720 841 892 956 1197 1487 1506 1639 1897 2246
433 445 456 684 1122 1152 1493 1591 1821 2045 2081
434 934 1580 1667 1790 1838 1879 1891 1960 1968 2019 2128 2130 2172 2227
435 759 824 1032 1279 1400 1424 1582 1659 1760 1918 2015 2171
436 614 719 843 874 1078 1275 1375 1494 1657 1843 2026 2071 2112
437 517 650 678 682 1513 1688 1776 1852 2089
438 536 657 669 806 1198 1277 1601 1742 1971 2006 2040 2204 2221
439 868 1168 1175 1267 1418 1551 1757 1889 2149 2169
440 644 778 1008 1200 1355 1789 1792 2034 2042
441 541 560 573 691 872 941 1068 1135 1961 1983
442 449 466 492 651 1139 1444 1550 1893 2131
443 539 629 714 844 1136 1317 1398 1421 1454 1725 1909
444 503 537 739 799 1387 1577 1900 2072 2187
445 456 532 566 603 684 904 1122 1128 1152 1493 1544 1632 1729 1821 2045
446 580 771 935 942 1118 1243 1352 1521 1534 1703 1911 1951 2027 2207
447 634 676 921 1111 1183 1283 1403 1615 1764 2064
448 487 769 909 920 990 1365 1512 2066
449 466 492 1550 2004 2147
450 595 706 797 960 1044 1209 1321 1367 1422 1442 1558 1928
451 790 838 1611 1711 1940
452 639 668 763 1102 1835 1945 2067
453 662 1169 1271 1552 1657 1882 2003 2080 2134 2249
454 471 647 671 899 1058 1073 1254 1256 1305
455 498 674 685 856 1628 1733 1993
456 684 1122 1152 1493 1591 1821 2045 2081
457 459 481 630 778 832 881 1008 1124 1259 1289 1626 1693 1738 1792 2100
458 905 911 985 1033 1204 1457 1699 1822 1958 1975 2037 2065
459 630 832 881 947 961 1124 1259 1289 1626 1693 1738 1817 1849 2165
460 528 752 772 940 1543 1934 2197
461 614 691 843 958 1180 1379 1394 1478 1876 1884 1905 1961 2008
462 635 1182 1658 1894 2132
463 501 898 954 1237 1246 1378 1630 1887 2020
464 511 656 674 856 930 984 1022 1353 1573 1699 1733 1779 1969 1977 2024 2052
465 620 1015 1144 1244 1324 1758 1770 2152 2158
466 492 1444 1550 2147
467 623 1002 1023 1581 1979 2002 2186 2235
468 480 481 1069 1121 1800 1841 1857 1933 2159
469 500 683 884 918 1346 1413 1415 1671 1889 2138
470 582 1107 1145 1188 1269 1343 1381 1408 1567 1890 1904 1998 2123 2245
471 647 899 1058 1073 1254 1305
472 548 589 966 1236 1322 1522 1837 1850 1967 2058 2070
473 592 628 825 1042 1191 1278 1316 1425 1578 1702 1726 1810 2109 2206 2243
474 487 554 635 1127 1196 1298 1357 1604 1698 1778 1995
475 610 761 859 951 1063 1158 1227 1288 1345 1600 1704 2017 2213 2247
476 546 666 857 980 1283 1633 1842 1984 2064 2108
477 716 842 1331 1404 1691 1867 2004 2147
478 604 740 816 1007 1103 1221 1294 1329 1437 1576 1697 1808 1923 2041 2062 2077
479 588 896 988 1006 1117 1194 1508 1538 1745 1797 1865 1954
480 572 687 757 785 1001 1065 1121 1800 1857
481 630 778 1008 1289 1693 1789 1792 1857 2100 2159
482 611 694 853 1293 1341 1417 1640 1675 2073 2244
483 636 932 1222 1231 1265 1301 1472 1732 1780 1839 1950 1963 1987 2046
484 673 712 782 828 1621 1696 1754 2084
485 579 768 788 886 1030 1077 1163 1282 1386 1860 2224
486 702 805 850 873 1368 1546 1597 1666 1676
487 920 1127 1196 1298 1357 1604 1649 1698 1995
488 1097 1106 1138 1249 1560 1624 1648 1965 1981 2055 2174
489 591 962 966 1266 2058 2127 2192
490 826 982 1115 1312 1342 1406 1559 1624 1663 2047 2055 2174 2176 2189 2259
491 497 686 1010 1027 1153 1179 1195 1220 1260 1407 1526 1537 1914 2082 2182
492 651 1139 1444 1550 2131 2147
493 642 645 821 923 1047 1369 1452 1501 1584 1929 2030
494 644 693 1067 1241 1416 2000 2042
495 506 577 717 741 844 913 1433 1982 2117 2143 2207
496 830 863 1178 1215 1505 1533 1713 1985
497 686 879 1040 1153 1179 1220 1252 1260 1537 1683 1715 1914 1994 2075 2182
498 523 685 815 849 1104 1628 1818 1993 2086 2201
499 646 783 791 1049 1310 1456 1771 1804 1832 1944 2056 2212
500 509 563 683 884 1346 1418 1671 1751 1872 1889 2021 2138
501 545 912 1237 1583 1599 1629 1630 1662 1887 2020 2156
502 530 632 660 743 912 1082 1181 1192 1237 1302 1441 1545 1599 1661 1835 1887 1932 1945 2020
503 814 896 1006 1508 1538 1900 2115 2187
504 638 811 1020 1077 1109 1157 1429 1536 1679 1747 1788 2060 2103
505 731 915 1004 1064 1107 1187 1304 1343 1450 1553 1775 1781 1795 1807 1904 1919 1998 2161 2209
506 577 580 844 913 925 1087 1118 1317 1421 1703 2117 2143 2207
507 593 858 1326 1461 1530
508 688 707 847 1116 1162 1174 1311 1440 1446 1507 1585 1669 1763 1964
509 574 683 884 1089 1242 1292 1346 1744 1872 2104 2105 2138 2255
510 627 753 765 1586 1731 1785 2110 2236
511 930 997 1353 1573 1733 1752 1779 1793 1815 1841 2024 2170 2194
512 604 740 816 967 1294 1570 1761 1808
513 802 927 986 1197 1497 1540 2018 2145 2220 2246
514 680 830 846 940 945 1178 1215 1328 1505 1759 1856 1934 1985
515 542 773 774 824 837 866 1393 1400 1582 1659 1741 2015 2140 2142
516 655 667 677 795 1099 1110 1176 1238 1427 1609 1799 1836 2098 2153 2178
517 650 678 682 878 1513 1688 1776 1852 2089
518 637 712 762 1037 1142 1363 1623 1653 1743 1773 1812
519 562 566 603 661 710 1143 1423 1563 1606 1631 1953 2196
520 522 643 658 855 959 1013 1043 1202 1206 1211 1705 1912 1927 2041 2062
521 934 1029 1132 1161 1756 1879 1891 1960 2019 2130 2185
522 658 855 1043 1103 1148 1206 1329 1332 1697 1705 1912 1927 1959 2041 2062 2077
523 685 849 1104 1132 1161 1262 1297 1517 1608 1627 1756 1818 1935 1993 2126 2201
524 1167 1691 1922 2188
525 747 981 1232 1374 1610 1894 2132
526 547 677 1131 1217 1233 1263 1338 1349 1402 1564 1774 2033 2157 2216 2238
527 664 681 748 775 1061 1173 1319 1348 1411 1511
528 680 940 945 1328 1543 1759 1856 1934 2197
529 895 917 919 1083 1384 1391 1712 2094
530 632 633 660 743 912 1082 1181 1192 1302 1441 1545 1661 1932 2020
531 746 851 1021 1452 1490 1603 1826 1913 1925 2030 2229 2252
532 603 684 904 958 1128 1340 1509 1544 1632 1729 2008
533 613 657 902 1216 1248 1479 1483 1572 1595 1601 1634 1862 2035 2205
534 1031 1495
535 579 587 768 978 1247 1385 1386 1399 1539 1690 1710 1949 2068
536 669 806 1198 1314 1694 1742 2099 2181
537 917 1050 1083 1295 1391 1712
538 701 750 803 977 1149 1271 1802 1828 1882 1917 2003 2177
539 629 714 1076 1136 1398 1421 1454 1725 1909
540 575 608 766 807 820 1096 1228 1370 1579 1834 1936 1990
541 573 691 872 941 1068 1135 1340 1650 1961 1983 2008 2233
542 692 773 774 866 1105 1400 1741 1760 1813 2000 2015 2042 2142
543 559 642 659 821 845 923 1287 1369 1474 1798 2091 2116 2258
544 1426 1714 1830 1851
545 695 742 912 1583 1599 1629 1630 1662 1833 1887 2156
546 666 857 980 1633 1842
547 677 1217 1263 1349 1402 1564 1774 2098 2153 2157 2216 2238
548 589 735 1322 1359 1522 1574 1837 1967 2058 2070
549 567 729 867 999 1330 1475 1736
550 935 977 1352 1534 1707 1911 1999 2027
551 799 983 999 1309 1387 1547 1577 1588 1769 2228
552 796 960 1321 1367 1422 1558 1783 1988 2198
553 599 1038 1566 1620 1673 1692 1926 2053 2083 2215 2254
554 1196 1376 1430 1431 1557 1698 1778 1869 2214
555 1444
556 871 1051 1432 1505 1533 1594 1713 1985 2121 2146 2164
557 617 926 963 1070 1372 1468 1499 1524 1947 2097 2241
558 601 1164 1443 1525 1574 1643 1786 1823 1837 1866 1976 2101
559 642 659 1287 1474 1523 1798 2091 2116 2191 2258
560 691 932 1135 1231 1478 1780 1876 1905 1950 1961 1987
561 615 742 864 969 1201 1261 1296 1325 1561 1638 1787 2088
562 661 709 710 970 1143 1313 1390 1397 1423 1425 1482 1514 1578 1619 1845 1878 1953 1992 2087 2139 2196
563 1418 1751 1872 1889 1916 2021 2105 2138 2169
564 635 1268 1357 1430 1557 1892 1995
565 648 1090 1172 1327 1625 1670 1724 1758
566 603 661 710 1128 1143 1563 1606 1632 1953
567 729 867 999 1391 1475 1736 1782
568 645 860 888 1000 1276 1607 1831
569 716 796 842 1284 1691 1783
570 715 840 1056 1125 1229 1395 1439 1718 1746 1791 2031
571 1409 1465 1605 1717 1740 1805 2239
572 997 1001 1133 1874 2170
573 872 929 941 1068 1135 1218 1650 1724 1983
574 1089 1242 1292 1455 1744 1872 2104 2105 2173 2255
575 608 766 807 820 1462 1579 1644 1863 2259
576 610 1227 1337 1481 1600 1616 1680 1704 1846 1956 2048 2076 2154 2230
577 580 717 844 913 1087 1118 1521 1703 2117 2143 2207
578 736 865 885 1036 1088 1315 1373 1410 1681 1766 1873
579 768 886 1030 1077 1163 1267 1282 1385 1386 1710 1757 1860 1949
580 844 913 942 1087 1118 1243 1521 1703 1951 1970 2117 2207
581 616 780 893 962 1049 1185 1272 1308 1708 1888 1944 2093 2127 2192
582 854 1107 1145 1269 1343 1381 1408 1485 1567 1795 1904 1998 2123 2245 2251
583 804 869 992 1195 1496 1654 1687 2125
584 637 717 741 760 1303 1721 1748 1982 2133 2168
585 673 828 1131 1233 1318 1338 1349 1754 2222
586 736 948 1210 1858 2009 2144
587 768 978 1247 1385 1386 1399 1539 1690 1949 2068
588 896 988 1006 1117 1508 1538 1745 1797 1865 1954 2115 2160
589 735 950 1014 1236 1322 1336 1359 1850 1941 1967 2070
590 612 794 810 900 914 1388 1500 1503 1590 1706 1859 1980 2119 2141
591 966 1104 1262 1297 1517 1627 1818 1935
592 628 825 1042 1184 1191 1278 1420 1425 1578 1702 1726 2087 2109 2139 2206
593 858 878 1055 1230 1326 1414 1461 1530 2089
594 1269 1381 1408 1962 2123 2251
595 622 679 705 706 960 1044 1057 1209 1321 1422 1442 1558 1928
596 625 938 987 1007 1148 1253 1329 1332 1532 1705 1959 2077
597 600 890 1075 1131 1217 1233 1280 1318 1564 1637 2033 2129 2216
598 651 751 1085 1139 1274 1315 1893 1898 2013 2131 2190
599 1038 1458 1566 1602 1620 1673 1692 1723 1926 2053 2210 2215 2225 2237 2254
600 789 890 1745 1797
601 1443 1528 1762 1786 1825 1866 1952 1976 2101
602 679 695 742 922 972 1261 1296 1583 1638 1662 1716 1833 1880
603 684 904 1128 1606 1632
604 740 816 1255 1286 1348 1576 1761 1808
605 798 917 1050 1071 1083 1295 1712 2005 2069 2250
606 698 721 891 1045 1224 1337 1389 1481 2230
607 1045 1140 1827
608 807 820 1096 1342 1579 1644 1863 2259
609 643 877 1066 1287 1335 1435 1622 1885 1901 2191
610 761 859 951 1227 1600 1616 1680 1704 1956 2213 2247
611 694 853 1640 1749 1937 2244
612 810 900 914 1223 1251 1388 1500 1503 1706 1859 1980 2085 2119 2242 2248 2253
613 720 726 892 902 1248 1479 1483 1487 1572 1618 1639 1862 2035 2256
614 626 719 843 1180 1379 1394 1939 2071 2112
615 653 742 969 1035 1210 1325 1858
616 780 893 1029 1185 1308 1484 1888 2127
617 926 955 963 1070 1372 1468 1499 1524 1947
618 755 758 760 836 871 1037 1094 1170 1463 1477 1653 1730 1748 2039
619 764 783 791 876 1049 1052 1310 1334 1456 1562 1771 1824 1832 1943 2151
620 1015 1144 1151 1244 1333 1364 1419 1695
621 730 734 887 1053 1062 1358 1646 1684 1709 1899 2093 2212
622 679 960 1057 1261 1422 1561 1638 1880 2198
623 855 1002 1013 1023 1581 1979 2002 2235
624 785 975 1001 1005 1065 1133 1276 1480 1607
625 724 835 938 1007 1253 1255 1286 1371 1568 1750 1910 2025 2122
626 1076 1169 1180 1657 1843 1939 2080 2112
627 765 1592 1731 2110 2163 2236
628 825 1042 1191 1278 1531 1614 1673 1702 1810 1903 2109 2162 2206 2243
629 1136 1398 1454 1725 1909 1947
630 881 994 1124 1259 1289 1626 1693 1820 2100 2159 2165
631 636 931 1120 1488 1853 1989
632 633 660 743 912 943 951 1082 1192 1213 1239 1302 1441 1599 1629 1887 2247
633 660 743 761 859 912 943 951 1082 1192 1213 1239 1302 1345 1599 1629 2247
634 676 800 953 1111 1183 1219 1306 1615 1734 1764
635 1357 1604 1649 1892 1995
636 723 1222 1301 1445 1488 1963 1989
637 760 1303 1363 1477 1623 1653 1721 1743 1748 2168
638 788 811 1020 1077 1109 1157 1429 1536 1679 1747 1788 2060 2103 2211 2224
639 668 763 1025 1102 1378 1835 1945 2067
640 815 822 829 950 974 1012 1014 1137 1336 1753 1941 2086 2095
641 653 943 1035 1129 1225 1239 1345 1366 1451 1858 1924
642 821 877 923 1287 1369 1474 1798
643 658 855 959 1013 1066 1202 1206 1211 1901 1927
644 1200 1355 1789 2034
645 821 1047 1369 1520 1584 1831 1929
646 996 1100 1160 1589 1804 1938 2044 2056
647 776 899 1073 1130 1212 1214 1254 1256 1305 1868 1978 2111 2150
648 781 823 1040 1090 1172 1327 1670 1758 1994 2057 2075
649 889 936 1408 1642 2240
650 678 682 1688 1776 1852
651 751 924 1085 1139 1550 1893 2131
652 666 857 1510 2108
653 969 1035 1210 1225 1366 1858
654 663 725 1351 1555 1586 1641 1701 1728 2001 2059 2110 2183
655 667 670 1099 1110 1176 1238 1427 1829 2098 2178
656 883 911 930 984 985 1281 1457 1573 1699 1921 1948 1969 2024 2037 2052 2065 2074 2261
657 902 1019 1216 1277 1483 1549 1601 1634 1862 1971 2204 2205 2221
658 855 959 1013 1043 1066 1202 1206 1211 1912 1927
659 880 883 905 911 985 1281 1287 1457 1523 1798 1921 1975 2037 2074 2191 2258
660 743 1082 1181 1192 1302 1441 1545 1661 1932 2247
661 710 970 1143 1423 1563 1606 1631 1689 1953 2196
662 1169 1271 1552 1657 1882 2003 2080 2134 2249
663 1079 1351 1555 1586 1635 1641 2001 2059
664 775 1061 1173 1252 1260 1319 1407 1411 1715 2082
665 694 839 1024 1098 1293 1412 1749 1803 2180 2219 2244
666 857 921 980 1283 1633 1842 2108
667 795 1099 1110 1147 1176 1238 1427 1464 1527 1609 1799 1829 1836 1848 2098 2153 2178
668 763 1028 1102 1378 1545 1835 1945 2067
669 806 891 1114 1277 1742 1971 2040 2181 2204 2221
670 988 1099 1117 1176 1460 1637 1865 1954 2129
671 1058 1073 1199 1256 1305 2199 2236
672 699 744 897 907 1361 1647 2049 2179
673 828 1621 1623 1696 1743 1754 2097
674 856 984 1353 1628 1733 1752 1779 1993 2024 2208
675 704 727 770 882 1054 1193 1250 1428 1463 1844 1934 2090 2197
676 921 1111 1183 1283 1403 1510 1615 1764 2108
677 1099 1217 1238 1263 1402 1427 1609 1774 2098 2153 2157 2238
678 682 1055 1365 1414 1513 1688 1776 1852 2089
679 705 960 972 1057 1261 1422 1678 1716 1880 1928
680 830 846 940 945 1178 1215 1328 1759 1856 1934
681 729 775 867 1101 1319 1401 1411 1569 1782 1946
682 1513 1688 1776 1852 2089
683 884 918 1346 1413 1671 1872 1889 2021 2138 2255
684 904 1128 1509 1544 1632 1729 1821 2045
685 849 1104 1161 1608 1628 1818 1993 2126 2201
686 781 817 823 933 1010 1027 1040 1179 1195 1220 1537 1674 1914 2114 2182
687 749 757 813 1001 1005 1065 1121 1307 1438 1480 1596 1796 1800 1847 1857 2034
688 707 847 875 961 1116 1162 1174 1446 1529 1585 1669
689 770 834 1037 1094 1142 1193 1377 1463 1730 1886 1907 2010
690 703 1141 1207 1257 1556 1717 1740 2239
691 872 1135 1876 1905 1961 1983
692 778 947 1105 1289 1626 1738 1741 1760 1792 1813 1817 2042 2142
693 773 866 937 1009 1017 1067 1241 1393 1416 1741 2000 2142
694 839 853 1098 1749 1937 2244
695 711 898 922 972 1296 1583 1630 1662 1716 1833
696 786 852 894 1026 1469 1685 1846 2154
697 946 1095 1314 1323 1350 1476 1694 1742 1777 1806 1883 2155 2181 2218
698 721 806 891 1114 1224 1337 1389 1481 2048 2230
699 750 803 907 1079 1091 1155 1361 1565 1613 1854 2177
700 1024 1123 1138 1186 1571 1645 1803 1965 2180
701 803 1155 1271 1275 1375 1552 1613 1828 1854 1917 2003 2023 2054 2134 2177 2249
702 848 873 1419 1666 1676
703 705 706 797 972 1141 1207 1257 1678 1928
704 727 836 1054 1193 1250 1428 1463 1730
705 706 972 1207 1257 1678 1716 1880 1928
706 797 1044 1209 1257 1321 1442 1558 1678 1928
707 847 1116 1162 1174 1311 1440 1446 1507 1585 1669 1763 1964 2032
708 1129 1451 1479 2009 2144 2256
709 710 827 970 1191 1397 1423 1425 1482 1578 1689 1726 1992 2087 2137 2139 2196
710 970 1143 1390 1423 1482 1631 1878 1953 1992 2196
711 898 954 972 1060 1207 1246 1257 1556 1677 1678 1716
712 782 1363 1621 1623 1696 1743 1765 1773 1812 2084
713 965 1042 1154 1171 1191 1316 1726 1930 2029 2109 2137 2162 2202 2243
714 1076 1317 1421 1454 1725 1909
715 788 840 1182 1229 1767 2211 2224
716 796 842 1284 1331 1404 1691 1783 1867 1988 2004
717 741 844 913 1433 1982 2117 2133 2143
718 879 1040 1153 1220 1575 1683 1727 1994 2057 2075
719 843 874 958 1078 1128 1379 1494 1632 2026 2071 2112
720 722 726 841 892 956 1273 1487 1618 1639 1660 1897 2256
721 754 891 1045 1224 1350 1389 1655 1686 1694 1827
722 726 841 948 956 1264 1273 1290 1618 1660 1897
723 1075 1222 1300 1301 1445 1963
724 732 812 1126 1253 1371 1506 1568 1750 1910 2025 2122
725 1586 1592 1728 2059 2110 2183
726 841 892 948 956 1264 1273 1618 1639 1660 1897 2256
727 836 871 1054 1193 1250 1328 1463 1934 2146
728 739 764 814 1052 1240 1473 1577 1824 2072 2151 2187
729 867 1101 1384 1391 1401 1475 1569 1736 1782
730 734 779 818 887 964 989 1011 1062 1358 1665 2063 2212
731 915 1004 1187 1351 1450 1553 1641 1775 2161 2209
732 1532 1568 1750 1997 2006 2040 2122 2204
733 819 934 1309 1547 1755 1891 2185
734 887 1049 1185 1272 1358 1684 1708 1944 2093 2212
735 1236 1322 1359 1522 1837 1850 1952 1967
736 948 1088 1766 2144
737 1096 1228 1370 1811 1966 2047 2232
738 901 1486 1593 1682 1720 1895 2050 2078 2135
739 799 1052 1240 1387 1473 1577 1900 2072 2187
740 816 1007 1255 1286 1294 1329 1570 1576 1808
741 758 760 913 1303 1432 1721 1748 1982 2039 2133 2168
742 922 1261 1296 1325 1583 1638 1662 1787 1833
743 912 1082 1181 1192 1213 1237 1302 1441 1599 1629 1661 2020
744 897 907 915 1004 1361 1450 1647 2049
745 822 829 974 994 1003 1656 1752 1753 1815 1820 2194 2208
746 1047 1520 1584 1826 1925 1929 2030
747 793 981 1125 1182 1374 1658 1894 2132
748 991 1061 1173 1189 1348 1511 1617 2226
749 757 813 1121 1200 1208 1307 1355 1382 1438 1596 1796 1857 2034
750 753 803 977 1079 1091 1149 1565 1635 1785 1802
751 1085 1139 1274 1893 1898 2013 2131 2190
752 772 882 1258 1471 2090 2197
753 803 977 1079 1091 1149 1586 1635 1785 1802
754 792 939 1350 1655 1686 1694 1777 1806 1883
755 758 760 836 871 1170 1303 1477 1653 1721 1748 2039 2133 2168
756 766 777 833 1086 1834
757 813 1065 1121 1355 1438 1596 1796 1800 1857 2034
758 760 1051 1170 1303 1432 1477 1594 1653 1721 1748 2039 2133 2168
759 875 928 1031 1424 1918 2171
760 1170 1303 1477 1653 1721 1748 2039 2133 2168
761 859 943 951 1063 1213 1227 1239 1345 1600 1616 1704 2213 2247
762 834 1037 1142 1363 1653 1773 1812 1907
763 1025 1102 1378 1835 2067 2078
764 876 1052 1240 1334 1562 1824 1943 2151
765 1731 1785 2110 2236
766 777 820 998 1086 1579 1768 1834
767 790 870 1041 1809 1823 1825 1875 1940 1973
768 1247 1267 1282 1385 1386 1539 1710 1860 1949 2068
769 868 909 920 990 1168 1175 1365 1453 1512 2066
770 861 882 1092 1113 1250 1377 1428 1612 1844 1870 1931 2184
771 776 935 942 1073 1130 1199 1256 1354 1868 1911 1951 1955 1999 2111
772 882 1471 2090 2197
773 774 866 1017 1067 1393 1400 1741 2000 2140 2142
774 837 866 1017 1393 1400 1741 2140
775 1061 1101 1173 1252 1319 1401 1411 1511 1569 1715 1782 2082
776 942 1073 1130 1212 1256 1354 1521 1868 1951 2028 2111
777 944 949 998 1086 1285 1768
778 1008 1105 1289 1626 1693 1789 1792 2042
779 818 989 1011 1018 1062 1590 2063
780 893 1049 1185 1272 1308 1334 1562 1708 1832 1888 1944 2127
781 817 823 933 1040 1179 1220 1537 1758 1994 2075 2114 2182
782 1621 1696 1754 1765 1812 2084
783 791 876 1049 1272 1310 1456 1562 1708 1771 1832 1888 1944 2056
784 787 839 1098 1184 1420 2237
785 975 1001 1005 1065 1133 1480 1607
786 852 894 1026 1048 1469 1685
787 839 916 1313 1420 1578 1619 1845 1937 2087
788 840 886 1030 1077 1163 1429 1747 1767 2211 2224
789 1071 1194 1745 1797 2069 2118 2217
790 870 1306 1396 1711 1823 1875
791 876 1049 1272 1310 1456 1562 1589 1708 1771 1832 1944 2056
792 939 1119 1655 1686 1806 1861 1883 2007 2011 2257
793 981 1150 1765 1816 2043
794 818 964 989 996 1011 1100 1388 1503 1590 1665 1706 1859 1957 2063 2141
795 1016 1074 1110 1147 1238 1427 1464 1527 1609 1799 1836 1848 2178
796 842 1284 1367 1783 1988
797 1044 1141 1209 1257 1928
798 917 1071 1083 1295 1772 2005 2069 2217 2250
799 983 1309 1387 1547 1577 1588 2228
800 953 1219 1306 1734 1996
801 973 1306 1396 1711
802 927 986 991 1407 1540 2018 2145 2220
803 977 1149 1271 1565 1802 1828 1854 2177
804 805 817 1333 1496 1674 2114
805 850 873 1364 1419 1546 1597 1666 1676
806 891 1114 1277 1742 1971 2181 2221
807 820 1096 1228 1370 1834 1990
808 810 957 1016 1134 1223 1251 1504 1548 1587 1636 1980 2242 2248 2253
809 914 1111 1403 1510 1615 1734 1764 2022 2119
810 900 1223 1251 1388 1500 1503 1706 1859 1980 2085 2242 2248 2253
811 868 1020 1030 1077 1109 1157 1282 1429 1679 1747 1757 1788 1860 2060 2103 2149
812 835 991 1189 1226 1286 1371 1540 1617 1739 1910 2025 2145 2226
813 1005 1065 1208 1307 1382 1438 1480 1596 1796 1847
814 896 988 1006 1159 1240 1405 1466 1473 1538 1824 2115 2160 2187 2195
815 822 829 974 1628 1752 1753 1993 2086 2208
816 967 1103 1165 1221 1294 1437 1570 1697 1761 1808 1923
817 823 933 1179 1195 1333 1537 1674 2114 2182
818 964 989 1011 1062 1590 1665 1957 2063 2141
819 934 1029 1309 1484 1547 1755 1891 2185
820 1579 1644 1990
821 845 1369 1474 1972 2116
822 829 974 1003 1012 1137 1656 1752 1753 1820 2194 2208
823 933 1040 1179 1220 1758 1994 2075 2114 2182
824 1032 1039 1279 1400 1582 1659 1760 1918 2015
825 1042 1184 1191 1278 1420 1425 1578 1702 1726 2087 2109 2139 2206
826 982 1106 1146 1342 1560 1624 1648 1663 1863 1981 2055 2174 2189 2259
827 897 970 1143 1154 1397 1631 1689 1726 1881 1992 2029 2137 2179 2202
828 1131 1233 1338 1696 1754 2222
829 974 1003 1012 1137 1628 1656 1752 1753 2095 2208
830 846 945 1178 1215 1328 1505 1759 1856 1985
831 1598
832 881 947 961 1124 1289 1626 1693 1738 1817 1849
833 1086 1834 1898 1936
834 1037 1094 1142 1377 1395 1730 1773 1791 1886 1907 2010 2031
835 938 1189 1255 1286 1348 1371 1576 1617 1910 2025 2226
836 871 1054 1094 1170 1193 1463 1730
837 1039 1393 2140
838 1611 1711 1940
839 1098 1749 1937 2219
840 1056 1229 1612 1746 1767 1931 2031 2184 2211
841 956 1264 1273 1618 1660 1897
842 1284 1331 1691 1783 1867 1988
843 958 1379 1394 1494 2071 2112
844 913 1118 1317 1421 1433 1909 2117 2143 2207
845 908 975 1133 1474 1798 1874 1896 1972 2091 2116 2258
846 863 945 1178 1215 1759 1856
847 875 961 1116 1162 1174 1446 1529 1585 1669
848 873 949 1151 1364 1419 1541 1666 1676
849 1104 1262 1297 1517 1608 1628 1818 1993 2086 2201
850 1270 1368 1519 1546 1597 1664 1676
851 1021 1603 1861 1925 2007 2229 2257
852 894 1026 1469 1685 2167 2203
853 1640 1749 1937 2244
854 1107 1145 1171 1304 1381 1485 1781 1814 1930 1962 1998 2106 2123 2251
855 959 1013 1023 1043 1202 1332 1705 1959
856 930 984 1022 1699 1733 1779 1977 2024 2052
857 921 980 1283 1633 1842 1984 2064 2108
858 878 1230 1326 1414 1461 1530 2089
859 943 951 1063 1213 1227 1239 1345 1600 1704 2213 2247
860 888 1000 1276 1607
861 882 1092 1113 1377 1428 1471 1612 1844 1870 1931 2184
862 957 979 1268 1430 1557 2085 2242 2253
863 1178
864 1166 1201 1325 1561 1638 1787 2088 2136 2198
865 885 1085 1156 1270 1290 1315 1373 1766
866 1017 1067 1105 1241 1393 1741 2000 2042 2142
867 1330 1475 1736 1946
868 1020 1109 1157 1168 1175 1453 1679 1757 2066 2103 2149
869 992 1496 1497 1654 1687 2125
870 1643 1823 1875
871 1170 1505 1594 2039 2146
872 941 1068 1135 1218 1340 1542 1650 1983 2233
873 1151 1419 1666 1676
874 1078 1275 1494 1722 1843 2026 2071
875 928 961 1116 1162 1424 1529 1849 1918 2171
876 1052 1159 1310 1334 1405 1456 1562 1589 1771 1824 1943 2151
877 923 1066 1287 1335 1435 1501 1518 1622 1885 1901 1991 2148 2191
878 1055 1230 1326 1414 1513 1776 1852 2089
879 1040 1153 1220 1575 1683 1727 1994 2057 2075 2182
880 883 908 1281 1798 1874 1896 1921 1948 1969 2074 2091 2258 2261
881 961 1124 1259 1626 1693 1738 2100 2165
882 1092 1250 1428 1471 1844 1870 2090
883 905 911 985 1281 1457 1523 1573 1822 1921 1948 1969 1975 2037 2065 2074 2261
884 918 1346 1413 1415 1671 1872 1889 2138 2255
885 1036 1088 1315 1373 1410 1681 1766 1873
886 1030 1077 1163 1282 1429 1747 1767 2224
887 1011 1358 2093 2212
888 1000 1276 1607
889 936 1642 2240
890 1117 1217 1280 1564 1637 2033 2129 2216
891 1114 1224 1337 1389 2048 2230
892 902 1248 1479 1483 1487 1572 1618 1639 2256
893 962 1185 1266 1272 1308 1708 1888 1944 2093 2127 2192
894 1026 1469 1685 2203
895 919 1384 1683 1727 2094
896 988 1006 1159 1405 1460 1466 1508 1538 1865 1954 2115 2160 2195
897 1154 1689 1881 2029 2049 2179 2202
898 954 1060 1207 1246 1630 1677
899 1058 1073 1254 1256 1305 1978
900 1223 1251 1388 1500 1503 1706 1859 1980 2242 2248
901 1486 1593 1682 1720 1895 2050 2078 2135
902 1248 1479 1483 1572 1595 1601 1634 1639 1862 2035 2205
903 1019 1114 1216 1288 1549 1600 1680 1956 2048 2213
904 958 1128 1340 1509 1544 1632 1729 2008
905 911 985 1204 1457 1523 1822 1975 2037 2065 2074
906 1134 1150 1320 1447 1459 1609 1636 1836
907 1079 1091 1361 1565 1647
908 975 1133 1798 1874 1896 1972 2091 2116 2258
909 920 990 1365 1453 1512 1688
910 931 1093 1120 1180 1362 1853 1939 2193
911 985 1204 1457 1523 1822 1921 1975 2037 2065 2074
912 1082 1213 1237 1302 1441 1599 1629 1887 2020 2156
913 1087 1118 1433 1982 2117 2143 2207
914 1388 1500 1503 1706 1859 2022 2119 2141
915 1004 1187 1450 1553 1641 1647
916 1313 1390 1482 1514 1619 1845 1878 1937 2081 2087
917 1050 1083 1295 1391 1712 2005 2250
918 1346 1413 1415 2255
919 1384 1683 1727 2094
920 990 1157 1168 1175 1365 1512 2066
921 1111 1183 1283 1403 1510 1615 1764 2108
922 1261 1296 1583 1638 1662 1716 1787 1833 1880
923 1287 1369 1452 1474 1501 1622
924 1036 1203 1347 1373 1410 1550 1681 1871 1873 1920 2131 2136
925 1243 1317 1421 1882 2027 2207 2249
926 955 963 1070 1372 1468 1499 1524 2097 2222
927 986 992 1195 1497 1526 1654 2018
928 1162 1424 1529 1918 2171
929 941 1324 1327 1724 1770
930 984 1353 1573 1733 1779 1969 1977 2024 2052 2074
931 1093 1120 1136 1398 1853
932 1231 1265 1472 1489 1732 1780 1839 1950 1987 2046
933 1179 1333 1674 1758 2114 2158
934 1309 1755 1838 1879 1891 2019 2128 2130 2185
935 1199 1243 1352 1354 1534 1707 1911 1955 1999 2027
936 1436 1598 1642 2124 2240
937 1009 1017 1067 1241 1416 2000
938 1007 1148 1253 1255 1286 1329 1910 2077
939 1119 1350 1655 1686 1777 1806 1861 1883 2011 2257
940 945 1328 1543 1759 1856 1934 2197
941 1068 1135 1218 1650 1724 1770
942 1087 1118 1130 1243 1354 1521 1703 1868 1951 2111
943 951 1035 1213 1225 1239 1345 1366 1629 1924
944 949 1285 1380 1541 1768
945 1178 1215 1328 1505 1759 1856 1934
946 1095 1314 1323 1350 1476 1777 1883 2155 2181 2186 2218 2235
947 961 1424 1626 1693 1738 1760 1813 1817 1849
948 1264 1273 1290 1618 1660 1766
949 1086 1285 1541
950 1014 1236 1322 1336 1507 1850 1941 2095
951 1192 1213 1227 1239 1302 1345 1616 1704 2247
952 1115 1312 1406 1559 1663 1811 2176
953 1219 1734 1996
954 1025 1060 1246 1378 1630 1677
955 1070 1075 1318 1372 1524 2222
956 1264 1273 1618 1660 1897
957 1232 1504 1548 1587 1610 1636 2242 2248 2253
958 1128 1340 1379 1394 1509 1544 1632 2008 2071
959 1013 1043 1066 1202 1206 1211 1901 1912 1927
960 1057 1209 1321 1367 1422 1442 1558 1561 1928 2198
961 1116 1162 1446 1529 1817 1849 2165
962 1185 1266 1646 1684 1709 2093 2127 2192
963 1070 1372 1468 1499 1524 1947 2097 2241
964 989 996 1011 1100 1590 1665 1804 1938 1957 2063 2141
965 976 1042 1171 1304 1316 1485 1781 1930 2029 2106 2109 2162 2243
966 2058 2070
967 1059 1103 1165 1221 1294 1360 1383 1437 1470 1570 1697 1808 1819 1923
968 1084 1112 1245 1265 1300 1301 1344 1445 1489 1491 1516 1651 1732 1794 1963 2069 2118 2217
969 1201 1210 1325 1787 2088
970 1143 1154 1397 1423 1425 1631 1689 1726 1881 1953 1992 2137 2196 2202
971 1218 1434 1542 1650 2038 2175
972 1207 1257 1678 1716 1833 1880
973 2064
974 1003 1012 1137 1656 1753 1820 2095 2194 2208
975 1005 1065 1133 1276 1480 1607 1972
976 1004 1171 1304 1450 1485 1553 1647 1775 1781 1919 1930 2049 2161
977 1149 1271 1707 1785 1802 1828
978 1247 1258 1385 1399 1539 1672 1690 2068
979 1268 1430 2022 2085 2119
980 1633 1842
981 1125 1374 1816 1894 2132
982 1106 1115 1146 1312 1342 1406 1559 1624 1648 1663 1863 2055 2174 2189 2259
983 999 1387 1475 1547 1588 1769 2228
984 1022 1699 1733 1779 1977 2024 2052
985 1204 1457 1523 1822 1921 1975 2037 2065 2074
986 1010 1027 1195 1407 1497 1526 1654 2018 2220
987 1002 1023 1148 1253 1291 1332 1532 1581 1652 1906 1959 1997 2200
988 1006 1117 1460 1466 1508 1538 1797 1865 1954 2115 2160 2195
989 996 1011 1100 1590 1665 1804 1938 1957 2063 2141
990 1365 1453 1512 1688 2066
991 1061 1173 1189 1226 1348 1540 1617 1739 2145 2220 2226
992 1195 1496 1497 1526 1654 1687 2125
993 1090 1245 1344 1448 1575 1670 1727 1794
994 1069 1656 1815 1820 1841 1933 2100 2159 2170 2194
995 1188 1714 1830 1851 1890 1986 2014 2120 2124 2245
996 1100 1160 1665 1804 1938 1957 2044
997 1069 1573 1793 1841 1933 2170
998 1579 1644 1768 1801 1877 2096 2234
999 1475 1588 1736 1769 2228
1000 1276 1607
1001 1005 1065 1133 1480 1800
1002 1023 1148 1291 1332 1532 1581 1652 1906 1959 2155 2200 2235
1003 1353 1656 1752 1753 1815 1820 2194 2208
1004 1187 1304 1450 1553 1647 1775 1781 1795 1919 2049 2161
1005 1065 1133 1276 1480 1607
1006 1460 1466 1508 1538 1865 1954 2115 2160 2195
1007 1148 1253 1255 1286 1329 1705 2077
1008 1289 1355 1693 1789 1792
1009 1017 1067 1241 2000 2140
1010 1027 1179 1195 1407 1526 1537 1654 1914 2182
1011 1062 1665 1957 2063 2212
1012 1137 1174 1507 2095 2165
1013 1043 1066 1202 1901
1014 1236 1322 1336 1507 1850 1941 2070 2086 2095
1015 1144 1151 1244 1364 1419 1541 1695 2152
1016 1074 1134 1147 1251 1320 1447 1459 1587 1609 1636 1799 1836 2248
1017 1067 1241 1393 2000 2140 2142
1018 1053 1062 1219 1899 1996 2260
1019 1114 1158 1216 1288 1549 1595 1634 1680 2048 2205 2213
1020 1077 1109 1157 1168 1175 1282 1679 1747 1757 1860 2060 2103 2149
1021 1072 1490 1603 1826 1913 1925 2030 2229 2252
1022 1033 1699 1968 1977 2052
1023 1043 1148 1291 1332 1581 1906 1959 2200 2235
1024 1098 1123 1293 1341 1645 1803 2180 2244
1025 1246 1378 1486 1720 2050 2078
1026 1469 1685 2167 2203
1027 1179 1195 1407 1526 1537 1654 1914
1028 1181 1545 1932 1945 2067 2167 2203
1029 1132 1484 1756 2185
1030 1077 1163 1282 1429 1747 1767 1860 2103 2224
1031 1495
1032 1039 1279 1400 1582 1659 2015
1033 1204 1457 1699 1822 1958 1977 2052 2065 2172
1034 1531 1614 1702 1810 1814 1855 1903 1908 1962 2083 2106 2251
1035 1225 1239 1345 1366 1629 2156
1036 1088 1203 1373 1410 1681 1766 1873 1920 2136
1037 1094 1142 1170 1477 1653 1730 1773 1886 1907 2010
1038 1566 1620 1692 1926 2053 2215 2254
1039 1279 1400 1582 1659
1040 1153 1179 1220 1537 1994 2057 2075 2182
1041 1177 1498 1786 1809 1825 1940 1973 2061 2107
1042 1191 1316 1531 1702 1726 1810 1930 2106 2109 2162 2206 2243
1043 1202 1332 1705 1912 1959
1044 1209 1321 1442 1558 1928
1045 1046 1048 1140 1224 1337 1389 1481 1827 2076
1046 1048 1140 1224 1481 1846 2076 2154
1047 1520 1584 1826 1831 1929 2030
1048 1140 1469 1685 2076
1049 1185 1272 1308 1310 1456 1562 1708 1771 1832 1888 1944 2093
1050 1083 1295 1712 2005
1051 1432 1533 1594 1713 1970 2121 2164
1052 1240 1334 1473 1824 1943 2072 2151
1053 1358 1646 1684 1709 1899 2260
1054 1193 1250 1428 1463 1730
1055 1230 1326 1414 1431 1513 1530 1535 2089
1056 1377 1395 1439 1612 1746 1791 1907 1931 2010 2031 2184
1057 1261 1422 1561 1638 1880 2198
1058 1073 1254 1256 1305 2199
1059 1103 1165 1206 1221 1360 1383 1437 1697 1819 1923 1927 2041 2062
1060 1207 1246 1556 1677 1740 2050
1061 1173 1319 1348 1411 1511 2226
1062 1358 1899 2063
1063 1158 1345 1451 1595 1634 1924 2017 2213
1064 1187 1190 1343 1426 1775 1795 1807 1830 1915 2161 2209
1065 1133 1438 1480 1800
1066 1202 1335 1435 1622 1885 1901 2191
1067 1241 1416 2000 2042 2142
1068 1218 1340 1542 1650 1983 2233
1069 1793 1815 1841 1933 2159 2170
1070 1372 1468 1499 1524 2097 2222
1071 1194 1745 2005 2069 2118 2217 2250
1072 1119 1476 1490 1518 1719 1913 1979 1991 2051 2148 2166 2186 2229 2231 2252
1073 1130 1199 1254 1256 1305 1354 1868 1955 2111 2199
1074 1134 1147 1447 1609 1636 1799 1836
1075 1280 1318 2222
1076 1939 2080 2193
1077 1163 1282 1429 1679 1747 1767 1860 2060 2103 2224
1078 1494 1563 1606 1722 2026
1079 1091 1361 1565 1635 1802
1080 1205 1356 1492
1081 1167 1966 2188 2232
1082 1192 1213 1237 1302 1441 1599 1629 1661 1887 2020
1083 1295 1391 1712 2005 2250
1084 1112 1222 1265 1300 1301 1445 1491 1516 1651 1732 1963 2069 2118 2217
1085 1274 1315 1373 1681 1893 2131 2190
1086
1087 1118 1521 1703 1951 1970 2028 2117 2121 2164 2207
1088 1373 1410 1681 1766 1873 1920
1089 1242 1292 1744 2104 2255
1090 1172 1327 1670 1758 1994
1091 1149 1361 1565 1635 1802
1092 1113 1377 1428 1612 1844 1870 1931 2184
1093 1120 1180 1362 1853 1939 2193
1094 1142 1193 1377 1463 1730 1886 1907 2010
1095 1314 1323 1350 1476 1694 1777 1806 1883 2155 2181 2218
1096 1228 1370 1990 2047
1097 1106 1146 1293 1341 1560 1645 1863 1965 1981 2174 2180
1098 1412 1749 2219 2244
1099 1110 1176 1217 1238 1402 1427 1609 1774 1799 2098 2153 2178 2238
1100 1160 1665 1804 1938 1957 2044
1101 1252 1319 1384 1401 1411 1569 1715 1782 2094
1102 1378 1545 1835 1945 2067
1103 1165 1206 1221 1294 1329 1437 1697 1808 1819 1912 1923 2041 2062 2077
1104 1161 1262 1297 1517 1608 1627 1756 1818 1935 1993 2126 2201
1105 1741 1760 1792 1813 2042 2142
1106 1146 1342 1560 1624 1645 1648 1863 1965 1981 2055 2174 2189 2259
1107 1145 1304 1343 1485 1553 1567 1775 1781 1795 1904 1919 1998 2123 2161
1108 1551 1916 2169
1109 1157 1168 1175 1679 1747 1757 1788 2060 2066 2103 2149
1110 1176 1460 1464 1466 1467 1527 1784 1829 2178
1111 1183 1403 1510 1615 1734 1764
1112 1222 1245 1265 1300 1301 1344 1445 1472 1489 1491 1516 1651 1732 1794 1839 1963
1113 1299 1471 1612 1844 1870 1931 2184
1114 1337 1680 2048 2230
1115 1312 1342 1406 1559 1624 1663 1811 2047 2176 2189
1116 1162 1174 1446 1529 1585 1669
1117 1637 1797 1865 1954 2033 2129
1118 1243 1521 1703 1951 2027 2117 2207
1119 1323 1476 1719 1806 1861 1883 1913 2051 2166 2229 2231 2257
1120 1362 1398 1853
1121 1200 1355 1438 1789 1800 1857 2034
1122 1152 1493 1591 1821 2012 2045 2081
1123 1138 1186 1412 1515 1571 1803 2180 2219
1124 1259 1626 1693 1820 2100 2165
1125 1229 1374 1395 1439 1658 1718 1746 1816
1126 1248 1371 1483 1487 1506 1568 1572 1739 1750 1862 2035
1127 1196 1298 1357 1431 1604 1698 1778 1995
1128 1509 1544 1632 1729
1129 1225 1366 1451 1858 1924 2144
1130 1212 1354 1521 1868 1951 2028 2111
1131 1233 1263 1280 1318 1338 1349 1564 2033 2216 2222
1132 1161 1262 1297 1517 1608 1627 1756 1818 1935 1960 2019 2126 2201
1133 1874 1896 1972 2091
1134 1147 1320 1447 1459 1504 1587 1609 1636 1799 1836
1135 1625
1136 1398 1454 1499 1725 1909 1947
1137 1174 1507 2095 2165
1138 1186 1571 1803 1965
1139 1274 1444 1893 1898 2013 2190
1140 1827
1141 1207 1257
1142 1653 1730 1773 1886 1907 2010
1143 1423 1563 1606 1631 1689 1881 1953 2196
1144 1244 1324 1541 1695 2152 2158
1145 1188 1343 1381 1408 1567 1795 1890 1904 1998 2123 2245 2251
1146 1342 1560 1624 1645 1648 1863 1965 1981 2055 2174 2189 2259
1147 1427 1447 1609 1799 1836
1148 1253 1329 1332 1532 1705 1959 2077
1149 1271 1565 1785 1802 1828 2177
1150 1320 1447 1459 2043
1151 1244 1364 1419 1541 1666 1695
1152 1493 1591 1821 2045 2081
1153 1220 1252 1260 1683 1715 1914 2057 2075 2082 2182
1154 1316 1397 1689 1881 2029 2049 2137 2179 2202
1155 1275 1375 1565 1613 1854 1917 2023 2054 2177
1156 1264 1270 1290 1368 1519 1597 1664
1157 1168 1175 1679 1788 2066 2103 2149
1158 1216 1288 1479 1549 1595 1634 2017 2205 2213
1159 1405 1460 1466 1467 1473 1538 1784 1824 2151 2160 2195
1160 1464 1527 1589 1804 1848 1938 2044 2056
1161 1262 1608 1756 1818 1879 1960 2126 2201
1162 1440 1446 1529 1585 1669
1163 1282 1386 1767 1860 2224
1164 1525 1574 1643 1709 1823 1866 1976 2101 2260
1165 1221 1294 1360 1383 1437 1697 1808 1819 1923 2041 2062
1166 1201 1203 1347 1871 1873 1920 2088 2136 2223
1167 1922 2188
1168 1175 1453 2066 2149
1169 1552 1657 1843 1882 2080 2134 2249
1170 1303 1477 1653 1721 1748 2039 2133 2168
1171 1304 1485 1781 1814 1930 2106 2162 2243 2251
1172 1324 1327 1670 1724 1758 1770 2158
1173 1348 1511 1540 2082
1174 1311 1446 1507 1585 1669 2095
1175 1453 2066 2149
1176 1238 1427 1829 2098 2153 2178
1177 1498 1668 1809 1825 1840 1940 1942 1973 2061 2107
1178 1215 1505 1759 1856 1985
1179 1195 1220 1537 1674 1914 1994 2114 2182
1180 1362 1394 1478 1853 1884 1939 2193
1181 1192 1441 1545 1661 1932 1945 2167 2203
1182 1229 1374 1658 1894 2132 2211
1183 1283 1403 1615 1764
1184 1278 1420 2206 2237
1185 1272 1308 1708 1771 1832 1888 1944 2093 2127 2192
1186 1412 1515 1571 1803 2113 2219
1187 1190 1351 1426 1450 1553 1641 1775 1807 1915 2161 2209
1188 1408 1567 1890 1986 2014 2120 2123 2124 2240 2245
1189 1226 1286 1371 1540 1617 1739 1910 2025 2145 2226
1190 1351 1426 1449 1555 1701 1807 1915 2209
1191 1278 1316 1397 1425 1578 1726 1992 2109 2137 2139 2206 2243
1192 1302 1441 1661 1932 2247
1193 1250 1377 1428 1463 1730
1194 1745 1797 2069 2118 2217
1195 1526 1537 1654 1674 1914
1196 1298 1357 1431 1535 1698 1778 1995
1197 1226 1487 1506 1739 2145 2220 2246
1198 1277 1291 1532 1581 1652 1742 1906 1997 2006 2040 2099 2155 2200 2204
1199 1256 1305 1354 1868 1911 1955 1999 2111 2199
1200 1355 1382 1789 2034
1201 1325 1787 1920 2088 2136
1202 1206 1211 1901 1912 1927
1203 1347 1373 1410 1681 1871 1873 1920 2131 2136
1204 1457 1822 1958 1975 2065
1205 1356 1492 1700
1206 1211 1221 1437 1697 1819 1912 1923 1927 2041 2062
1207 1257 1556 1677 1678
1208 1307 1382 1438 1596 1796 1847
1209 1321 1422 1442 1558 1928
1210 1858
1211 1912 1927 2062
1212 1214 1533 1713 1868 1978 2028 2150
1213 1239 1302 1345 1629 2247
1214 1533 1978 2150
1215 1328 1505 1759 1856 1934 1985 2146
1216 1288 1549 1595 1601 1634 1971 2205 2221
1217 1263 1349 1402 1564 1637 2033 2098 2129 2157 2216 2238
1218 1434 1542 1650 2175 2233
1219 1306 1396 1996
1220 1260 1683 1914 1994 2057 2075 2182
1221 1294 1383 1437 1697 1808 1819 1912 1923 2041 2062
1222 1265 1300 1301 1445 1488 1732 1839 1963 1989
1223 1251 1500 1503 1587 1706 1859 1980 2085 2242 2248 2253
1224 1337 1389 1481 1846 2076 2154 2230
1225 1239 1345 1366 1451 1924
1226 1371 1506 1540 1617 1739 2145 2220 2246
1227 1600 1616 1680 1704 1846 1956 2213 2247
1228 1370 1990 2047
1229 1658 1746 2211
1230 1326 1414 1513 1530 2089
1231 1265 1301 1472 1489 1780 1839 1950 1987 2046
1232 1320 1459 1504 1548 1587 1610 1636
1233 1280 1318 1338 1349 1564 2033 2216 2222
1234 1339 1864 1902
1235 1311 1440 1502 1700 1737 1763 1964 2032 2036
1236 1322 1336 1359 1850 1941 2070 2086
1237 1441 1599 1630 1887 2020
1238 1402 1427 1447 1609 1774 1799 1836 2098 2153 2157 2178 2238
1239 1345 1366 1629 2247
1240 1387 1473 1577 1824 1900 2072 2187
1241 1416 2000 2142
1242 1292 1455 1744 1872 2104 2105 2138 2173 2255
1243 1352 1521 1534 1703 1911 1951 2027 2207
1244 1324 1364 1695 2152 2158
1245 1344 1448 1489 1491 1516 1651 1732 1794 1974
1246 1378 1630 1677
1247 1299 1385 1386 1399 1539 1690 2068
1248 1483 1487 1506 1572 1601 1639 1862 2035
1249 1624 1648 1663
1250 1377 1428 1463 1844
1251 1500 1504 1587 1636 1706 1980 2242 2248 2253
1252 1260 1401 1683 1715 2082
1253 1255 1286 1532 1750 1910 2025 2122
1254 1256 1305 1868 1978
1255 1286 1329 1576 1617 1910 2226
1256 1305 1354 1868 1911 1955 1999 2111 2199
1257 1678 1928
1258 1399 1672 1690
1259 1626 1693 1820 2100 2165
1260 1407 1683 1715 1914 2082 2182
1261 1296 1325 1561 1638 1716 1787 1880 2198
1262 1297 1517 1608 1627 1756 1818 1935 2201
1263 1338 1349 1402 1564 1774 2033 2098 2153 2157 2216 2238
1264 1273 1290 1660
1265 1301 1344 1445 1472 1489 1651 1732 1780 1839 1950 1963 1974 2046
1266 1646 1684 1709 2127 2192
1267 1282 1551 1710 1757 1860 1949 2149 2169
1268 1430 1557 1892 2085 2253
1269 1381 1408 1567 2123 2240 2245
1270 1290 1368 1519 1597 1664
1271 1552 1828 1882 1917 2003 2134 2177 2249
1272 1308 1456 1562 1708 1771 1832 1888 1944 2093 2212
1273 1618 1660 1897 2009 2256
1274 1893 1898 2013 2190
1275 1375 1552 1613 1657 1722 1843 1854 1917 2023 2026 2054 2177
1276 1480 1607
1277 1601 1971 2006 2040 2204 2221
1278 1420 1425 1578 1702 1726 2087 2109 2139 2206
1279 1400 1582 1659 2015
1280 1318 1349 1564 2033 2129 2216 2222
1281 1457 1573 1896 1921 1948 1969 2037 2074 2258 2261
1282 1679 1747 1757 1860 2103 2149 2224
1283 1403 1510 1984 2064 2108
1284 1691 1783
1285 1380 1541 1768
1286 1371 1576 1617 1910 2025 2226
1287 1435 1474 1523 1622 1798 1901 2191
1288 1549 1595 1600 1634 1680 2017 2048 2205 2213
1289 1626 1693 1738 1792
1290 1519 1660 1766
1291 1314 1532 1581 1652 1906 1997 2099 2155 2200 2235
1292 1455 1744 1872 2104 2105 2173
1293 1341 1417 1645 2180 2244
1294 1329 1437 1570 1697 1808 1819 1923 2041 2062 2077
1295 1712 2005 2250
1296 1325 1583 1638 1662 1716 1787 1833 1880
1297 1517 1608 1627 1756 1818 1935 2201
1298 1357 1604 1649 1698 1995
1299 1386 1399 1471 1539 1690 1870 2068
1300 1301 1445 1491 1516 1651 1732 1963 2118 2217
1301 1445 1472 1732 1780 1839 1950 1963 1989
1302 1441 1599 1629 1661 2020 2247
1303 1477 1653 1721 1748 1982 2039 2133 2168
1304 1450 1485 1553 1647 1775 1781 1795 1919 1930 1998 2161
1305 1868 1955 2199
1306 1396 1711 1996
1307 1382 1438 1596 1796 1847
1308 1334 1562 1708 1832 1888 1944 2127
1309 1547 1755 1891 2185
1310 1456 1562 1589 1771 1832 2056 2151
1311 1440 1507 1585 1669 1737 1763 1964 2032
1312 1406 1559 1663 1811 2047 2176
1313 1390 1482 1514 1578 1619 1845 1878 1937 2087 2139
1314 1323 1350 1652 1694 1742 1777 2099 2155 2181 2218 2235
1315 1373 1681 1766
1316 1397 1425 1726 2029 2109 2137 2162 2202 2206 2243
1317 1421 1454 1909 2117 2143 2207
1318 1338 1349 1564 2033 2216 2222
1319 1401 1411 1511 1569 1782 1946
1320 1447 1459 1504 1587 1636 1836
1321 1367 1422 1442 1558 1928
1322 1359 1763 1850 1941 1967 2070
1323 1350 1476 1777 1806 1883 2051 2186 2218
1324 1327 1724 1758 1770 2158
1325 1638 1787 2088
1326 1414 1461 1513 1530 1535 2089
1327 1670 1724 1758 1770 2158
1328 1543 1759 1856 1934 2197
1329 1332 1697 1705 1959 2077
1330 1570 1761 1946
1331 1404 1691 1783 1867 2004 2147
1332 1705 1959 2077
1333 1364 1674 1695 2114
1334 1484 1562 1832 1943
1335 1435 1501 1518 1622 1885 1901 1979 1991 2148
1336 1507 1850 1941 2095
1337 1389 1481 1846 2048 2076 2154 2230
1338 1349 1564 1754 2216 2222
1339 1864 1902
1340 1509 1542 1544 1650 1729 1961 1983 2008 2233
1341 1417 1645 1965 1981 2180 2244
1342 1559 1560 1624 1648 1663 1863 2055 2174 2189 2259
1343 1426 1567 1775 1795 1830 1904 1919 1998 2123 2161
1344 1448 1472 1489 1491 1651 1732 1794 1839 1974 2046
1345 1366 1924
1346 1413 1415 1671 1889 2138 2255
1347 1404 1550 1681 1871 1873 2131 2136 2147
1348 1511 1576 1617 2226
1349 1402 1564 2033 2157 2216 2222 2238
1350 1655 1694 1777 1806 1883 2181 2218
1351 1449 1555 1641 1701 1915 2001 2209
1352 1534 1707 1882 1911 2003 2027
1353 1733 1752 1753 1779 1793 1815 2024 2194 2208
1354 1868 1911 1951 1955 1999 2111 2199
1355 1382 1438 1789 1857 2034
1356 1495 1700
1357 1604 1649 1698 1778 1892 1995
1358 1646 1684 1709 1899 2093 2212 2260
1359 1763 1837 1850 1967
1360 1383 1580 1667 1819 1958 2172
1361 1565
1362 1478 1853 1884 1939 1987 2193
1363 1621 1623 1696 1743 1773 1812
1364 1419 1695
1365 1453 1512 1688 2066
1366 1451 1858 1924
1367 1422 1442 1558 1783 1988
1368 1519 1546 1597 1664
1369 1452 1474 1501
1370 1990 2047
1371 1506 1568 1617 1739 1750 1910 2025 2122 2145
1372 1468 1499 1524 1947
1373 1410 1681 1873 1920 2131
1374 1658 1894 2132
1375 1613 1657 1722 1843 1854 1917 2023 2026 2054 2177
1376 1431 1535 1778 1869 2214
1377 1428 1612 1844 1886 1931 2010 2184
1378 1835 2078
1379 1394 1478 1884 1905 2008 2071 2112
1380 1554 1768 1801 1877 2012 2096 2234
1381 1408 1567 2123 2245 2251
1382 1438 1596 1796 1847 2034
1383 1437 1819 1923 2041 2062
1384 1391 1401 1569 1782 2094
1385 1386 1399 1539 1690 1710 1949 2068
1386 1539 1690 1710 1860 1949 2068
1387 1577 1900 2072 2187
1388 1500 1503 1590 1706 1859 2119 2141
1389 1481 2230
1390 1482 1493 1514 1619 1845 1878 2081
1391 1712 1736 1782 2094
1392 1455 2092 2104 2105 2173
1393 2140
1394 1478 1876 1884 1905 1961 2008
1395 1439 1718 1746 1791 1907 2010 2031
1396 1711 1996
1397 1423 1425 1631 1689 1726 1881 1992 2137 2139 2196 2202
1398 1454 1725 1909 1947
1399 1539 1672 1690 2068
1400 1582 1659 1741 1760 2015
1401 1411 1569 1715 1782 2094
1402 1427 1564 1774 2098 2153 2157 2238
1403 1510 1615 1764 2108
1404 1867 1871 2004 2147 2223
1405 1460 1466 1467 1473 1784 1824 2151 2160 2195
1406 1559 1663 1811 2047 2176
1407 1526 1914 2018 2082
1408 1567 1642 1890 2014 2123 2240 2245
1409 1465 1556 1593 1605 1682 1717 1740 1805 1895 2016 2050 2135 2239
1410 1681 1873 1920 2088 2136
1411 1511 1569 1782 1946
1412 1515 1571 1803 2113 2219
1413 1415 2255
1414 1513 1530 1535 1776 2089
1415
1416 2000
1417 1462 1644 1863
1418 1551 1671 1751 1889 1916 2021 2169
1419 1666 1695
1420 2237
1421 1454 1725 1909 2117 2143 2207
1422 1442 1558 1928 1988 2198
1423 1425 1482 1631 1689 1878 1953 1992 2139 2196
1424 1529 1760 1817 1849 1918 2015 2171
1425 1482 1578 1726 1992 2087 2109 2137 2139 2206
1426 1807 1830 1851 1904 1915 2209
1427 1447 1609 1774 1799 1836 2098 2153 2178
1428 1463 1471 1844 1870 2090
1429 1536 1679 1747 1767 1788 2060 2103 2211 2224
1430 1557 1778 1892 2085
1431 1535 1698 1778 2214
1432 1594 1713 1970 2121 2164
1433 1454 1725 1909 1982 2117 2143
1434 1542 1650 2038 2102 2175
1435 1622 1885 1901 1979 1991 2148 2191
1436 1986 2014 2120 2124 2240
1437 1697 1808 1819 1912 1923 2041 2062
1438 1596 1796 1800 1847 1857 2034
1439 1718 1746 1765 1791 1907 2031
1440 1585 1669 1700 1737 1964 2032 2036
1441 1545 1599 1661 1887 1932 1945 2020
1442 1558 1928
1443 1574 1762 1786 1837 1866 1952 1976 2101
1444 1893 1936
1445 1516 1732 1963
1446 1529 1585 1669
1447 1459 1609 1636 1799 1836 2153
1448 1489 1491 1651 1794 1974
1449 1555 1641 1701 1807 1915 2209
1450 1553 1647 1775 1781 1919 2049 2161
1451 1858 1924 2017 2144
1452 1490 1501 1518 1584 1826 1929 2030 2252
1453 1512
1454 1725 1909 2143
1455 1872 2104 2105 2173
1456 1562 1708 1771 1832 1944 2056
1457 1523 1822 1921 1975 2037 2065 2074
1458 1566 1602 1620 1673 1692 1723 1926 2210 2225 2237 2254
1459 1504 1587 1636 1836
1460 1466 1467 1538 1784 1865 1954 2160 2195
1461 1530
1462 1579 1644 1801 1877 2073 2096
1463 1730
1464 1467 1527 1589 1784 1829 1848 2044 2056 2178
1465 1593 1605 1682 1717 1740 1805 1895 2016 2135 2239
1466 1467 1538 1784 1829 1865 2160 2195
1467 1527 1589 1784 1829 2160 2195
1468 1499 1524 1947 2097 2241
1469 1685 2203
1470 1667 1735 1769 2227
1471 1844 1870 2090
1472 1489 1651 1732 1780 1839 1950 1963 1974 2046
1473 1824 2072 2151 2187 2195
1474 1798 2091 2116 2258
1475 1588 1736 1769 2228
1476 1719 1979 2002 2051 2166 2186 2218 2231 2235
1477 1653 1721 1748 2039 2133 2168
1478 1853 1876 1884 1905 1939 1961 1987 2193
1479 1483 1595 1634 1639 2017 2205 2256
1480 1607
1481 1846 2076 2154 2230
1482 1514 1578 1619 1845 1878 1992 2087 2139 2196
1483 1487 1572 1601 1639 1862 2035 2205
1484 1943 2185
1485 1781 1795 1814 1919 1930 1998 2106 2162 2251
1486 1593 1682 1720 1895 2050 2078 2135
1487 1506 1572 1639 1897 2035
1488 1989
1489 1651 1732 1794 1839 1950 1974 2046
1490 1501 1518 1603 1719 1913 1979 1991 2030 2051 2148 2166 2229 2231 2252
1491 1516 1651 1772 1794 2069 2118 2217
1492 1528 1668 1840 1942 2079
1493 1821 2045 2081
1494 1843 2026 2071
1495 1700
1496 1519 1546 1597 1654 1687 2125
1497 1654 1687 2125
1498 1668 1786 1809 1825 1840 1940 1942 1973 2061 2107
1499 1524 1947 2097 2241
1500 1503 1706 1859 1980 2085 2119 2242
1501 1518 1622 1885 1991 2030 2148 2252
1502 1528 1737 1964 2032 2036 2079
1503 1706 1859 1980 2119 2141
1504 1548 1587 1610 1636 2248
1505 1985 2146
1506 1568 1572 1739 1750 2035 2145
1507 1585 1669 1763 1941 2095
1508 1538 1745 1797 1865 1954 2115
1509 1544 1632 1729 2008 2233
1510 1615 1764 2022 2108
1511 2226
1512 2066
1513 1776 1852 2089
1514 1619 1845 1878 1937 2081 2087
1515 1571 2113 2219
1516 1651 1732 1772 1794 2069 2118 2217
1517 1608 1627 1756 1818 1935 2201
1518 1622 1719 1885 1913 1979 1991 2030 2148 2166 2231 2252
1519 1546 1597 1664 1687 2125
1520 1584 1826 1831 1929 2030
1521 1703 1951 1970 2028 2121 2207
1522 1574 1837 1967 2058
1523 1798 1921 1975 2037 2191
1524 1947
1525 1574 1643 1709 1823 1866 1976 2101 2260
1526 1537 1654 1914
1527 1589 1784 1829 1848 2056 2178
1528 1668 1762 1840 1952 2079
1529 1849
1530
1531 1614 1673 1702 1810 1814 1855 1903 1908 1962 2053 2083 2106 2162 2243
1532 1581 1652 1906 1997 2122 2200
1533 1594 1713 1985 2028 2121 2164
1534 1707 1911 2027
1535 2214
1536 1649 1747 1788 2060
1537 1674 1914 2114 2182
1538 1865 1954 2115 2160 2195
1539 1690 1949 2068
1540 1617 1739 2018 2145 2220
1541 2152
1542 1544 1650 1729 1983 2175 2233
1543 1856 1934 2197
1544 1632 1729 1821 2008 2045 2233
1545 1661 1835 1932 1945 2167 2203
1546 1597 1664 1676
1547 1577 1588 1755 1769 2228
1548 1587 1610 1636 2242 2253
1549 1595 1601 1634 1971 2205 2213 2221
1550 2131 2147
1551 1710 1916 1949 2169
1552 1657 1843 1882 1917 2003 2080 2134 2249
1553 1647 1775 1781 1795 1919 1998 2161
1554 1591 2012 2038
1555 1586 1641 1701 2001 2059 2183
1556 1677 1717 1720 1740 2050
1557 1698 1778 1892
1558
1559 1663 1811 2047 2176 2189 2259
1560 1624 1645 1648 1863 1965 1981 2055 2174 2189 2259
1561 1638 1787 1880 2198
1562 1708 1771 1832 1888 1943 1944
1563 1606 1631 1722 1881 1953 2026
1564 1637 2033 2129 2157 2216 2238
1565 1613 1802 1854 1917 2054 2177
1566 1614 1620 1673 1692 1903 1926 2053 2210 2225 2237 2254
1567 1795 1890 1904 1998 2123 2245
1568 1750 1910 2025 2035 2122
1569 1736 1782 2094
1570 1761 1808
1571 1803
1572 1639 1862 2035
1573 1779 1793 1921 1948 1969 2024 2074 2170 2261
1574 1837 1866 1967 1976 2058 2101
1575 1670 1727 1994 2057 2075
1576 2226
1577 1900 2072 2187
1578 1619 1726 1845 1992 2087 2139 2206
1579 1644 1768 1801 1877
1580 1667 1790 1958 1968 2172
1581 1652 1906 2002 2099 2155 2200 2235
1582 1659 1760 1918 2015 2171
1583 1630 1662 1716 1833 1887 2156
1584 1826 1831 1929 2030
1585 1669 1763 1964 2095
1586 1635 2001 2059 2110 2183
1587 1610 1636 2242 2248 2253
1588 1769 2228
1589 1784 1829 2056
1590 1734 1859 2063 2141
1591 1821 2012 2038 2045 2175
1592 1728 2059 2110 2183
1593 1682 1805 1895 2016 2135
1594 1713 1970 2121 2146 2164
1595 1634 2017 2205
1596 1796 1847 2034
1597 1664 1687 2125
1598
1599 1629 1630 1887 2020 2156
1600 1616 1680 1704 1846 1956 2048 2213 2247
1601 1862 1971 2006 2040 2204 2221
1602 1692 1723 1926 2210 2225 2254
1603 1826 1913 1925 2007 2051 2229 2252
1604 1649 1698 1995
1605 1717 1740 1805 2016 2239
1606 1631 1953 2026 2196
1607
1608 1627 1756 1818 1935 1960 2126 2201
1609 1774 1799 1836 2098 2153
1610 1636 1894
1611 1809 1940
1612 1931 2031 2184
1613 1854 1917 2023 2054 2177
1614 1620 1673 1702 1810 1855 1903 2053 2083
1615 1734 1764
1616 1704 1846 1956 2154 2247
1617 1739 1910 2025 2145 2226
1618 1639 1660 1897 2009 2256
1619 1845 1878 1937 2087 2139
1620 1673 1692 1903 1926 2053 2210 2225 2237 2254
1621 1623 1696 1743 1754 1812 2084
1622 1885 1901 1979 1991 2148
1623 1696 1743 2097
1624 1648 1663 2055 2174 2189
1625 1974 2046
1626 1693 1738 1792 1817
1627 1756 1818 1935 2201
1628 1752 1753 1993 2208
1629 1887 2156
1630 1662 1887 2020 2156
1631 1689 1881 1953 2196
1632
1633 1842
1634 2017 2205
1635 1785 1802
1636 2248
1637 2033 2129 2216
1638 1787 1880 2198
1639 1862 2035 2256
1640 1675
1641 1701 2001 2209
1642 2124 2240
1643 1823 1866 1875 1976 2101 2260
1644 1801 1863 1877
1645 1803 1965 1981 2180
1646 1684 1709 1899 2192 2260
1647 2049
1648 1663 1863 1981 2055 2174 2189 2259
1649 1788 1995
1650 1729 1983 2175 2233
1651 1732 1794 1839 1974 2046
1652 1906 1997 2099 2155 2200 2235
1653 1721 1748 2039 2168
1654 1687
1655 1686 1694 1777 1806 1827 1883 2011
1656 1752 1753 1815 1820 2100 2194 2208
1657 1843 2080 2134
1658 1894 2132
1659 1760 1918 2015 2171
1660 1897
1661 1932 1945 2167 2203
1662 1716 1833 2156
1663 2055 2174 2176 2189 2259
1664 2013 2190
1665 1804 1938 1957 2044 2063
1666 1676
1667 1735 1790 1838 2128 2130 2227
1668 1762 1825 1840 1942 2061 2079 2107
1669
1670 1758 1994 2057
1671 1751 1889 2021 2138
1672 1690
1673 1702 1810 1903 2053 2210 2237 2254
1674 2114
1675 2012 2073 2096 2234
1676
1677 1740 2050
1678 1716 1928
1679 1747 1757 1788 1860 2060 2103 2149
1680 1704 1956 2048 2213 2230
1681 1873 1920 2131 2136
1682 1720 1805 1895 2016 2135
1683 1715 2057 2094
1684 1709 1899 2093 2192 2260
1685 1846 2076 2154
1686 1806 1827 1883 2011
1687 2125
1688 1776 1852
1689 1881 1953 1992 2137 2179 2196 2202
1690 2068
1691 1783 1867 1922
1692 1723 1926 2215 2254
1693 1738 1792 1817 2100
1694 1742 1777 2181 2218
1695
1696 1743 1754 2084
1697 1808 1819 1912 1923 2041 2062 2077
1698 1778 1995
1699 1822 1958 1977 2052 2065
1700 1964 2032 2036
1701 1915 2001 2183 2209
1702 1810 1903 2053 2109 2162 2206 2243
1703 1951 2027 2207
1704 1846 1956 2213 2247
1705 1912 1959 2077
1706 1859 1980
1707 1911 1955 1999 2027
1708 1771 1832 1888 1944 2093 2212
1709 1899 2260
1710 1757 1860 1949 2169
1711
1712 2005
1713 1985 2028 2121 2164
1714 1830 1851 1890 1986 2014 2120
1715 2082
1716 1833 1880
1717 1740 1805 2239
1718 1746 1765 1773 1791 1812 1816 1907
1719 1885 1913 1979 1991 2051 2148 2166 2186 2231 2252
1720 1740 1895 2050 2078 2135
1721 1748 1982 2039 2133 2168
1722 2023 2026 2054 2179
1723 1926 2225 2254
1724 1770
1725 1909 1947
1726 1992 2109 2137 2139 2206
1727 1772 2057 2075
1728 2059 2110 2183
1729 1821 2008 2045 2233
1730 1886 2010
1731 2110 2163 2236
1732 1839 1950 1963 2046
1733 1752 1779 2024
1734 1764
1735 1769 2227
1736 1782
1737 1763 1964 2032 2036
1738 1760 1813 1817 1849
1739 2025 2145 2220 2246
1740 1895 2050 2239
1741 1760 1813 2000 2015 2042 2142
1742 2099 2155 2181 2218
1743
1744 1872 2104 2105 2255
1745 1797 1954
1746 1791 1907 2031
1747 1767 1788 2060 2103 2211 2224
1748 2039 2133 2168
1749 1937 2244
1750 1910 2025 2122
1751 1872 1889 1916 2021 2138 2169
1752 1753 1815 2194 2208
1753 1815 1820 2194 2208
1754
1755 1838 1891 2128 2130 2185 2227
1756 1818 1935 2201
1757 1860 1949 2103 2149
1758 2158
1759 1856 1934
1760 1813 1817 1849 2015
1761 1808 1946
1762 1786 1825 1866 1952 2079
1763 1964 2032
1764
1765 1773 1812 1816 2084
1766
1767 2211 2224
1768 1801 1877 2096 2234
1769 2228
1770 2158
1771 1832 1888 1944 2093
1772 2069 2250
1773 1812 1907
1774 2098 2153 2157 2238
1775 1781 1795 1904 1919 1998 2161
1776 1852 2089
1777 1806 1883 2181 2218
1778 1869 2214
1779 1793 1969 2024 2052
1780 1839 1950 1987 2046
1781 1795 1919 1930 1998 2161
1782 2094
1783 1867 1988
1784 1829 2056 2178 2195
1785 1802
1786 1823 1825 1866 1973 1976 2101
1787
1788 2060 2103
1789 1792 1857 2034
1790 1838 1879 1958 1968 2128 2130 2172
1791 1907 2010 2031
1792 2042
1793 1815 1841 1933 1969 2170 2261
1794 1974
1795 1904 1919 1998 2161
1796 1847
1797 1865 1954
1798 1896 2091 2116 2191 2258
1799 1836 2098 2153 2178
1800 1857
1801 1877 2073 2096 2234
1802 1828
1803 1965 2180
1804 1938 1957 2044
1805 1895 2016 2135 2239
1806 1861 1883 2051 2257
1807 1830 1915 2209
1808 1923
1809 1825 1940 1973 2061 2107
1810 1814 1855 1903 2053 2106 2109 2162 2243
1811 1966 2047 2176 2232
1812 2084
1813 1817 2042 2142
1814 1855 1908 1930 1962 2083 2106 2162 2243 2251
1815 1820 1841 1933 2100 2170 2194
1816 2084
1817 1849
1818 1935 1993 2126 2201
1819 1912 1923 1927 2041 2062
1820 2100 2165 2194
1821 2038 2045
1822 1975 2037 2065
1823 1875 1976 2101
1824 2072 2151
1825 1940 1973 2061 2107
1826 1925 1929 2030 2252
1827
1828 1854 1882 1917 2003 2134 2177 2249
1829 2056 2178
1830 1851 1904
1831 1929
1832 1888 1944 2093
1833 1880
1834 1936 1990
1835 1945 2020 2067
1836 2153
1837 1866 1952 1967 2058
1838 1879 1891 2019 2128 2130 2227
1839 1950 1963 1974 2046
1840 1942 2061 2079 2107
1841 1933 2159 2170
1842
1843 2023 2026 2080 2112
1844 1870 2090
1845 1878 1937 2087 2139
1846 1956 2076 2154 2230
1847
1848 1938 2044 2178
1849
1850 1941 2070
1851
1852 2089
1853 1884 1939 1987 2193
1854 1917 2023 2054 2177
1855 1903 1908 1962 2053 2083 2106 2251
1856 1934
1857 2034
1858 1924 2144
1859 1980 2119 2141
1860 1949 2103 2149
1861 1883 2007 2011 2229 2257
1862 2035 2205
1863 1981 2055 2174 2189 2259
1864 1902 2215
1865 1954 2160 2195
1866 1952 1976 2101
1867 1988 2004 2147 2223
1868 1951 1955 2111 2199
1869 2214
1870 1931 2090 2184
1871 2136 2147 2223
1872 2104 2105 2138 2255
1873 1920 2088 2136
1874 1896 1948 1972 2091 2116 2258
1875 1996
1876 1884 1905 1961 1987
1877 2073 2096 2234
1878 2081 2196
1879 1891 1960 1968 2019 2126 2128 2130
1880
1881 1953 2137 2179 2196 2202
1882 2003 2134 2249
1883 2218
1884 1905 1939 1961 1987 2193
1885 1901 1979 1991 2148 2166
1886 1907 2010
1887 2020 2156
1888 1944 2093 2127
1889 2021 2138
1890 1986 2014 2120 2124 2240 2245
1891 2019 2128 2130 2185
1892 1995
1893 1898 2013 2190
1894 2132
1895 2050 2078 2135
1896 1948 1972 2091 2116 2258 2261
1897 2246 2256
1898 2013 2190
1899 2260
1900 2072 2187
1901 2191
1902 1908 2083
1903 1908 2053 2083
1904 1919 1998 2123 2161
1905 1961 1987 2008
1906 2099 2155 2200 2235
1907 2010 2031
1908 1962 2053 2083
1909 2117 2143
1910 2025 2226
1911 1955 1999 2027 2111
1912 1923 1927 2041 2062 2077
1913 1925 2030 2051 2166 2229 2231 2252
1914 2082 2182
1915 2209
1916 2021 2092 2169
1917 2023 2054 2134 2177
1918 2015 2171
1919 1998 2161
1920 2088 2136
1921 1948 1969 2037 2065 2074 2258 2261
1922 2188
1923 2041 2062
1924 2017
1925 2007 2229
1926 2210 2215 2254
1927 2041 2062
1928
1929 2030
1930 2106 2162 2243 2251
1931 2031 2184
1932 1945 2167 2203
1933 2159 2170 2194
1934 2197
1935
1936 1990
1937
1938 1957 2044
1939 2193
1940 1973 2061 2107
1941 2095
1942 1973 2061 2107
1943
1944 2093 2212
1945 2067 2167
1946
1947 2241
1948 1969 2074 2258 2261
1949 2169
1950 2046
1951 2028 2111
1952 1967
1953 2196
1954 2160
1955 1999 2111 2199
1956 2048 2213 2230 2247
1957 2044
1958 1968 2172
1959 2077
1960 1968 2019 2126 2201
1961 1983 2008
1962 2083 2106 2251
1963 1989
1964 2032 2036
1965 1981 2180
1966 2047 2188 2232
1967 2058 2070
1968 2172
1969 2024 2074 2261
1970 2028 2121 2164
1971 2006 2040 2204 2221
1972 2091 2116
1973 2061 2107
1974 2046
1975 2037 2065 2074
1976 2101
1977 2052
1978 2150
1979 1991 2002 2148 2166 2186 2231 2235
1980 2242 2248
1981 2055 2174 2180
1982 2133 2143 2168
1983 2008 2233
1984 2064
1985 2146
1986 2014 2120 2124
1987
1988 2223
1989
1990
1991 2002 2148 2166 2186 2231
1992 2087 2137 2139 2196
1993 2201
1994 2057 2075 2182
1995
1996
1997 2006 2040 2099 2122 2200 2204
1998 2123 2161
1999 2111 2199
2000 2042 2142
2001 2059 2110 2183
2002 2166 2186 2235
2003 2134 2249
2004 2147
2005 2250
2006 2040 2204 2221
2007 2229 2257
2008 2233
2009 2144 2256
2010 2031
2011 2257
2012 2234
2013 2190
2014 2120 2124 2240 2245
2015
2016
2017 2205 2213
2018 2220
2019 2128 2130 2185
2020
2021 2138
2022 2119
2023 2026 2054 2177
2024 2052
2025 2122
2026
2027
2028 2121 2164
2029 2049 2137 2202
2030 2252
2031 2184
2032 2036
2033 2129 2216 2238
2034
2035
2036
2037 2065 2074
2038 2175
2039 2133 2168
2040 2099 2204 2221
2041 2062 2077
2042 2142
2043
2044
2045
2046
2047 2176
2048 2230
2049
2050 2078 2135
2051 2166 2186 2229 2231
2052
2053 2083 2254
2054 2177
2055 2174 2189 2259
2056
2057 2075 2182
2058 2070
2059 2110 2183
2060 2103 2211
2061 2107
2062
2063 2141
2064
2065 2074
2066
2067
2068
2069 2118 2217 2250
2070
2071 2112
2072 2187
2073 2096 2234
2074 2261
2075 2182
2076 2154 2230
2077
2078 2135
2079
2080 2112 2134
2081
2082
2083
2084
2085 2119 2242 2253
2086
2087 2139 2206
2088 2136
2089
2090 2197
2091 2116 2258
2092 2173
2093 2192 2212
2094
2095
2096 2234
2097 2241
2098 2153 2157 2238
2099 2155 2200
2100 2159 2165
2101
2102 2152 2175
2103 2149
2104 2105 2173 2255
2105 2138 2173 2255
2106 2162 2243 2251
2107
2108
2109 2137 2162 2206 2243
2110 2183 2236
2111 2199
2112
2113 2219
2114
2115 2160 2195
2116 2258
2117 2143 2207
2118 2217
2119
2120 2124 2245
2121 2164
2122
2123 2245 2251
2124 2240 2245
2125
2126 2201
2127 2192
2128 2130 2227
2129 2216 2238
2130 2227
2131
2132
2133 2168
2134 2249
2135
2136
2137 2202
2138 2255
2139 2206
2140
2141
2142
2143 2207
2144
2145 2220 2246
2146
2147
2148 2166 2231 2252
2149
2150
2151
2152
2153 2157 2238
2154 2230
2155 2200 2218 2235
2156
2157 2216 2238
2158
2159
2160 2195
2161
2162 2243
2163 2236
2164
2165
2166 2186 2231 2252
2167 2203
2168
2169
2170
2171
2172
2173
2174 2189 2259
2175
2176
2177
2178
2179 2202
2180 2244
2181 2218
2182
2183
2184
2185
2186 2231 2235
2187
2188 2232
2189 2259
2190
2191
2192
2193
2194 2208
2195
2196
2197
2198
2199
2200
2201
2202
2203
2204 2221
2205
2206
2207
2208
2209
2210 2225 2237 2254
2211 2224
2212
2213
2214
2215
2216 2238
2217 2250
2218
2219
2220 2246
2221
2222
2223
2224
2225 2237 2254
2226
2227
2228
2229 2231 2252 2257
2230
2231 2252
2232
2233
2234
2235
2236
2237 2254
2238
2239
2240 2245
2241
2242 2248 2253
2243
2244
2245
2246
2247
2248 2253
2249
2250
2251
2252
2253
2254
2255
2256
2257
2258
2259
2260
2261
