#/opt/homebrew/Caskroom/miniconda/base/envs/hack25/lib/python3.12/site-packages/ipykernel_launcher.py --f=/Users/jpinney/Library/Jupyter/runtime/kernel-v352576b36ed274793969b57d69d8306c9df606370.json
# GMT Sun Jul 20 12:23:43 2025
# 
0
1
2
3
4 199
5
6 82
7
8
9
10
11
12
13 193
14
15
16
17
18
19
20
21
22
23
24
25
26
27
28
29
30
31
32
33
34
35
36 142
37
38
39
40
41
42
43
44
45
46
47
48 147
49
50
51
52
53
54 153
55
56
57
58
59
60
61
62 64
63
64
65
66
67
68
69
70
71
72
73
74
75
76
77
78
79
80
81
82
83
84
85
86 134
87
88
89
90
91
92 175
93
94
95
96
97
98 122
99
100
101
102
103
104
105
106
107
108
109
110
111
112
113 173
114
115
116
117
118
119
120
121
122
123
124
125
126
127
128
129
130
131 138
132
133 139
134
135
136
137
138
139
140
141
142
143
144
145
146
147
148 233
149
150
151
152
153
154
155
156
157
158
159
160
161
162
163
164
165
166
167
168
169
170
171
172
173
174
175
176
177
178
179
180
181
182
183
184
185
186
187
188
189
190
191
192
193
194
195
196
197
198
199
200
201
202
203
204
205
206
207
208
209
210
211
212
213
214
215
216
217
218
219
220
221
222
223
224
225
226
227
228
229
230
231
232
233
234
235
236
237
238
