#/opt/homebrew/Caskroom/miniconda/base/envs/hack25/lib/python3.12/site-packages/ipykernel_launcher.py --f=/Users/jpinney/Library/Jupyter/runtime/kernel-v352576b36ed274793969b57d69d8306c9df606370.json
# GMT Sun Jul 20 12:23:43 2025
# 
0
1 988 2264
2
3 189 327
4 758
5 78 340 949 1184 1499 1771 2113
6 2347
7
8
9 317
10
11
12 1264 1479 2285
13
14
15 604 1549
16 20 189
17 365 2201
18
19 1199 2027
20 2310
21
22
23
24 1086 1344
25 1124
26
27 2216
28 532 1730 2016
29 1092 2407
30 834 2073
31
32 1182
33 894
34 1803
35 1639
36
37
38 754
39
40 1342
41 877 1047
42 1151 1657 1678 1954
43
44 81 370 563 2474
45
46 918
47 1857
48 1119 1143
49 2343
50 733 1655
51 2129
52 639 1855
53 2189
54
55 224
56 851 1192 1254
57
58
59 155
60
61
62
63
64 1527 2247
65 1227
66 1060
67
68
69 908 2283
70 750 1290
71
72
73 1308
74 433
75 1504
76 1833
77 2343
78 1184
79
80 958
81 370 563 797 1282 2474
82 2398
83 1457
84 347
85 293
86
87 1126
88
89 2472
90 2025
91 2018
92
93
94 651 2307
95 1779 2159
96 2083 2192
97 285 1208 1272
98 1923 2038
99 1759
100 880 1838
101
102 1597 2158
103 320
104 931 1767
105 1992
106
107 397
108 1716 2116
109
110
111 807 1914
112
113
114
115
116
117
118 1753
119 545
120
121 1993
122 289 675
123
124
125
126
127 339 1042 2453
128 482 1756 1898 2143 2256
129
130 710 1595 1875
131
132 1096
133
134
135
136
137
138
139 626 862 1712
140 1183
141 1275
142 829
143 579
144 721
145
146 1268
147 174
148
149 465 1537
150 2064
151
152 1015
153 1793
154 924
155
156 2405
157
158
159 2320
160 605 666 715
161 2221
162 1638
163
164 734
165 2311
166
167
168 1211 1515 2206 2240
169
170
171 422 2139
172 976 1203 2239
173 478 1259
174
175 868
176
177 1554
178
179
180 2046
181 286 1597
182
183 1979
184
185
186
187
188
189
190 400
191
192
193 932
194 1627
195 642 653
196 1610
197 1917
198
199 232 1333
200 2064
201 514
202
203 444 925
204
205
206
207 1770 2387
208
209
210 2342
211
212
213
214 808
215
216
217 1546
218
219 599
220 574 2149
221 2371 2433
222
223
224
225
226 584
227 702 1069
228
229
230
231 1909
232 1333
233
234 658
235 1915
236 1485
237 1674 2227
238
239 324
240
241
242
243 1276
244 1230 1466 1530
245
246 1702 2502
247
248
249
250 2197
251 265
252 1296 1620
253
254 708
255 2209
256 1593
257 299
258 595
259
260
261 1325 2156 2377
262
263 1460 2273
264 970 1820 1864 2262
265 1447
266 1502
267
268 626
269 1874
270 854 879
271 752 955
272 2071
273 1782
274
275
276
277 1119
278 672 1747 2061
279
280 2245
281 2022
282
283
284
285 1208 1272
286 1597 2158
287 1846
288
289 323 675
290 1568
291 1165
292 603
293
294
295 1733
296 1700
297 1106
298
299
300 870
301
302 1939
303
304
305
306 784
307 2065
308
309 1210
310 980 1456 1930
311
312
313 456
314
315 1430
316
317
318
319 1218
320
321 1750
322
323 675
324
325
326 1166
327
328 676 1228
329 1794
330 753
331
332
333
334 2465
335
336 1713
337
338
339
340 1499 2113
341 1705
342 409
343 1882 2045 2468
344
345
346 1367
347
348 809 858 891 1849
349
350 2254
351
352
353 984
354 2062
355
356 971 1027 1817 2070
357 1490
358 2293
359
360 992
361 761
362
363 895 2513
364
365
366
367
368
369
370 563 797 1282 2474
371
372
373
374
375 609 632
376 741
377
378 548
379
380
381 488
382
383
384 1602 2498
385 1386
386
387
388 1409
389
390 712 1709
391 618 2056 2265
392 917
393
394 2402
395
396 1805
397 1773
398 1400
399
400
401 438
402
403
404
405 989
406
407 1872
408 983
409
410
411 707
412
413 2281
414
415 1158
416
417
418 1334 1885
419
420 1556
421
422 2139
423 607 1242
424 884
425 695
426
427
428 1190
429 2088
430 2223
431 712
432 2220
433
434 965 1440
435 2328
436 1030 2156 2428
437
438
439 1629
440
441 1429
442 1702 2502
443
444 925 1225
445
446 518
447 802
448 1494 1985
449
450 2383
451
452 958
453
454 1851
455 2300
456 930
457 1023 2035
458
459 1130
460
461
462 1167 2049
463
464 2211 2317 2367
465 579 1537
466 1256
467
468 1774
469 1780
470
471
472 564 2040
473
474
475
476 2410
477 2093
478 1259
479
480
481 1678
482 1898 2143
483 733
484
485 2044
486 1379
487 1824 2473
488
489 944
490 1391
491 1008
492
493
494
495 1568
496
497
498 610
499 1002
500
501 510 917
502
503 1619
504 855 2169
505
506
507 590
508 682
509 1277 2226
510 917
511 1431 2489
512 2482
513 825
514 1313
515 821
516
517 951 1935
518
519
520
521
522 1239
523
524 2298
525
526 2361
527
528
529
530 1204
531 689
532 1998 2016 2499
533
534 2331
535
536
537 674 2458
538 959
539
540 755 902 1826
541 1312
542 1798 2187 2405
543 1350
544 1714
545
546 720 2435
547
548 589 1273 2333
549
550
551
552 1556
553 558 860
554
555
556
557 2290
558 860
559 1169 1194 2413
560 1368 1634
561 2148
562 1053
563 797 1282 2474
564 2040
565
566 1476 1884 2485
567 1179
568 2461
569 1338
570 1294
571 1496 1823
572 1434
573
574 2149
575
576
577 1618
578 2420
579
580 1980
581
582
583 1196 2212 2304
584
585 1798
586 1633 1861
587 1142 1241
588
589 1273 2333
590
591
592 2167
593 1000
594
595 2440
596 619 1068 1734
597 2518
598 789
599
600
601 1115 1149
602
603 1070
604 1549
605 666 715
606
607
608 2456
609 1399
610
611 656
612 2390
613 1971
614
615 1095
616 1792
617 2510
618 2282
619 1068 1734
620 866 1887 2464
621 1134 1911
622
623 2304
624
625
626 862
627
628
629
630 1331 2008
631 2105 2228
632
633
634 2077
635 993 1388 1680 1842
636
637
638
639 1855
640
641 857
642
643
644
645
646
647 773 2180
648
649
650
651 2307
652
653 1796
654 1902
655
656
657
658
659 1608
660
661 2442
662
663 1287 1519
664
665
666 715
667
668
669 1148
670
671 1006 1943
672 2061
673 1605
674 2458
675
676 1228
677
678 736 994 2168 2376
679 2508
680 1913 2096 2451
681 892 1707
682
683
684 929 1375 1689
685 1288
686
687
688 2146
689
690
691
692 1381
693
694
695
696 2357 2381
697
698 1653
699
700
701
702 1069
703 1193
704 890
705
706
707
708
709
710 1595 1875 2280 2432
711 2467
712
713
714 2350
715
716 2475
717 1171
718 2109
719
720 861 2435
721 1776
722 2190 2382
723
724 1058
725
726
727
728 1444
729 791
730 1121
731
732
733 1655
734 2250
735 2286
736 2168 2376
737 2224
738
739 1461
740
741
742
743 871 979 1517
744
745
746 2069 2108
747 1082 1101 1976
748
749 1533
750
751 1223 2222
752 1845
753
754
755 902 1826
756
757 1413 2028
758 2009
759
760 1274
761
762
763
764 2033
765
766 1194 1516
767 1268
768
769
770
771 1360 2443
772 2006
773 2180
774
775
776 840 1468
777
778
779 1532
780 846 1563 2349
781
782
783
784
785
786 1988
787 1290
788 1938 2250
789
790 1067
791
792
793
794
795 1717 1860 2360 2496
796
797 1282
798
799 971 1643
800
801 1198 1319
802
803 2301
804 2436
805 1010 1696 1790
806 953
807 1914 2284
808
809 858
810 1433
811
812
813
814 1491 1963
815
816
817 2027
818 824 907
819 1210
820 1018 1071
821 1234
822
823 2178
824 907
825
826 1362
827 1606
828 1039
829
830
831
832
833
834 2073
835 987 1997 2246
836
837
838
839
840 1468
841
842 2135
843
844 888 1648 2326
845
846 1563
847 1866
848 1191
849
850
851
852 1735 2513
853 873
854
855 2169
856
857
858
859 1557
860
861 1114
862 1712
863 1058
864 1624
865 2176
866 1863
867 2522
868
869 1189
870
871 1517
872
873
874 1128
875
876 2040
877 1047
878 2518
879
880 1838
881
882
883 2065
884 2205 2506
885 956 1941 2167
886
887 1708
888 1045 1648 2023 2326
889 2218
890
891
892 1707
893 2504
894
895
896
897
898 1888
899 1957
900
901
902
903 1746
904
905 1407
906
907
908 1898
909 1380
910
911 1202 2178
912 1533
913 1209 2231
914 2354
915
916
917
918
919
920
921 927
922
923 1442 2469
924
925 1225
926 1374
927
928 1257
929 1375 1689
930
931
932
933
934
935
936
937 1279
938 2260
939 2271
940 1792
941
942
943 2255
944
945 2118
946
947
948
949 1184 1771
950
951 1935
952
953
954 2173
955
956
957 1228 2145
958
959
960 1240
961
962
963 1659
964
965
966 1778 2288
967
968 1814
969
970 1820 1864 2262
971 1643 1817
972
973
974
975 1754 2007
976 1967 2239
977
978
979
980 1456 1930
981 1488 1500 1607 1627
982
983
984
985 1964
986
987 1997 2246
988
989
990 1382 2177
991 1604 2147 2155
992
993 1388
994 995 2168
995 2168
996
997
998
999
1000
1001
1002
1003
1004 2230
1005 2323
1006 1943
1007
1008
1009 1424
1010 1231 1696
1011
1012
1013 1646 2235
1014 2487
1015
1016 1100
1017 1613 1626
1018 1071
1019 2269
1020 1067
1021
1022 2203
1023 2035
1024
1025
1026 1299
1027 1418 2070 2294
1028
1029
1030 2428
1031 2353
1032
1033
1034
1035 1582 2374
1036
1037
1038 1173 2179
1039
1040 1104 2125
1041
1042 2453
1043 1281
1044
1045 1648 2023
1046
1047
1048 2140
1049
1050
1051
1052 1932
1053 1571
1054
1055
1056
1057
1058
1059 1574
1060
1061
1062
1063
1064
1065 1536
1066
1067
1068 1319 1734 2450
1069
1070
1071 1724
1072
1073 1480
1074
1075
1076
1077 1878
1078 1303 1730
1079
1080
1081
1082 1976
1083
1084 2338
1085 1348
1086 1344
1087 2186
1088 1953
1089
1090
1091
1092
1093 2102
1094 2171
1095
1096
1097
1098 1320
1099 1160
1100
1101 1976
1102
1103
1104
1105 1412
1106
1107
1108
1109 1141 1329
1110 2174
1111 2399
1112
1113 1430
1114
1115
1116
1117
1118 2141
1119
1120
1121 1649
1122 1475
1123 1277
1124
1125
1126
1127 1999
1128
1129 1258
1130
1131
1132
1133
1134 1911
1135 2335
1136
1137
1138
1139
1140
1141 1532
1142 1241
1143
1144
1145
1146 1721 2132
1147
1148
1149
1150
1151 1954
1152 1771 2397
1153
1154
1155
1156
1157 2013
1158 1221
1159
1160
1161
1162
1163
1164
1165
1166
1167
1168
1169 1194
1170 1806 2488
1171
1172
1173 1244 2179
1174 1824
1175
1176 1936 2313
1177
1178
1179 1377 2359
1180
1181
1182 1237
1183
1184
1185
1186
1187 1698
1188 1566 2114
1189
1190
1191
1192 2412
1193
1194 1516
1195
1196 2212
1197
1198
1199 2027
1200 1516
1201
1202 2178
1203
1204 1538 1775 2478
1205
1206
1207
1208 1272
1209 2231
1210
1211 2206 2240
1212 1832
1213
1214
1215 1355
1216
1217 1581
1218 2484
1219 2487
1220 2454
1221
1222 1444
1223 2222
1224 2219
1225
1226 1800 2108
1227
1228
1229 2075
1230 1466 1530
1231
1232
1233
1234
1235 1563 2349
1236 1415 2098
1237
1238 1789
1239
1240 2497
1241
1242
1243
1244 2179
1245
1246
1247
1248
1249
1250
1251 1443 1993
1252 1881 2107
1253
1254
1255
1256
1257
1258
1259
1260
1261
1262 1708 2314
1263
1264 1479
1265
1266
1267 1386
1268
1269
1270
1271
1272
1273 2333
1274 2236
1275
1276
1277 2226
1278
1279
1280
1281
1282 1437
1283 1740
1284
1285
1286
1287 1519
1288
1289
1290
1291
1292 1667 1837
1293
1294
1295 1587 1670 2375
1296 1620
1297 2293
1298 1719
1299
1300
1301 1361
1302 2212
1303
1304
1305
1306 1813
1307
1308 2230
1309
1310 2089
1311
1312
1313
1314 1788
1315
1316
1317
1318
1319 2450
1320
1321
1322 1445 1739
1323
1324 1438 2361
1325 2156 2377
1326
1327 1425 2470
1328
1329 2144
1330
1331
1332
1333
1334 1885
1335
1336 2476
1337
1338
1339
1340 1501
1341 1662
1342
1343
1344
1345
1346
1347
1348
1349
1350
1351
1352
1353
1354 1590
1355
1356
1357
1358
1359 2111 2503
1360 2443
1361
1362
1363
1364
1365
1366
1367
1368
1369
1370
1371 1454 2194
1372 1578
1373
1374 1644
1375 1406 1689
1376
1377 2359
1378
1379
1380 1408
1381
1382 2177
1383
1384 2080 2373
1385 1739
1386
1387
1388 1680 1842
1389
1390 1994
1391
1392
1393
1394
1395
1396 2382
1397
1398
1399
1400
1401
1402 2392
1403
1404
1405 1575
1406 1689
1407
1408
1409
1410
1411
1412
1413 1927 2028
1414
1415
1416
1417
1418 2294
1419
1420 1580
1421
1422
1423
1424
1425
1426 1478 1520
1427
1428
1429
1430
1431
1432
1433
1434
1435
1436 1871
1437
1438
1439
1440
1441
1442
1443
1444
1445 1739
1446 2147
1447 2034
1448
1449 1746
1450
1451 1672 2460
1452 1552
1453
1454 2194
1455
1456 1930
1457
1458
1459
1460 2090 2273
1461
1462
1463
1464 2337
1465
1466
1467
1468
1469
1470
1471 2195
1472
1473
1474
1475
1476
1477
1478
1479
1480
1481
1482
1483
1484
1485
1486
1487 2241
1488 1607
1489
1490
1491 1963
1492
1493
1494 1985
1495
1496 1823
1497 2054
1498
1499
1500
1501 2172
1502
1503
1504
1505
1506 2083 2192
1507
1508 1679
1509
1510
1511 1804
1512
1513
1514
1515
1516
1517
1518
1519
1520
1521 1625 2196
1522 2371
1523
1524 2020
1525
1526
1527 2247
1528
1529
1530
1531
1532
1533
1534
1535
1536
1537
1538 1775 2478
1539
1540 1926
1541 1544 2416
1542
1543
1544
1545
1546
1547 1841
1548
1549
1550
1551
1552
1553
1554
1555
1556
1557
1558
1559
1560 2329
1561
1562
1563 2349
1564
1565
1566 2114
1567
1568
1569 1647
1570
1571
1572
1573
1574
1575
1576
1577
1578
1579
1580
1581
1582 2374
1583
1584
1585
1586
1587 1670 2375
1588 2216
1589
1590 1705
1591 2104
1592
1593
1594 1710
1595 1875 2432
1596
1597 2158
1598
1599
1600
1601 2053
1602 2498
1603
1604 2072 2155
1605
1606 2511
1607 1627
1608
1609
1610
1611 2398
1612
1613 1626
1614 1896
1615
1616 2121
1617
1618
1619 2291
1620
1621 1902
1622
1623 1863
1624 2133
1625
1626
1627
1628 1718
1629
1630
1631
1632
1633 1861
1634
1635
1636 2037
1637 1890
1638
1639
1640 2452
1641
1642
1643 1817
1644
1645
1646
1647
1648 2023 2326
1649
1650
1651
1652
1653 2388
1654
1655
1656 2335
1657 1954
1658
1659
1660
1661
1662
1663
1664
1665
1666
1667 1837
1668
1669
1670 2375
1671 1876 2041
1672 2330
1673
1674 2227
1675
1676
1677
1678
1679
1680 1733 1842
1681
1682
1683
1684
1685 2384
1686
1687
1688
1689
1690 2213
1691
1692
1693 1939 2029
1694 2036
1695
1696
1697
1698
1699
1700
1701
1702 2502
1703
1704
1705
1706
1707
1708 2314
1709
1710
1711
1712
1713
1714
1715 1760
1716
1717 2496
1718
1719
1720
1721 2132
1722
1723
1724
1725
1726 2404
1727
1728
1729
1730 2016
1731
1732
1733
1734
1735 2300 2513
1736
1737 2204 2506
1738
1739
1740
1741 2481
1742
1743
1744
1745 2035
1746
1747 2061
1748
1749
1750
1751
1752 1856
1753
1754 2007
1755
1756 1898 2143 2256
1757
1758
1759 2218
1760
1761
1762
1763
1764
1765
1766 2446
1767
1768
1769
1770 2387
1771 2113 2397
1772
1773 2358
1774 2380
1775
1776
1777
1778 2288
1779 2159
1780
1781
1782
1783
1784
1785
1786
1787
1788
1789
1790
1791
1792
1793
1794
1795
1796
1797
1798 2187
1799
1800 2200
1801
1802 2175
1803
1804
1805
1806 2488
1807
1808
1809 2197
1810
1811
1812
1813
1814
1815 2026
1816
1817
1818
1819
1820 1864 2262
1821
1822
1823
1824 2473
1825
1826
1827
1828
1829
1830
1831
1832
1833
1834
1835
1836 1916
1837
1838
1839
1840
1841
1842
1843
1844
1845
1846
1847
1848
1849
1850
1851
1852
1853
1854
1855
1856
1857
1858
1859
1860 2360
1861
1862
1863
1864 2262
1865
1866
1867 2092
1868 2389
1869
1870
1871
1872
1873 1939
1874
1875 2432
1876 2041
1877 2490
1878
1879
1880
1881 2107
1882 2468
1883 2306
1884 2485
1885
1886
1887 2464
1888
1889 2150 2324
1890
1891
1892
1893 2001
1894
1895 2078
1896
1897
1898 2143 2256
1899 2362
1900
1901
1902
1903
1904
1905
1906
1907
1908
1909
1910
1911
1912
1913 2096
1914 2284
1915
1916
1917
1918
1919
1920
1921
1922 2053
1923 2038 2269
1924
1925
1926
1927
1928
1929
1930
1931
1932
1933
1934
1935
1936 2313
1937
1938
1939
1940
1941
1942
1943
1944
1945
1946
1947
1948
1949
1950
1951
1952
1953
1954
1955
1956
1957
1958
1959 2275
1960 2270
1961
1962
1963
1964 1991
1965
1966 2068
1967 2239
1968
1969
1970 2446
1971
1972
1973
1974
1975
1976
1977
1978
1979
1980
1981
1982 2129 2153
1983
1984
1985
1986
1987
1988
1989
1990
1991
1992
1993
1994
1995
1996
1997 2246
1998 2016 2499
1999
2000
2001
2002 2185
2003
2004
2005 2015
2006
2007
2008
2009
2010
2011
2012 2197
2013
2014
2015
2016 2499
2017
2018
2019 2521
2020
2021
2022
2023
2024
2025
2026
2027
2028 2058
2029
2030
2031 2353
2032
2033
2034
2035
2036
2037
2038
2039 2414
2040
2041
2042
2043
2044
2045
2046
2047
2048
2049
2050
2051 2253
2052
2053
2054
2055
2056
2057
2058
2059
2060
2061
2062
2063
2064 2393
2065
2066
2067 2160
2068
2069 2108
2070
2071
2072 2155
2073
2074
2075
2076
2077
2078
2079 2390
2080 2373
2081
2082
2083 2192
2084
2085 2237
2086
2087
2088
2089
2090 2273
2091 2321
2092
2093
2094 2191
2095 2261
2096 2451
2097
2098
2099
2100 2103
2101
2102
2103
2104
2105
2106
2107
2108
2109
2110
2111 2503
2112
2113 2397
2114
2115
2116
2117
2118
2119
2120
2121
2122
2123
2124 2449
2125
2126
2127
2128
2129 2153
2130
2131
2132
2133
2134
2135
2136
2137 2291
2138
2139
2140
2141
2142
2143
2144
2145
2146
2147
2148
2149
2150 2324
2151
2152
2153
2154 2268
2155
2156 2377
2157
2158
2159
2160
2161
2162
2163
2164
2165
2166
2167
2168
2169
2170
2171
2172
2173
2174
2175
2176
2177
2178
2179
2180
2181
2182
2183 2462
2184 2314
2185
2186
2187
2188
2189
2190
2191
2192
2193
2194
2195
2196
2197
2198
2199
2200
2201
2202
2203
2204 2205 2506
2205
2206 2240
2207
2208
2209
2210
2211 2317 2367
2212
2213
2214 2233
2215
2216
2217
2218
2219
2220
2221
2222
2223
2224
2225
2226
2227
2228
2229
2230
2231
2232 2366
2233
2234
2235
2236
2237 2491
2238
2239
2240
2241 2517
2242
2243
2244
2245
2246
2247
2248
2249
2250
2251
2252
2253
2254
2255
2256
2257 2435
2258
2259
2260
2261
2262
2263
2264
2265
2266
2267
2268
2269
2270
2271
2272
2273
2274
2275
2276 2354
2277
2278
2279
2280
2281
2282
2283
2284
2285
2286
2287
2288
2289
2290
2291
2292
2293
2294
2295
2296
2297
2298
2299
2300
2301
2302 2394
2303
2304
2305
2306
2307
2308
2309
2310
2311
2312
2313
2314
2315
2316
2317 2367
2318
2319
2320
2321
2322
2323
2324
2325
2326
2327
2328
2329
2330
2331
2332
2333
2334
2335
2336
2337
2338
2339
2340
2341
2342
2343
2344
2345
2346
2347 2422
2348
2349
2350
2351
2352
2353
2354
2355
2356
2357
2358
2359
2360
2361
2362
2363
2364
2365
2366
2367
2368 2466
2369 2475
2370
2371 2433
2372
2373
2374
2375
2376
2377
2378 2406
2379
2380
2381
2382
2383
2384
2385
2386
2387
2388
2389
2390
2391
2392
2393
2394
2395
2396
2397
2398
2399
2400 2511
2401
2402
2403
2404
2405
2406
2407
2408
2409
2410
2411
2412
2413
2414
2415
2416
2417
2418
2419
2420
2421 2455
2422
2423
2424
2425
2426 2510
2427
2428
2429
2430
2431
2432
2433
2434
2435
2436
2437
2438
2439
2440
2441
2442
2443
2444
2445
2446
2447
2448
2449
2450
2451
2452
2453
2454
2455
2456
2457
2458
2459
2460
2461
2462
2463
2464
2465
2466
2467
2468
2469
2470
2471
2472
2473
2474
2475
2476
2477
2478
2479
2480
2481
2482
2483
2484
2485
2486
2487
2488
2489
2490
2491
2492
2493
2494
2495
2496
2497
2498
2499
2500
2501
2502
2503
2504
2505
2506
2507
2508
2509
2510
2511
2512
2513
2514
2515
2516
2517
2518
2519
2520
2521
2522
