#/opt/homebrew/Caskroom/miniconda/base/envs/hack25/lib/python3.12/site-packages/ipykernel_launcher.py --f=/Users/jpinney/Library/Jupyter/runtime/kernel-v352576b36ed274793969b57d69d8306c9df606370.json
# GMT Sun Jul 20 12:27:19 2025
# 
0 1 24 68 88 298 529 625 735 790 1035 1827 2206 2476 2582 4040
1 2 4 5 8 9 19 26 39 44 59 65 101 106 112 115 134 145 147 198 202 226 288 290 306 337 348 399 413 428 454 456 474 560 606 614 684 689 726 755 796 837 870 913 928 1023 1082 1100 1113 1244 1254 1305 1314 1347 1399 1440 1492 1525 1544 1635 1724 1776 1778 1831 1903 2038 2088 2127 2212 2254 2332 2352 2399 2420 2489 2554 2610 2643 2969 2998 3013 3043 3107 3213 3232 3312 3317 3339 3348 3438 3613 3693 3716 3880 3906 3931 3943 3961 3989 4004 4049 4079 4140
2 3 10 11 12 13 22 29 35 41 77 79 109 159 170 185 190 195 254 263 350 352 359 401 426 455 458 467 514 527 545 563 582 602 621 650 652 701 775 821 825 1047 1055 1169 1195 1198 1213 1220 1252 1291 1296 1303 1311 1485 1502 1534 1539 1561 1650 1746 1859 1878 1925 2285 2490 2539 2586 2720 2738 2749 2890 2944 2961 2971 3034 3046 3074 3118 3147 3207 3265 3290 3425 3586 3626 3685 3978 3979 4052 4196
3 17 23 52 85 91 94 110 136 153 204 206 237 261 294 342 496 519 565 723 865 954 1084 1233 1271 1962 2052 2076 2330 2366 2688 2831 2877 3072 3092 3142 3239 3258 3456 3535 3623 3800 3826 3882 4093 4208
4
5 6 7 15 18 25 32 36 42 57 61 63 69 121 127 157 178 205 230 236 273 274 314 316 323 333 363 394 403 419 427 463 484 548 559 561 600 646 720 722 738 826 835 861 886 940 1002 1054 1092 1108 1122 1159 1166 1237 1249 1298 1312 1371 1377 1430 1438 1490 1537 1638 1721 1763 1775 1785 1790 1812 1880 1933 2072 2262 2283 2362 2428 2461 2520 2555 2564 2596 2607 2622 2638 2645 2662 2791 3002 3070 3217 3230 3324 3534 3624 3690 3712 3908 3911 3950 3962 3977 4081 4128
6 644
7 176 184 3008
8 942 3573 3925
9 175 1429 1498 2580 3361 3544 3583 3646
10 14 34 37 43 48 76 84 93 95 215 276 388 435 492 516 581 595 661 665 682 704 1076 1281 1365 1426 1567 1998 2567 2835 2929 3007 3250 3252 3524 3719 3771 3775 3830 4206
11 40 140 501 568 814 969 1121 1597 1736 1830 2217 3506 4133
12 20 30 81 82 92 125 137 164 188 223 227 357 364 745 787 903 945 1019 1138 1245 1379 2320 2385 2472 2497 2517 2861 3109 3163 3375 3385 3470 3588 3889 4072 4141
13 16 21 27 143 242 299 1656 1772 1886 1946 2436 2462 3762
14 810 1733 2029 2135 2198 2660 2851 4046
15 502 1993 2228
16 98 281 371 642 854 1033 1694 1783 1835 2637 3926
17 196 257 293 438 505 887 916 1000 1057 1320 1905 2297 2415 4067 4157
18 31 33 46 54 55 62 83 114 117 128 141 163 181 191 222 238 275 317 344 434 442 532 567 577 596 658 679 730 736 770 808 852 862 872 1150 1327 1332 1407 1421 1425 1464 1483 1659 1684 1688 1753 1759 1786 1843 1996 2103 2164 2211 2363 2503 2652 2657 2796 2822 2862 2894 3065 3082 3132 3164 3343 3353 3593 3642 3668 3681 4121
19 953 1555 2619 2984 4062
20 192 305 307 320 366 381 622 1037 1203 1290 2348 2677 2750 2794 2842 2868 3128 3144 3206 3335 3474 3723 4070 4127
21 72 78 86 89 201 212 240 243 253 258 278 296 374 533 570 673 820 889 1059 1114 1161 1194 1253 1259 1276 1661 1965 2847 3224 3292 3454
22 70 111 183 213 251 272 437 449 674 927 1011 1181 1204 1389 1548 1693 1864 1937 2369 2395 2692 2790 2962 3340 3523 3562 4145
23 28 80 107 126 131 146 151 179 262 328 378 379 393 705 798 803 876 964 1191 1286 1294 1577 1676 1716 1718 1832 2086 2512 2547 2734 2977 3349 3644 3748 3823 4028
24 332 597 680 1212 1472 1516 1540 1743 2450 3060 4080 4155
25 247 698 899 2792
26
27
28 45 2024
29 38 96 104 119 167 197 234 308 309 326 345 390 590 675 761 901 978 1020 1031 1032 1039 1048 1148 1175 1280 1333 1393 1654 1792 1966 2035 2148 2174 2243 2437 2605 2611 2634 2725 2774 2806 2886 3047 3505 3837 4016 4183
30 1209 1997 2215 2882 3783
31 122 313 1418 1800 2623 2913 3370
32
33 71 3215
34 200 386 398 414 476 569 572 676 1250 1616 1725 1789 2057 2600 3169 3226 3803 4012 4194
35 1499 1851 3672
36 302 1264 1266 4045
37 464 1609 2820 3838
38
39 47 50 75 152 189 211 638 677 733 1043 1155 1224 1400 1526 2361 2752 2761 3475 3824
40 902 2172 3537
41 49 64 133 468 767 883 1068 2034 2360 2802 3069
42 118 766 987 1423 1994 2020
43
44 66 283 303 485 566 683 838 900 965 1135 1205 1717 2439 2491 2707 2804 2973 3548
45 53 100 105 220 270 633 694 851 922 955 1124 1156 1501 1509 1710 1945 2264 2907 3314 4124
46 74 656
47 51 346 1046 1744 1754 2324 2524 2578 3161 3816
48 360
49 355 2279 2499
50 229 365 417 433 967 1583 1879 2242 3846 4142
51 73 87 113 148 510 591 612 618 624 960 961 993 1412 1533 2227 2775 3212 3992 4220
52 56 58 90 158 291 300 318 353 405 746 992 1064 1099 1151 1223 1358 1361 1742 2827 3035 3418 3430 4029 4076
53
54 1856 1974
55 60 67 370 550 706 877 1354 1600 1666 2013 2475 3114 3131 3851
56 135 641 691 762 1384 1849 1917 2167
57 161 592 855 2680
58 3702
59 221 377 1435 2893
60 97 613 984 1318 3394
61 142 162 260 358 503 685 843 866 944 1077 1228 2237 2905 2908 3346 3558 4137
62 108 138 150 155 286 362 367 411 669 869 896 995 1007 1027 1520 1768 1900 1929 2031 2326 2393 2571 2606 3165 3351 3413 3732 3920
63 478 610 1397 3896
64 400 2980
65 166 664 804 1238 1797 2161 2815
66 156 173 235 245 336 541 690 693 759 777 1060 1127 1468 1594 1669 1689 1757 2140 2669 2753 2773 2844
67 180 194 436 670 957 1193 1293 1299 1366 1599 2762 3879
68 207 239 784 1497 2486 2953
69 445 1217 1529 2101 3185
70 129 168 214 369 479 697 811 874 1009 1086 1813 1893 2003 2092 2424 2728 3214 3517 4047
71 1910 1944
72 187
73 556 589 721 1918 2225 2690 3491 3679
74 103 231 1226 1484 1788 1861 3674 3946 3949 4190
75 169 407 555 795 1018 1041 1723 2078 2188
76 144 1051
77 1295
78 1120
79 99 271 789 1317 1543 1573 1931 1976 2687
80
81 392 948 2482 3969
82 292 310 933 946 1006 1310 2123 3162 4011
83 208
84 571 975 1125 1481 2065 2184 2621 3399 4021
85 1739 3909
86 289 356 482 912 1094 1367 2409 3886 4110 4113
87
88 1376 2706 2957
89 573 1157 1170 1795 2381 2463
90 120 193 256 301 1160 1277 1500 2120 3798
91 304 460 2098 2730 3616
92 391 540 605 925 947 1004 1246 1364 1637 1932 2070 2155 2368 2781 2904 3184 3294 3834 3983
93 102 249 1176 2079 2711 3564 3632
94 321 439 473 1398 1766 2068 2405 2647
95
96 441 472
97 217 218 295 297 1756 1960
98 494 539 1331 1336 1454 1596 1774 2641
99
100 123 465 628 2354 2406 2585 4104
101
102
103 1329 1340
104 636 2604 2708 3423
105 657 911 1729 2028 2142 2508 4184
106 132 210 974 1408 1607 1973 3472
107 2627 3269
108 375 794 1278 2301 2422 2447 3073 3332 3897
109 3264
110 586 1351
111 616 1053 3615
112 535 2271 2529 3912
113 139 199 266 1315 1521 1770 2104 2408 3291
114 116 1112
115 124 149 562 585 1403 1728 2402
116 228 574 806 2329 2910 3186 3662
117 160 351 879 1231 1904 2416 2635
118 1049 1424 3177
119 526 1162 1603 3441
120 130 812 920 934 1216 2290 2484 2756 3295 3820
121
122 776 788 793 970 1690 2550 3133 3233 3871
123 171 172 177 1081 1257 2231 2533 3754 4129
124 347 530 3313
125 324 491 699 2412 2656 2888 3150 3858
126 2159 4192
127
128
129 182 1269 1470 2162 2213 3129 3429 3611
130 415 531 542 716 966 1858 1983 1987 2411 2457 2747 3198
131
132 165 629 817
133 216 1052 1103 2715 3567
134 2474 2679 3374
135
136 1939 3793
137 660
138 731 906 963 1074 1211 2664 2748 2972 3956
139 361 587 1673 2278 2501 4071
140 1737
141 2562
142
143 431
144 457 524 1334 1387 2485 2527 2946
145 252 1201 1915 4197
146
147 154 1381 2235 3919
148 864 1401 3369 3696
149 2579
150 3318
151 667 686
152 943 1029 1579 1701 2276 3923
153 996 1842 2011
154 1024 1896 2840
155
156
157 264 285 315 1970 4204
158 269 769 4122
159 406 713 1799 2470
160 1422
161 225 709 1552 3540
162
163 1614
164 186 203 376 500 2019 3042 3784 3976 4042
165 547 2612 2896 3159 3411 4034 4135
166
167 3490
168 521 734 926 1297 1378 1433 2062 2100
169 631 1261 2683
170 2130
171 174 280 354 368 557 1273 1541 1647 1824 2047 2673 2758 2819 2995 3285 3828 3914
172 402 1884 1887
173
174 626 1187
175 1908 3259 3741
176 404 1287
177 620 1098 1115 1952 2001 3452
178
179 268 462 1352 1803
180 248 265 267 284 335 339 498 515 551 1022 1083 1487 1860 2427 2487 2876 3328 3460 4039
181 1762
182 3910
183 420 711 740 882 952 1119 2150 2572 2787 3066 3143 3296 3707 3997 4212
184 224 598 1404 2667
185
186 209 246 1256 2289 3087 3148 3261 3625 3643 3660
187 325 2988
188 382 575 799 1764 2096
189 1559 2614 3728 3854
190 729 1251 3356
191
192 233 601 671 739 752 1117 1199 1274 1406 1419 1475 1564 1748 1855 2214 2302 2654 2869 2990 3010 3037 3054 3266 3354 3622 3683 4103
193 627
194 1899 2253
195 509 1432
196 632 857 979 1420 1735 2488 3853
197 692 1338 2949 3645
198
199
200
201 327 853 1355 2055 2884 3592
202
203 469
204 609 732 842 1102 1462 1465 1898 3297 3654
205 443 579 847 968 1427 1649 1798 2108 3688 3930
206
207 588 630 647 757 1132 1912 2014 2261 3718 4099
208 282 385 409 459 654 2241 3111
209 219 259 816 892 997 1045 1337 1704 1833 2459 2597 2834
210 758 1730 1871 2122 2252 2500 2644
211 511 1658 2084 3657
212 875 1617 3521 3916
213
214 703 994 2801 3108
215 493 1698
216 3244 3499
217 2782
218 241 461 1709
219 822 1140 2593 3449
220
221 311 477 651 1660 2693 2948 3260 3357 3640 3710
222 991 1017 1807 2126
223 914 1302 1346 1620
224 255 1163 1431 2178 2194 2445 3478 4048
225
226 232 534 543 611 833 1392 1911 2169 2335 3027
227
228 372
229 1975 4006 4221
230 277 2549 3023 3135 3338 3519 3599
231 412 1568 2860 3172 3636
232 1328 1353 1889 4017
233 1042
234
235 1891 2471
236
237 340 387 643 695 718 763 773 893 1243 1345 1373 1471 1781 1815 1834 2269 2803 3004 3103 4074
238 448 668 712 1507 3691
239 421
240 408 1369 2186 2825 3641 3746 3982
241 244 580 785 908 1131 1300 1705 2396 3813
242 782
243 416 1342 1478 1586 2479 4095
244 250 312 717 1030 1956 2139 2259 2589 3005 3444
245 2565 2616 2824
246 424 1612
247 1745
248 890 3514
249
250 1370 2763
251 489 518 1443 1958 2129 3692
252 495 885 1971 3078 3513 4134
253
254 517 617 3156 3300 3944
255
256 319 341 418 444 688 832 2317 2525 3379 3814
257 279 499 1570 4005
258 2153
259 3176
260 791 2799
261
262
263 895
264 349 2021 2675
265 873
266
267 2853
268
269 287 1219 1907 2837 2986 3033
270 840 1282 3424 3805 4106
271 1380 2537 3598
272
273
274 2296 2410
275 2175 3075 3711
276
277 1183 4069
278 334 475 623 635 1697 2373 3284 3507 4164 4189
279 507 666 1133 1532 2574 2655 3029 4120
280 329 410 750 4143
281 639 2300 2926
282 1265 1527
283 884 1196 3678 3980
284 331 490 737 990 1734
285 343
286 1061
287 2630 3546 3795
288 649 1073 1467 3464
289 3363
290 3462 3722
291 450 1651 3068
292 2251
293 488 881
294 1773 2382
295 2166
296 322
297 338 380 1865 2784 3631
298 1829
299
300
301 681 700 830
302 753 1536 1968 4035
303
304 768 1495 2866 3595
305 430 1362 2199 2650 4174
306 2928
307 3190 3895
308 330 1143 2114 2617 2836 4089
309
310
311 396 3760
312 1071 2244
313 553 1267 1382
314
315 422 1172
316 451 486 576 725 1109 1192 1613 2193 3604
317
318 634 2552 2592
319 383 593 764 3629
320
321 549 1410 3515 3941
322 373 1275 3671
323
324 384 619 867 1446 1963 2310 2568 4218
325 2247
326
327 1105 4083
328 1357 1469
329
330 447 2066
331
332
333 389 537 552 786 1587 1641 1822 2016 3453
334
335 834
336 395 2182 2855 3421
337
338 3256
339
340 910 2394 3099 4055
341 423
342 1947
343
344
345 1818 2739
346
347 662 1808
348 2007 3528
349
350
351 1225 2418 2959
352 998 1409 1503 1508 1985 2699
353
354 727
355
356 584 1517 1662 2327 2519 2778 3903
357
358 977
359 3841
360
361 2807 3887
362
363
364
365
366 1794 1923
367 1304 2540 3883
368 452 663 3299
369 655
370 397 3448
371 425 520 982 1979
372 429 824
373 1026
374
375 1565
376 2045 2260 2717
377 807 2588
378 2080
379
380 1825 1969 2544
381 1558 2881
382 453
383
384 935
385 801 1034
386 1805
387 1372 1677 1839 2200 2388 3248 3737 4149
388 1063 2219
389 558 2255
390
391 871 2601 3605
392 2891 3130 3342 3904
393 522 1185 1309
394 446 1090 3018
395 470 536 741 779 919 986 1136 1715 1959 2010 2353 3373 3700
396 432
397 1557
398
399 603 1848
400 724 1545 2563 3542
401 4125
402 504 594 848 1149 2025 3040
403 1139 2097 2304 3358
404 1272 1589 1627 1713 1940 2435 2566 3553 3806
405 800 815 1512 2015 2878 3618 3757 3815 4165
406 440 564 583 1044 1222 2945 3404 3481 4109
407 1732
408 1685 1686 2764 3136
409 696 2665
410 2345 3014
411 480
412 1610
413 483 3262 3975
414 1546
415 1326
416 839 2542
417 930
418
419 751 1837 2163 2509 2900 3415
420 2374
421 3352
422
423
424 544 809 1530 2312 2477 3371 3663
425
426 3509
427 1436 3364 3529
428 513 538 2180
429
430 471 888 1496
431 1147
432 1062
433 1814
434 772 1631
435
436 2983
437 497 4032
438 3942
439
440 487 1111 1598 2004 2535 2917
441 1038 1152 3409
442 599 1866
443 546 1405 1602 2022 3086
444 637 678 687 1097 3231 3729
445 2023
446 607 1681 3076
447 466 958
448 4064
449 1563
450
451 1207 2506
452
453
454 481 528 868 2239 2947 3970
455
456
457 988 1078
458 506 1177 2912 3467 3482 3590 3630 4223
459 748 1928
460 1390 1955 2318
461 846 972 1560 2464 3336
462 2608
463 2620 3334
464 4209
465
466 3237 3952
467
468
469 1950
470
471 2030 2232 3634
472 715 1080 1142 1554 1780 2136
473 523 554 921 2495 2546
474 3713
475 1632
476
477 3050 3502
478 950 3568 4167
479 1942 2266 2633 3024
480 2421
481
482
483 2543
484
485 1524
486 783
487 1003 1712 2887 2941 2985 3012 3578 3647
488
489
490
491 508 2216 3140 4100
492 931
493 2017 3081 3322 3899
494 645 672 1164 1593 1645 2074 4112 4132
495 710
496
497
498 829 1897 3500
499 719 1466 2089 3249 3965
500 608 1307 3282
501 1784
502 1862 3777
503 774 1782 2265 2889 3257 3557
504 1153 1165 3416 3473
505
506 1158 2989
507 512
508 742 1188 1504
509
510 894 1550 1722 3242 3511
511 1447 3160 4038 4092
512 2892
513 525 604 1634 1875 2134 3536
514 802 1126 1206 1538 2032
515 1179 1428
516 578 3345
517
518
519 1453
520 1137 3670 3740
521
522
523
524 2258
525
526 1663
527
528 3549
529 615 659 1801 3187
530
531 1021 1854 2808
532
533
534
535
536
537 1916 2315 2943
538 778 983 1093 1178 1626 1787 1847 2372 2483 2856 3021 3311
539 640 3170
540
541 1413 1628
542
543
544
545
546 708 858 3819
547 1493 1820 2105
548
549
550 1802
551
552
553
554 747
555 845 1535 1845 3955
556 3827
557 924 1873
558
559 3766
560 915
561 1236
562 1394 1505 2714
563
564 2234 3287
565 891 2523 3113
566
567
568
569 714 1646 2305
570
571 909 1110 1348 2975
572 4146
573 1578 2783
574 923 2965
575 941 1247 1350 2263 2651 3116 3607
576 743 2809 3836
577 2685 2731
578
579
580 1846
581 765 1065 3398
582
583 2478
584 918 2295 2581
585 2309 2599
586 1070 2095 2191
587 754 3026
588 2701
589
590 1883 2460
591
592 2954 3011 4037
593
594 1190
595 1821
596 702 771 1141 1182 2924 3974
597 936 1095
598 844 2349
599 1760 1980 2927 3395
600 2168 3591
601 1995
602
603 4177
604 3272
605
606 831 1234 2923 2938
607 1528
608 1040 1221
609
610 805 973 1036 1197 1740 2587
611 648 1128 1240
612 2128
613 2350
614 2991
615
616 962 3205
617
618
619 653 2854
620
621
622 792 959 1056 1232 1301 2141 3999
623 1758
624 1437 2059 2094 2151 3530
625
626
627
628
629 2398
630
631 818 860 1171 2220
632 2281
633 1258
634 3127
635
636
637 1010 2207 2830 3293
638
639
640 905 2183
641 1584
642
643 999
644 813 2221
645 1463
646
647 1306 2027 3308
648
649 1230 3048 4003 4018
650 1174 1804 2210 3738
651
652 1202
653 827 2347
654 4181
655
656
657
658 2336
659
660 819 1260 1601 1941 2149 3954
661
662 938
663
664
665 1611 3032
666
667 3220
668 2012
669 1200
670
671
672 1313 1321
673
674 1079 4198
675 1476 1750 3071
676 856 2176
677
678
679 707 985 1123 1719 2171 2577 2902 2960 3508
680
681
682
683 1130 1402 3498
684 929
685
686
687 1592 2250 2429
688
689 1711
690
691
692
693
694 1012 1881 2056 2666
695 1458 2341 2857 3428
696 728
697 760 1853
698 2590
699 3596
700 2376
701 971 1964 2328 2798 3203
702 1417 1648 1852 1894 2443 2709 3582
703
704 897 2559 3847
705
706
707 1001 2107
708 2434
709 849
710
711 2850 3344
712 2885
713
714 932 2370 2766 3245
715 2173
716
717
718 878
719 1442
720 1008 2733 2899 3532
721
722
723 1134
724 2978
725 749 1949
726
727 1591 1936
728 781 1116 1449 4126
729 756 1477 1622 3329
730
731 1087 1091 1248 1330 1434 1696 1872 2063 2800 4211
732 3419 3794
733
734 2407
735
736 3101
737
738
739 1214 1692 3435
740 850 880 1050 2292 2702 3121
741 2081
742 744 2811
743
744
745
746
747
748
749 1145 2113 2968
750 859
751
752
753 2648
754 828 1025 1089 1319 2883 3787
755 1072 1241
756 2277 3774
757
758 2997
759
760 1456 2682
761 976
762
763 780 1058 2494
764 1522 1636
765
766
767 1491 1811 2082 2742
768
769 2325 2432 2676
770
771 3759
772 1168 2117 2238 2670 2704 4000
773 907 1016 2458 2570 2874 3225
774 917 1270 1988 2548
775 989
776
777
778
779
780 2294 3381
781 937 1796 2132 3019 3055
782 1707
783 1826
784
785 3577
786
787
788
789
790
791 1978 2192
792
793 797 1566 1836 1948 2516 3167 3928
794 2848
795 1642
796
797 1989 2118
798 1810
799
800
801
802 904 1146
803 3612
804
805
806 1118 2609 3870
807 2481
808
809 1455 2735 3402 3984
810
811 841 1262 1279 3333
812 836 863 1863 2143
813
814
815
816 3486
817
818 823 1013
819
820 3855
821
822
823
824 1014 2156 2430 3547 3755
825 3888
826 3378
827 1005 3280
828 3972
829 956
830 1518 1755
831 1714 2745 3516
832
833 1629
834 2496 3487
835 898 3763
836
837 3362 4163
838 2185
839
840 1657 1816 2158 2248 2455 3061 3533 4105
841 951 1106 1479
842
843 3134
844
845
846 1876 3090
847
848
849
850
851
852
853
854
855 1414 1488 1604 1777 3181 3576 4085
856
857
858
859
860 1096 1999
861 4160
862 2272
863 1982 2504 3833
864
865
866
867
868 1210
869 1284
870 1838 2531 2723 2754
871
872 949 981
873
874
875
876
877 1339
878 1075
879
880
881
882
883
884
885 1189 1356 2403 2768
886 1067 1322 1359 3680
887
888 1640 4031
889 3304 3627
890
891 1066 1107
892 2033
893 2918
894
895
896 1360 3863
897
898 980 1368 1585 3316
899 3222
900
901 1652 1906
902 4066
903 1691 3953
904 1531 3051 3936
905 1349 1439 3656
906 1085
907
908 1363
909 1984
910
911
912 2777 2901
913
914 2246
915 1415 3115 4195
916 1416 1480 2179
917 1695 3497 3695
918
919
920 1618 2064
921 1867 3845
922
923
924
925
926
927 1104 1547 1823 2273 2507 3041 3852
928
929
930 1513
931
932
933 939
934 1069 1184
935
936 2333
937
938 2218
939 1809 2937 3208
940 1144 2740
941 1180
942 1268 3684
943
944 2379
945
946
947 1720
948 3451 3731
949
950
951
952 2040 3197 3396
953
954
955
956 2967
957 1186 1630
958 4023
959 1015 1239 1868 2755 3278 3809
960 2099
961
962 1218 1961 2138 2710 2956
963 1208
964 1395
965 2377 2812
966
967
968 1235 4200
969
970 1375 2378 2639 2776
971 1396
972
973
974
975 1255 3927
976 3219
977
978 1028 2994
979 1323 1643
980
981 4207
982
983 1088 2389 2828 3330 3617 3917
984
985 2359
986 3106
987 1101 2583 3178
988
989 2005 3859
990
991 1633
992
993 2091
994
995 1828
996
997
998
999
1000 1665
1001 1474
1002 2769
1003
1004
1005
1006
1007
1008 1343 1890 2629 3749
1009
1010
1011 2880 3277
1012 3273 3376
1013
1014
1015
1016
1017 2189
1018 3241
1019 1229 1623 2245 4060
1020 1215 1457 1624 1741 2695 3028 3789
1021
1022
1023
1024
1025 2653
1026
1027 2018 2275 2286 3602 3807 4094
1028
1029 2658
1030
1031
1032
1033
1034 2291
1035 1605
1036
1037 3876
1038 3112
1039 1943
1040
1041 1292 2201 3327
1042 3861
1043 1489
1044 1308
1045 2170 2530
1046
1047
1048 1957 2628
1049
1050
1051 1173 1324 3360
1052 2121 2624
1053
1054
1055
1056
1057
1058 4075
1059 1511
1060 1154
1061
1062 1283 4073
1063
1064
1065 2942
1066
1067
1068 2935 3083 3921 3995
1069
1070 3998
1071 1386
1072 1664 4084
1073
1074
1075 1486 4059 4158
1076 2785 2925
1077
1078 1344 1549 1779 2209 3044 3251
1079 2303 2334
1080
1081
1082 2288
1083 3860
1084
1085
1086 1556 1615 1817 2870 3389 3675
1087
1088 1289
1089 2505
1090
1091 1606 1934 2440 2864
1092 2454
1093 2438 3001
1094 2337
1095
1096
1097 2367
1098
1099
1100 3465
1101 2914 3539 3600
1102
1103 1374
1104
1105 2351
1106 2448 4170
1107
1108
1109 1391
1110 4156
1111
1112 2268 2340 2788 3319
1113 1129 2048 3020
1114 3459
1115 2054 2233 3664
1116 1263 2649
1117
1118 1450 1678 3843
1119 1674 2069 2090 3504 3543 3667 4116
1120
1121
1122
1123 1452
1124
1125 1325 1388 3201
1126 3009
1127 1451
1128
1129
1130
1131 1699 1738 2177 2751 3058 3414 4161
1132 1708
1133
1134 1506 2561 3152
1135 1930
1136
1137
1138 3268
1139
1140
1141 2465
1142 1167
1143
1144 2364
1145
1146 3149
1147
1148
1149
1150 1288 1986 3030
1151
1152 1902 2528 3157
1153
1154 2116
1155
1156
1157
1158
1159
1160 1761 2060 3195
1161
1162 2492 3253
1163 1892
1164
1165
1166
1167 1242 3120
1168
1169 1482 2043
1170
1171
1172 1953
1173
1174 1523 2365
1175
1176 2659
1177
1178
1179 3963
1180
1181 1671
1182 3158
1183 1316 1882 2722 2797
1184 3765
1185
1186 1920 2456 2642 3281 3310
1187 4214
1188
1189 1682 1921
1190
1191
1192
1193
1194 2557
1195
1196
1197
1198 2993
1199
1200 3566 4087
1201
1202
1203 4063
1204
1205
1206
1207 1562 2584 3191 3427
1208 2419
1209 2102 2765
1210
1211 2316 3479 4014 4152
1212 3648
1213
1214 1227 3761
1215 2110
1216 1285 2536
1217 1639 2249 2313 2493 4009
1218
1219 4051
1220 2387
1221
1222
1223 1335 3126 3347 3552
1224 1459 2115 2380 2417 3146
1225
1226 1927 3221
1227
1228 3240
1229
1230
1231
1232
1233
1234
1235 2314 2849 3929
1236
1237
1238 3038 3234
1239
1240 1385 3077
1241
1242
1243
1244 3468
1245 1515 2746 3193
1246 3391
1247 1473 2556
1248
1249
1250
1251
1252 1411
1253 1383
1254
1255
1256 3458
1257
1258 2441
1259
1260 3045
1261
1262
1263
1264
1265 1569 1913 3182 3782
1266
1267 2712
1268
1269
1270
1271
1272
1273
1274
1275
1276
1277 1581 2067 2202 3105 3839 3868
1278
1279 2521
1280
1281
1282
1283
1284 2226
1285
1286 3166
1287 1901 2979
1288 2144 2964 3996
1289 2446
1290
1291 2041
1292
1293 1576 3518
1294 1444 1572 2274 2433 2829 3556 3872 4115
1295
1296
1297 1542 2390 2618
1298 2401 2452 3781
1299 2513
1300
1301
1302 3138
1303
1304 1922
1305
1306
1307
1308 1514 4058
1309 1621 4025
1310
1311
1312
1313 1675 3609
1314 3189
1315 1806
1316 3958
1317 2197
1318 1608
1319
1320 1494 1877 2342
1321 3818
1322 1919
1323 1341 2133 2936 3022
1324
1325
1326 1595 3209 3315
1327
1328
1329 3804
1330
1331 1551 1575 2124 2196
1332
1333
1334 1672
1335
1336
1337 2230 2931
1338
1339 2083 2576 3985
1340 2729 3832
1341
1342 2595 2963
1343
1344
1345 1625
1346
1347 3097
1348 3437 4173
1349 1680
1350
1351
1352
1353 1706 2236
1354
1355
1356 1571 3581
1357 1519 1670 3551
1358 1460
1359
1360
1361
1362
1363 2319
1364
1365
1366
1367
1368
1369 2532
1370
1371 3856 3877
1372
1373
1374
1375 1703 3200
1376 1441
1377
1378 2240
1379
1380 1747 2044 2863
1381
1382
1383
1384 2780
1385
1386 1461 1553 2039 2741 4091 4178
1387 1679 2187 2873 3480
1388
1389 3574 3990
1390
1391 2480
1392
1393
1394
1395
1396 3898
1397 2514
1398 1752 3770 4056
1399
1400
1401
1402 2759
1403 1909
1404 3477
1405 2195
1406 3471 3694
1407 2845 3270
1408
1409
1410 1702
1411
1412
1413 1445 1644 1874 2431 3000 3246 3699 3874 4131
1414
1415
1416
1417 1448
1418 1767
1419
1420 1588 2672
1421 2160
1422
1423
1424
1425
1426
1427
1428
1429
1430 2208
1431
1432 2872
1433
1434
1435
1436 3608
1437 1510 1914
1438 3153
1439
1440
1441 1857
1442 2049
1443
1444 1870
1445 1793 2331
1446
1447
1448 2743
1449
1450
1451
1452 3730
1453
1454
1455
1456 2106
1457 2510
1458
1459
1460 2037
1461
1462
1463 3706
1464
1465
1466
1467
1468
1469 2222 2299
1470 1574 2165 3283 3526
1471 3733
1472
1473
1474
1475
1476 3769
1477
1478
1479
1480
1481 1582 3003 3192 3492 3565
1482
1483 2793
1484
1485
1486 2816
1487
1488 3064 3433
1489
1490 1726 1869 3059
1491
1492 2339
1493 2852
1494 2698
1495 3323
1496
1497
1498
1499 2157
1500
1501 1850 2050
1502 2786
1503
1504 1653
1505
1506
1507 1590
1508
1509 3401
1510
1511 2203 2686 3096 3321 3377
1512
1513 1580 1771 1951
1514 2137
1515
1516
1517 1619
1518
1519 1967 3677
1520 2131 3006 4171
1521 2008
1522
1523
1524
1525 1888 1991
1526
1527 1981
1528
1529 1769 3145
1530 1749 2992
1531 2036
1532
1533 3862
1534 2321
1535 2522
1536
1537
1538
1539
1540
1541
1542
1543 2181
1544
1545
1546
1547
1548
1549 1885 2355 3417
1550
1551
1552 3584
1553 3392
1554 3560
1555
1556 2204 2632
1557
1558 3089
1559
1560 2591
1561 3682
1562
1563
1564 2671
1565 3538
1566
1567
1568
1569
1570 1954 2955
1571
1572
1573
1574 1727
1575
1576
1577
1578 1791 4180
1579
1580
1581
1582
1583 3228
1584
1585 2270
1586 2713 3776 4111
1587
1588
1589 2805 2950 3831
1590 1668 1765 1990
1591
1592
1593
1594
1595
1596 1683 2357
1597
1598
1599 4136
1600
1601
1602
1603
1604
1605 2111
1606 3673
1607
1608
1609 1655
1610 2551
1611 3053
1612 3821
1613 3093
1614
1615 1667
1616 3439 3717
1617 2344
1618
1619
1620
1621 1731 2375
1622 2449
1623
1624
1625 3650
1626 4150
1627
1628 1926
1629
1630
1631
1632 2661 3721
1633 2002
1634
1635
1636 1938
1637
1638
1639
1640
1641 2125
1642 2392 3368 3747
1643 3095
1644
1645
1646
1647
1648 3235 4179
1649 3320
1650 3799
1651
1652
1653
1654
1655
1656 2473
1657 1992
1658
1659
1660
1661
1662
1663 3171
1664
1665 3610
1666
1667
1668 1895
1669 3102
1670
1671
1672 1687
1673
1674 1700 3778
1675 2093
1676
1677
1678 3254
1679 3555
1680
1681
1682
1683
1684
1685 3455
1686 2691
1687 1751 3236
1688
1689 2026
1690
1691
1692 3229
1693
1694
1695
1696
1697
1698
1699
1700
1701
1702 2982
1703 3829
1704 2323 2724
1705
1706
1707 1841 3744
1708 3686
1709 3341
1710 2224 2817 2818 3238 3372
1711
1712 3734 3873
1713 1840 2061 3907
1714 2085
1715 2073 2772 4219
1716 2996
1717
1718
1719
1720
1721
1722
1723 3442 4213
1724 2426
1725
1726 3432
1727
1728
1729 3959
1730 1819 3412 3570
1731 2397
1732 2915
1733
1734 2000 2267
1735
1736
1737 2051 3971
1738 2145 3986
1739
1740
1741
1742
1743
1744 4210
1745 2307 2575 2909
1746
1747 2921
1748
1749 2573 3084
1750 2009 2119
1751 4068
1752
1753 2930 4077
1754
1755
1756
1757
1758
1759 2843
1760
1761
1762 2502 2538
1763
1764
1765
1766 2674
1767 2602 3125
1768
1769
1770
1771
1772
1773
1774
1775
1776
1777 2681
1778 2280 4176
1779 3119
1780
1781
1782
1783
1784 3447
1785 3306 3503 4182
1786
1787 3658
1788
1789
1790
1791
1792
1793
1794
1795
1796
1797
1798 2146
1799 3403
1800
1801
1802
1803 2468
1804
1805
1806
1807
1808
1809
1810
1811
1812 3751
1813 2383
1814 1844 1924
1815
1816 2795
1817
1818
1819
1820 2229
1821
1822
1823
1824
1825
1826
1827
1828 2147
1829
1830
1831
1832
1833
1834
1835
1836
1837
1838
1839 2646 2939
1840
1841
1842
1843
1844
1845 3302
1846
1847
1848 4168
1849
1850
1851
1852 2518
1853
1854
1855
1856 2636
1857
1858 3063
1859 2284
1860 2293 2716 3274
1861
1862
1863
1864
1865
1866
1867
1868
1869 3476
1870
1871
1872
1873
1874 3756
1875
1876
1877 1977
1878 3275
1879
1880 4107
1881
1882
1883
1884
1885
1886 2987
1887 2663 2789 3825
1888 2453 2744 2865 2911 3902
1889 2058 2718
1890
1891
1892
1893
1894
1895 3948
1896
1897
1898
1899
1900 2154 2425 3350
1901 1935 2071
1902
1903
1904
1905
1906
1907
1908
1909
1910
1911
1912 2205 2903
1913 2511 2541 2625 3935
1914 3085 4138
1915 4026
1916
1917 1972
1918
1919 3141
1920
1921 2282
1922 2553 2678
1923 2152
1924
1925 2077 3665
1926 2006
1927 3512
1928 2338 2814 3326
1929
1930 2895 3960
1931
1932
1933
1934 2256 4041
1935
1936
1937 3039
1938
1939
1940 2466
1941
1942
1943
1944
1945
1946
1947
1948
1949
1950
1951 2736
1952
1953 2053 2322 3431 3493 3501
1954
1955 3434 3857
1956
1957
1958 2760 3484
1959
1960
1961
1962
1963
1964 4123
1965
1966
1967
1968
1969
1970
1971
1972
1973
1974
1975
1976
1977
1978
1979
1980
1981
1982
1983
1984
1985 3155
1986
1987
1988
1989 4166
1990 3457 3792
1991
1992 3025 3469
1993
1994 4082
1995
1996 2694 2705 4201
1997
1998
1999
2000
2001
2002
2003
2004
2005 3440
2006 4172
2007 2311
2008
2009 2400 3881
2010
2011
2012
2013
2014
2015
2016 3773
2017 2832
2018 2545
2019
2020
2021
2022 3289
2023 2042
2024 2287 2558
2025 2112 2615
2026
2027
2028
2029
2030 2444
2031 2631
2032
2033 2087 2298 2308 2976 3365 4193
2034
2035 3390
2036 3420
2037
2038 2046
2039
2040 3742
2041
2042 3400
2043 3701
2044 2109 2598 3637 3811
2045 3194
2046 3210 4114
2047
2048 2689
2049
2050 3653
2051
2052
2053
2054
2055
2056 2306
2057
2058 3199
2059 2732
2060
2061
2062
2063
2064 3211 3276
2065 2920
2066 2346
2067
2068
2069
2070
2071
2072
2073 2075
2074
2075
2076
2077
2078
2079
2080
2081
2082
2083
2084
2085
2086
2087
2088
2089
2090
2091
2092
2093
2094 2613 2952 3922
2095
2096 2190
2097
2098
2099
2100
2101
2102
2103
2104 3303
2105
2106
2107
2108
2109
2110 3100
2111
2112
2113
2114
2115 3202 3485
2116 2897
2117 3139 3183
2118 2423
2119
2120
2121
2122
2123
2124
2125
2126 3900
2127
2128
2129
2130
2131 2356 3174
2132
2133
2134
2135
2136 3753
2137 2726
2138 3450
2139
2140
2141 3745
2142 4008
2143 2413
2144
2145 3279
2146 3406
2147 3808
2148
2149
2150
2151
2152
2153
2154
2155
2156
2157
2158
2159 3016
2160
2161 2932
2162 2358
2163
2164
2165
2166 2696
2167 2560
2168
2169
2170 3466
2171 2526 3301 3619
2172
2173
2174 2343
2175 3651
2176
2177
2178
2179
2180
2181
2182 3179
2183
2184
2185
2186
2187
2188
2189 3387
2190 3621
2191
2192
2193 2603
2194
2195
2196
2197 2223
2198
2199
2200
2201
2202 3901
2203
2204
2205
2206
2207
2208
2209
2210
2211 2767
2212
2213
2214 2515 3461
2215
2216
2217 2391
2218
2219
2220 2257
2221
2222 3703
2223
2224 2879
2225
2226
2227
2228
2229
2230
2231
2232 2846
2233
2234 2384 2498
2235
2236 2813
2237
2238
2239
2240
2241 2414
2242 4151
2243
2244
2245
2246
2247 3541
2248 3384
2249
2250
2251
2252
2253
2254 3094
2255
2256
2257
2258
2259
2260
2261 2839 3849
2262 3780
2263
2264
2265
2266
2267 2626 2737
2268 2469
2269
2270 2823
2271
2272
2273
2274
2275
2276
2277
2278
2279
2280
2281 4148
2282 3052 4096 4139
2283
2284
2285
2286 3263
2287
2288
2289
2290
2291 3676
2292
2293 3446
2294
2295
2296 2371
2297
2298
2299
2300
2301
2302
2303 3527
2304 3062 3817 3957 4118
2305 3638
2306 2640
2307 3894
2308
2309 2727 3666 3993 4222
2310
2311 2467 3483
2312
2313
2314
2315
2316
2317 3367
2318
2319
2320
2321 3080
2322 2974
2323
2324
2325
2326
2327 2697
2328 3797
2329 3154
2330 2838
2331
2332
2333
2334 2404 3947
2335
2336
2337 3791
2338 2841 3918
2339
2340
2341
2342 3216
2343 3307
2344
2345
2346
2347
2348
2349 2386 2451 2569 3739 3790
2350
2351
2352
2353
2354
2355
2356
2357
2358
2359
2360
2361
2362
2363
2364
2365
2366
2367
2368
2369
2370
2371
2372
2373 3772
2374
2375 2933
2376
2377
2378
2379
2380
2381
2382
2383
2384 2594 2703
2385
2386
2387
2388
2389
2390
2391
2392
2393 2934 4044
2394
2395
2396
2397
2398
2399
2400
2401
2402
2403
2404 2826
2405
2406 3752
2407
2408 2779 4010
2409 3463 3635 3966
2410
2411
2412
2413
2414
2415
2416 3247
2417
2418
2419
2420 3088 3443
2421
2422 3175 3865 4205
2423
2424
2425
2426
2427
2428
2429
2430 2442
2431 3973
2432
2433 4199
2434 3850
2435 4019
2436 3383
2437
2438
2439
2440
2441
2442
2443 3123
2444
2445
2446 3410
2447
2448
2449 3866 3967
2450
2451 3580 4088
2452
2453
2454
2455
2456
2457
2458 3878
2459
2460
2461
2462
2463
2464
2465 2981
2466 3649 3981
2467 2770
2468
2469
2470 2898
2471
2472
2473 3382
2474
2475 2867 3305
2476 2684
2477
2478
2479
2480
2481
2482 2700
2483
2484
2485
2486
2487
2488 3091
2489
2490
2491
2492 2906
2493 2534
2494 3067
2495
2496 2668
2497
2498 3015
2499
2500
2501
2502
2503
2504
2505
2506
2507
2508
2509 3933
2510 2875
2511
2512 3934
2513
2514
2515
2516
2517
2518
2519
2520
2521
2522
2523
2524
2525
2526
2527
2528
2529
2530
2531
2532
2533
2534
2535
2536
2537
2538
2539
2540 3036 3255
2541 2771
2542
2543
2544
2545
2546
2547
2548
2549
2550
2551 3355
2552 3151 4061
2553
2554 4020
2555 2757
2556
2557
2558 3204 3286
2559
2560
2561 2721
2562
2563
2564
2565
2566 3655
2567
2568 3603
2569
2570
2571
2572
2573
2574
2575
2576
2577 3397
2578
2579
2580
2581
2582
2583
2584
2585
2586
2587
2588
2589
2590
2591
2592
2593
2594
2595
2596 2958
2597
2598
2599
2600
2601
2602
2603
2604
2605 3407
2606 2951
2607 2999 3196
2608
2609
2610
2611
2612
2613
2614
2615
2616
2617
2618
2619 2719
2620
2621
2622
2623
2624
2625 4043
2626
2627
2628
2629 3884
2630
2631
2632
2633
2634
2635
2636 3366
2637
2638 4108
2639
2640 2833 2858
2641
2642
2643
2644
2645 3932
2646
2647
2648
2649
2650
2651
2652
2653 2810
2654
2655
2656
2657
2658
2659
2660
2661
2662
2663
2664
2665
2666
2667
2668
2669
2670
2671 3705
2672 3842
2673
2674
2675 4225
2676 3436
2677
2678
2679
2680
2681
2682
2683
2684
2685
2686
2687
2688
2689
2690
2691
2692
2693 2916
2694
2695
2696
2697
2698
2699
2700
2701 3243
2702 3736 4001
2703
2704
2705
2706
2707 3380
2708
2709
2710 2821 3572
2711
2712
2713
2714
2715
2716
2717
2718
2719
2720
2721
2722
2723
2724
2725
2726 3117 3122
2727
2728 3520 3785
2729
2730 3569 4054
2731
2732
2733
2734 3801
2735
2736
2737 4186
2738 3031 3098 3575 4169
2739
2740
2741
2742
2743
2744
2745
2746
2747
2748
2749 3639 3968
2750
2751
2752
2753
2754 3049
2755
2756
2757
2758
2759
2760
2761 3496 4036
2762
2763 3337
2764
2765
2766
2767 3768
2768 4053
2769
2770
2771
2772 3522
2773
2774
2775
2776
2777 3223 3531
2778 3331
2779 4159
2780
2781
2782
2783 2919
2784
2785
2786
2787 3079
2788
2789
2790
2791
2792
2793
2794
2795
2796 4015
2797 3495
2798
2799
2800
2801
2802
2803
2804
2805
2806
2807
2808
2809
2810 3525
2811
2812
2813
2814 3218
2815
2816
2817 3764
2818
2819
2820 2871
2821
2822
2823
2824
2825
2826
2827
2828
2829
2830
2831
2832 3614
2833
2834
2835
2836
2837
2838
2839 2970
2840
2841
2842
2843 3848
2844 4002
2845
2846
2847
2848
2849
2850
2851 3510
2852
2853
2854
2855
2856
2857 2859 3298
2858
2859 3168
2860
2861
2862
2863
2864 3987
2865
2866
2867
2868
2869
2870
2871 3689
2872
2873
2874
2875
2876
2877 4057
2878 4098
2879
2880 3057
2881
2882
2883
2884
2885
2886
2887
2888
2889 3017
2890
2891
2892
2893
2894 3633
2895 3408
2896
2897
2898
2899
2900
2901 3104
2902
2903 2922
2904
2905
2906
2907 3227
2908
2909 2966 3864
2910
2911
2912 3494
2913 4188
2914
2915
2916
2917
2918 3488
2919 3359
2920
2921
2922 3309
2923
2924
2925
2926
2927
2928
2929
2930
2931
2932
2933
2934
2935
2936
2937 2940
2938
2939
2940 3659 3669
2941
2942
2943
2944
2945
2946
2947 3563
2948
2949 3137 3709
2950
2951
2952 4050
2953
2954
2955 3571
2956
2957 4175
2958
2959
2960
2961
2962
2963
2964
2965
2966
2967
2968 3940
2969
2970
2971 3554
2972 3056 3180 3445 3727 3869
2973
2974
2975
2976
2977
2978
2979
2980
2981
2982
2983
2984
2985 3620
2986
2987
2988
2989
2990 3891
2991
2992
2993
2994
2995
2996
2997
2998
2999
3000
3001
3002
3003
3004
3005
3006
3007
3008
3009
3010
3011
3012
3013
3014
3015
3016
3017
3018
3019
3020
3021
3022
3023
3024
3025
3026
3027
3028
3029
3030
3031
3032
3033
3034
3035 3601
3036
3037
3038
3039
3040 3188
3041
3042
3043 3913
3044
3045 3325 4086
3046
3047
3048
3049
3050
3051
3052 3726 4022
3053
3054
3055
3056
3057
3058
3059
3060
3061
3062
3063
3064
3065
3066
3067
3068 3110
3069
3070
3071
3072
3073
3074
3075
3076
3077
3078
3079
3080
3081
3082
3083
3084
3085 4033
3086
3087 3743 4119
3088
3089
3090
3091
3092
3093
3094
3095 3561
3096
3097
3098 3124
3099 3173 3550 3994
3100
3101
3102 3594
3103
3104
3105
3106
3107
3108
3109
3110
3111
3112 4217
3113
3114
3115
3116
3117
3118
3119
3120
3121
3122
3123
3124
3125 3585
3126
3127
3128 3697
3129
3130
3131
3132
3133
3134
3135
3136
3137 3388
3138
3139
3140
3141
3142
3143
3144
3145
3146
3147
3148
3149
3150
3151 3875
3152
3153
3154
3155
3156
3157
3158 3844
3159
3160
3161
3162
3163
3164 3788
3165
3166
3167
3168
3169
3170
3171
3172
3173
3174
3175 3750
3176
3177
3178
3179
3180
3181
3182 3393 3724
3183
3184
3185
3186
3187
3188
3189 3606
3190
3191
3192
3193
3194
3195
3196
3197
3198
3199
3200 3796 4216
3201
3202
3203
3204
3205
3206
3207
3208
3209
3210 3405 3426
3211
3212 3271
3213 4097
3214
3215
3216 3386
3217
3218 3267
3219
3220
3221
3222
3223
3224
3225
3226
3227 4007
3228
3229
3230
3231
3232
3233
3234
3235
3236
3237
3238
3239
3240
3241
3242
3243
3244 3559 3597
3245
3246
3247
3248
3249
3250
3251
3252
3253
3254
3255
3256
3257
3258
3259 3885
3260
3261 3964
3262
3263
3264
3265 3758
3266
3267 3786 4187
3268
3269 3288
3270
3271
3272
3273
3274
3275
3276
3277
3278
3279
3280
3281
3282 4203
3283
3284
3285
3286
3287 3545
3288 4162
3289
3290
3291
3292
3293
3294
3295
3296
3297
3298
3299
3300
3301
3302
3303
3304
3305
3306
3307
3308 3704
3309
3310 3687
3311 3661 3735
3312
3313
3314
3315
3316
3317
3318
3319 4117
3320
3321 4013
3322
3323
3324
3325
3326
3327
3328
3329
3330
3331
3332
3333
3334 3489
3335
3336
3337
3338
3339
3340
3341
3342
3343
3344
3345
3346
3347
3348
3349
3350 3802
3351
3352
3353
3354
3355
3356
3357
3358
3359
3360
3361
3362
3363 3587
3364
3365 4191
3366
3367
3368
3369
3370
3371
3372
3373
3374
3375
3376 3589
3377
3378 3422 4215
3379
3380
3381
3382 3840
3383 3822
3384
3385
3386
3387
3388
3389
3390
3391 3867 3945
3392
3393
3394
3395
3396
3397
3398
3399
3400
3401
3402
3403
3404
3405
3406
3407
3408
3409
3410
3411 3720
3412
3413
3414
3415 3579 3991
3416
3417
3418
3419
3420
3421
3422
3423
3424
3425
3426
3427
3428
3429 3714
3430
3431 4065
3432
3433
3434
3435
3436
3437
3438
3439
3440
3441
3442
3443
3444
3445
3446
3447
3448
3449
3450
3451
3452
3453
3454
3455
3456
3457
3458
3459
3460
3461
3462
3463
3464
3465
3466
3467
3468
3469
3470
3471
3472
3473
3474
3475
3476
3477
3478
3479 3779
3480
3481
3482
3483
3484
3485
3486
3487
3488
3489
3490
3491
3492
3493 3708
3494
3495
3496
3497
3498
3499 3890
3500
3501
3502
3503
3504
3505
3506
3507 3892
3508
3509
3510
3511 3767
3512
3513
3514 3652
3515 3988
3516
3517
3518
3519
3520
3521
3522
3523
3524
3525
3526
3527
3528
3529
3530
3531
3532
3533 3893
3534
3535
3536
3537
3538
3539
3540
3541
3542
3543 4185
3544
3545
3546
3547
3548
3549
3550
3551
3552
3553
3554
3555 4090
3556
3557
3558
3559
3560
3561
3562
3563
3564
3565
3566
3567 4027
3568 3698
3569
3570
3571
3572
3573
3574
3575
3576
3577
3578
3579
3580
3581
3582 3715
3583
3584
3585
3586
3587
3588
3589
3590
3591
3592
3593 3915
3594
3595
3596
3597
3598 3628
3599
3600
3601
3602
3603
3604
3605
3606
3607
3608
3609
3610
3611
3612
3613
3614
3615
3616
3617
3618
3619
3620
3621 3905
3622
3623
3624
3625
3626
3627 4024
3628
3629
3630
3631
3632
3633
3634
3635
3636
3637
3638
3639
3640
3641
3642
3643
3644
3645
3646 3835
3647
3648
3649
3650
3651
3652
3653
3654
3655
3656
3657
3658
3659
3660
3661
3662
3663
3664
3665
3666
3667
3668
3669
3670
3671
3672
3673
3674
3675
3676
3677
3678
3679
3680
3681
3682
3683
3684
3685 3951
3686
3687
3688
3689
3690
3691
3692
3693
3694
3695
3696
3697
3698
3699
3700
3701
3702
3703 3725
3704
3705
3706
3707
3708
3709
3710
3711 3812
3712
3713
3714
3715
3716
3717
3718
3719
3720
3721
3722
3723
3724
3725
3726
3727
3728
3729
3730
3731
3732
3733 3924
3734
3735
3736
3737
3738
3739
3740
3741
3742
3743
3744
3745
3746
3747
3748
3749
3750
3751
3752
3753
3754
3755
3756
3757
3758
3759
3760
3761
3762
3763
3764
3765 3810
3766
3767
3768
3769
3770
3771
3772
3773
3774
3775
3776
3777
3778
3779
3780
3781
3782
3783
3784
3785
3786
3787
3788
3789
3790
3791
3792
3793
3794
3795
3796
3797
3798
3799
3800
3801
3802
3803
3804
3805
3806
3807
3808
3809
3810
3811
3812
3813
3814
3815
3816
3817
3818
3819
3820
3821
3822
3823
3824
3825
3826
3827
3828
3829
3830
3831
3832
3833
3834
3835 3938
3836
3837
3838
3839
3840 4030 4102
3841
3842
3843
3844
3845
3846
3847
3848
3849
3850
3851
3852
3853
3854
3855
3856
3857
3858
3859
3860
3861
3862
3863
3864
3865
3866
3867
3868
3869
3870
3871
3872
3873
3874
3875
3876
3877
3878
3879 3937
3880
3881
3882
3883
3884
3885
3886
3887
3888
3889
3890
3891
3892
3893
3894
3895 4202
3896
3897
3898
3899
3900
3901 4101
3902
3903
3904
3905
3906
3907
3908
3909
3910
3911
3912
3913
3914
3915
3916
3917
3918 4154
3919
3920
3921
3922
3923
3924
3925
3926
3927
3928
3929 3939
3930
3931
3932
3933
3934
3935
3936 4147
3937
3938
3939
3940
3941
3942
3943
3944
3945
3946
3947
3948
3949
3950
3951
3952
3953
3954
3955
3956
3957
3958
3959
3960
3961
3962
3963 4153
3964
3965
3966 4130
3967
3968
3969
3970
3971
3972
3973
3974
3975
3976
3977
3978
3979
3980
3981
3982
3983
3984
3985
3986
3987
3988
3989
3990
3991
3992
3993
3994 4144
3995
3996
3997
3998
3999
4000
4001
4002
4003
4004
4005
4006
4007
4008
4009
4010
4011
4012
4013
4014
4015
4016
4017
4018
4019
4020
4021
4022
4023
4024
4025
4026
4027
4028
4029
4030
4031
4032
4033
4034
4035
4036
4037
4038
4039
4040
4041
4042
4043
4044
4045
4046
4047
4048
4049
4050
4051
4052
4053
4054
4055
4056
4057
4058
4059
4060
4061
4062
4063
4064 4078
4065
4066
4067
4068
4069
4070 4224
4071
4072
4073
4074
4075
4076
4077
4078
4079
4080
4081
4082
4083
4084
4085
4086
4087
4088
4089
4090
4091
4092
4093
4094
4095
4096
4097
4098
4099
4100
4101
4102
4103
4104
4105
4106
4107
4108
4109
4110
4111
4112
4113
4114
4115
4116
4117
4118
4119
4120
4121
4122
4123
4124
4125
4126
4127
4128
4129
4130
4131
4132
4133
4134
4135
4136
4137
4138
4139
4140
4141
4142
4143
4144
4145
4146
4147
4148
4149
4150
4151
4152
4153
4154
4155
4156
4157
4158
4159
4160
4161
4162
4163
4164
4165
4166
4167
4168
4169
4170
4171
4172
4173
4174
4175
4176
4177
4178
4179
4180
4181
4182
4183
4184
4185
4186
4187
4188
4189
4190
4191
4192
4193
4194
4195
4196
4197
4198
4199
4200
4201
4202
4203
4204
4205
4206
4207
4208
4209
4210
4211
4212
4213
4214
4215
4216
4217
4218
4219
4220
4221
4222
4223
4224
4225
