#/opt/homebrew/Caskroom/miniconda/base/envs/hack25/lib/python3.12/site-packages/ipykernel_launcher.py --f=/Users/jpinney/Library/Jupyter/runtime/kernel-v352576b36ed274793969b57d69d8306c9df606370.json
# GMT Sun Jul 20 12:27:20 2025
# 
0 1 2 5 6 10 14 24 50 52 77 97 121 136 146 149 156 161 179 188 288 306 334 392 411 713 834 861 884 894 1043 1070 1430 1503 1560 1564 1617 1702 1765 1871 1988 2171 2234 2326 2434 2447 2480 2598 2681 2734 2968 3002 3303 3582 3796 3807 3851 3882 3936 4564 4847 4864
1 202 285 292 335 343 380 394 464 483 495 653 829 974 995 1250 2855 3396 3581 3652 3833 4178 4243 4654 4755 4826
2 3 18 27 41 53 60 62 104 123 227 230 291 305 531 557 611 778 830 902 916 922 1200 1226 1281 1335 1392 1618 1645 1661 1971 2096 2551 2649 2715 2721 2784 2935 2980 3129 3235 3457 3855 4261 4420 4699 4882 4934
3 4 7 8 13 28 101 189 365 378 390 435 620 769 1033 1073 1121 1149 1157 1334 1386 1656 2678 2703 2923 3223 3231 4004 4376 4468 4474 4788
4 11 12 26 31 42 74 85 103 115 118 186 224 225 263 278 322 372 441 488 576 579 594 676 708 729 741 785 849 928 933 985 991 1029 1059 1085 1124 1178 1221 1339 1409 1444 1479 1640 1755 1864 1977 2023 2029 2054 2087 2281 2352 2618 2689 2750 2781 2805 3233 3434 3884 3943 4139 4309 4313 4349 4381 4425 4438 4493 4943
5 709 1599 1893 4532
6 80 198 254 664 784 1051 1487 4681
7 9 207 289 476 647 740 773 1406 2266 2600 2647 3310 4042
8 318
9 15 148 241 341 355 566 640 840 1642 3707 4040 4509
10 43 55 131 172 324 520 537 597 892 1009 1081 1417 1462 1583 1825 1882 2483 2804 2967 3115 3230 3268 3543 4019 4298
11 4659
12 21 39 45 73 76 98 107 120 141 168 170 229 260 283 368 407 468 474 485 546 603 641 656 732 803 835 879 1077 1228 1361 1381 1467 1504 1542 1747 1854 1855 1906 1956 2067 2641 2650 2720 2943 3202 3862 4047 4110 4394 4483 4569 4676 4744 4765 4880
13 38 129 197 246 443 509 726 1330 1380 1382 1480 1587 2092 2180 2275 2364 2425 2646 2951 3839
14
15 16 17 19 20 22 25 32 46 58 70 86 112 113 154 159 160 165 217 233 240 252 284 313 340 356 395 425 433 437 454 486 565 584 626 633 638 644 649 752 823 833 862 924 934 952 1040 1057 1065 1072 1088 1105 1132 1205 1212 1243 1347 1359 1379 1438 1493 1605 1866 1898 1930 1991 2042 2194 2218 2235 2300 2312 2323 2432 2458 2546 2682 2808 2831 3056 3112 3122 3330 3463 3614 3637 3686 3752 4115 4176 4329 4335 4346 4350 4374 4527 4531 4546 4568 4574 4694 4711 4722 4751 4772 4782 4876 4886
16 29 30 40 64 83 87 127 143 203 210 276 286 290 353 517 559 631 685 706 774 946 992 1185 1442 1615 1704 1758 1998 2178 2247 2264 3108 3222 3352 3505 3536 3709 3795
17 33 36 48 67 90 102 142 166 300 336 689 816 882 955 1037 1182 1280 1312 1402 1436 1535 1918 1936 1958 1992 1995 2030 2047 2055 2248 2531 2607 2651 2819 2838 2904 3192 3272 3386 3449 3514 3538 4109 4726
18 54 1209 1738 1811 4732 4918
19 56 61 134 171 175 251 609 703 712 720 1134 1169 1411 1553 2309 3579 3878 4161 4247 4484 4545 4916
20 23 119 256 481 580 768 838 1002 1027 1241 1374 1600 1635 2102 2115 2220 2673 2885 3016 3282 3372 3666 3740
21 158 169 280 965 2396 3483 4418 4529 4602 4721
22 35 72 153 439 582 1461 1590 1815 1833 2069 2381 2522 3062 3099 3408 4064 4306 4907
23 1076 1468
24 66 625 670 744 915 1591 1769 1917 2176 2506 3058 3133 3147 4812
25 78 99 110 929 1987 2510
26 130 304 1551 1846 2242 3762 3782 4492 4739
27 384 1278
28 34 37 47 59 117 138 184 195 212 247 301 371 465 469 472 529 560 698 963 1060 1282 1348 1534 1694 1732 2080 2129 2181 2505 2507 2581 2639 2897 4478 4490 4860
29 140 248 345 564 606 810 1603 1740 1868 2629 2684 3013 3150 3968 4486
30 804 1657 2267 3763 3861
31 132 177 178 484 734 760 1570 3204 3823 4029 4422 4800
32
33 93
34 63 111 590 686 715 1119 1336 1555 1637 1885 1985 2208 2842 3476 3956 4244 4563
35 2952
36 44 133 362 414 586 1277 1317 2209 2749 2881 3247 3306 4214
37 65 493 498 2260 2357 2612 3024
38 479 3004 4672
39 222 271 841 2065 2076 2293 3264 3616
40 746 791 2554
41 49 84 95 235 303 325 381 499 817 828 887 1160 1568 1588 1721 1926 2237 2240 2378 2411 2758 2928 3298 3357 3548 3691 3869 3972 3990 4868
42 51 199 204 220 239 259 328 338 350 389 404 446 694 736 843 907 925 1034 1114 1183 1757 1835 2227 2541 2572 2700 3339 3465 3551 3791 4166 4461 4633
43 94
44 187 1145 2580
45
46 57 88 244 253 293 545 563 666 832 945 986 1015 1049 1211 1342 1407 1470 1550 1631 1713 1890 1910 1944 2238 2245 2256 2611 3227 3472 3683 4171 4258 4626 4849
47 135 196 364 366 406 477 621 725 762 962 1041 1190 1258 1423 1443 1533 1836 1946 2370 2472 2854 3355 3789 4122 4508 4763
48 96 145 273 409 421 702 940 1047 1171 1297 1320 1772 1850 1899 2481 2492 2902 2903 3319 3730 4043 4264 4745
49 68 3824 4294 4677
50 797 1232 2270 3276 4648 4685 4758
51 201 237 287 619 957 2563 2591 2865 3044 3401 3447 3679 3982 4364 4379
52 71 215 2356 2812 3506
53 79 81 174 176 214 234 270 294 298 508 548 574 628 630 651 654 911 975 988 1078 1683 1686 1809 2112 2145 2324 2368 2628 3255 3322 3326 3361 3471 3738 4383 4651 4792 4838
54
55 116 126 139 332 505 552 948 1092 1314 1520 2189 2579 3475 3866 4257 4402 4594 4652
56 1558 1676 2137 2271 3048 4140
57 528 3069 4673
58 100 106 128 150 297 577 772 825 869 1242 2514 3295 3379 3699 4773
59 859 1019
60 1466 2173 2175 4576
61
62 114 122 193 595 764 847 1368 1393 1499 1693 1867 1963 2340 3277 3682 3935
63 218 427 730 1540 2127 2782 2978 3007 3033 3377 3499
64
65 185 722 1310 1355 3388
66 192 255 268 327 447 514 539 682 1162 1687 2039 2961 4010 4133 4153 4789 4924
67 3592 4929
68 69 75 262 279 337 466 837 918 1516 1597 1724 1798 1840 1938 1957 2021 2177 2202 2463 2602 2882 2938 3494 4017
69
70 200 361 386 758 781 1186 1272 1299 1422 1446 1458 1511 1653 1748 1770 1969 2163 2595 2877 4705
71
72 137 155 274 801 2800 3603 3705 4354 4622
73 1304 1530 1731 2949 3969
74 157 275 354 660 815 3871 3953 4620 4846
75
76 82 89 91 147 151 231 257 1048 1180 1256 1269 1902 2032 2512 2631 2775 2922 3039 3405 3527 3812 3848 3913 4049 4501
77
78 219 269 316 1522 3565 4940
79 1022 1806
80 302 581 1566 1718 1869 2643 2883 3118 4833
81 92 190 438 524 613 629 1161 1220 1291 1350 1370 1433 1492 1953 2109 2229 2329 2341 2372 3452 3468 3612 3783 4196 4345 4769
82 124 282 357 616 727 1167 1497 2997 3064 3509 4424
83 109 182 183 267 467 480 501 538 634 718 998 1498 1507 1793 2414 3224 3773 4220 4658
84
85 164 1937 4296 4392
86 331 1042 1197 1279 1688 1845 2465 2610 3148 3655 3853 3885 4734
87 344 358 665 1678 1744 3128
88 1189 1611
89 370
90
91 506 856 1158 2418 2813
92 578 1319 1394 2198 3239
93 415 1861 2726
94 482 2344 3619 4429
95 900 1557 4210
96 125 162 173 532 652 684 1116 1216 1236 1862 2442 2455 4057 4278 4549
97 105 108 144 216 348 573 623 624 662 761 792 1100 1271 1383 1788 1911 2016 2123 2284 2311 2380 2404 2423 2440 2469 3074 3338 3986 4086 4194 4202 4495 4623 4821 4890
98
99 614 3084
100 515 1206 2737 3400 3981
101
102
103 1575
104 3283 3547
105 519 2711 4120
106 1935 4930
107 410 496 2051 3178
108 3041 4610
109 1780
110
111 375 549 675 757 1150 1648 2212 3065 3806 4051 4292 4557
112 463 852 999 1720 1794 1852 2219
113 228 1709 2701 4149
114 3821
115 2070 2790
116 1483 1913 2735 3650
117 360 1153 2869
118 848 3892
119 534 867 1201 1756 4799
120
121
122 236 1425
123 167 277 1003 3134
124 1496 2584 3001
125 349 503 572 888 1025 1528 2289 3193 3525 3754 4587
126 181 2349 2568 4129 4387
127
128 763 1412 2402 3107 4712
129 213 265 4089 4117
130 2374
131 1723 3373
132 1066 2236 2658 2740 3059 4305
133 311 1473 1920 2824 3269 3716
134 635
135 1345 2823 3321 3918
136 1664 3724
137 266
138
139 643 845 3144 4183 4440
140 315 1964
141 180 909 1506 2222 3864
142 152 238 367 379 910 1118 1838 1966 2141 4503 4893 4910
143 1929 2027 2614
144 191 1101 2668
145 330 403 745 1309 1999
146
147 382 408 776 2007
148 323 346 373 431 790 1089 1521 1580 1629 2462 3735 4135 4447
149
150 2615
151
152 770 2635
153 571 796 1098 1244 1876 2009 2421 4116
154 209 250 307 705 717 857 1199 3274 3713
155 163 333 359 383 522 558 599 1229 1773 2183 3382
156
157 813
158 308 401 593 866 1791 3098 3703
159 878
160 812 1052 1265 2330 2525 2927
161 393 789 885 906 2406 4783 4873
162 320 440 873 2091 2478 3309 4164 4355
163 1887
164 211 329 420 673 1231 2064 2767 2773 4325
165 309 363 516 1323 1921 2709 2875 4352 4704
166 1095 1296 1606 3071 4291 4830
167 605 777 1288 1457 4206
168
169 312 351 617 668 858 919 956 1951 2437 2772 3116 3708 3915 4104
170 2913 3977
171 194 500 1371 1477 1714 1784
172
173 223 820
174
175 941 2298 4863
176 541 1626 3667
177 402 968 1418 2626
178 585 1889 2024 3635
179
180 692 3009
181 243 1786
182
183 1814 4062
184 429 1519 2916
185 602 738 799 1318 1579 1620 2223 2428 2752 3197
186
187 3523
188 295
189
190 221 369 589 4581
191 507 680 767 1138 1524 1650 1810 1851 2424
192 646 1267 1416 1593 2125 2728 3478 3560
193
194
195
196 523
197
198 208 232 347 462 826 2627 4688
199 206 671 1842 2645
200 3398 3671 4624
201 205 245 872 1044 1774 1783 1870 1928
202 1083 1398 2101 4670 4778
203 2111 3546 3600 4405
204 1146 1832
205 452
206
207 242 451 806 854 1666 2361 2588 3249 4182 4217
208 1264 3992
209 314 870 1651 3135
210 299 798 1038 3187 4200
211
212 1662
213
214
215
216 615 657 1947 3587 3663 3723 4082 4570
217 310 397 1093 1123 1247 1712 1743 2656 2763 2856 3331 3811 4746
218 1188 2431 3232
219 264 753
220 697 2571 2730 3407 3698
221 3206
222 2996
223
224 326 391 1196 1960
225 226 1785 3160 3199
226 400 497 530 1612 3940 4369
227 855 1354 2542 3328 3374
228 1011 2509 3287
229
230 1750 1908 2273 3674
231
232 819 1283 2282 2779 3574
233
234
235 1253
236 1426 2798 4370
237 428 1360
238 821 1459 2652 2666 2958 3563 3624
239 412 1484 2006 2528 3964
240 281 504 927 2409 3402 4571
241 321 1110 2399 4281
242 1055 3790 4091
243
244 296 2200
245 319 1135 1227 2099 2648 2889
246
247 342 2706 2797 3625 3758
248 249 272 905 1030 1268 2832 3389 3418 3566 3604 3757 3983 4113 4393 4469 4534 4843 4944
249
250 422 550 588 800 923 1159 1451 2925 3015 3765 4669 4743
251 567 610 1062 1109 1337 1554 1745 2049 2272 2688 3028 3348
252
253 388 735 1972 2515 2617 3019 4358
254 261 399 424 436 490 494 607 658 844 1255 1601 2243 2313 2473 2552 2727 2960 3003 3138 3342 3488 4018 4476
255 487 2241 2518 3256 4756
256 258 430 1324 4858
257 754 1410 1965 2088 2826 3435 3642 4719
258 3507
259 405 959 3552 3664 4078 4300 4442
260 1172 1672 2149 2578
261 459 1884 2261 4427
262
263 865 1170 4151
264 3094 4667
265
266 1405 3874
267 1254 2097 3184 3257 4701
268 699 969 1050 1639 1706 2527 2986 3075 3092 4802
269 442 1251 3662 4239 4585 4839
270 555 4077
271
272
273 570 721 1673 1912 2002 2467 2653 3369 3829 4403 4896
274 674 850 1136
275 432 512 592 779 1090 1321 1703 2982 3409 4148 4417
276 935 1698
277
278 608 710 1168 1807 2900 3167
279
280
281 1295
282 1659 2031 2299 3420 3921
283 950 1746 3805
284 2081
285
286 600 636 637 696 896 942 1103 1148 1589 1594 2011 2083 2255 2348 2413 2439 2497 2543 3123 3755 4332
287
288 4101
289 4736
290 1301 1326 1340 1727 1954 2388 3958
291 553 2731 3611
292 583 1097 1333 1376 2206 2601
293 317 445 604 982 2224 2934 3025 3119 3568 4494
294 456 1596 2199 2390 2696
295 385 1303 1385 4419
296 434 513 542 687 1179 1808 1978 2161 2228 3544 3695
297 511 3375 4530
298
299 398 413 1075 2433 3010 3248 4282
300 2970
301
302
303
304
305 1455 1474 1742 2714
306 1715 2371
307
308 3083 4041 4439 4664
309
310 1292 1544 3971
311
312
313 2058 3554
314
315 3093
316 4203
317
318 2118 2789
319 1636 2896
320
321 418 533 1067 4357
322 1538
323
324 3252
325 1955 2511 2751
326 4310 4618
327
328
329 4554
330 457 939 3111 4470
331 707
332 1901
333
334 691
335 377 591 921 1165 2259 4094
336
337
338 339 786 1045 1828 3627
339 387 419 536 678 904 926 1008 1979 2044 4323 4399 4538 4729 4741
340 782 783 953 1349 2156 2858 4156
341
342
343 374 526 704 3455
344 376 596 961 2392 4489
345 4204
346 352 396 416 551 719 739 1249 1419 1613 1623 2759 2926 4479
347 917 2836 3725
348
349 601 3786
350 492 502 932 2342 2879 4198 4280
351 903 1512 1692 1733 2574
352 1822 4856
353
354 3068 3263
355
356 562 1013 1494 1616 3362 4046
357
358 648
359 471 716 1141 2887 3215
360 700 728 1036 1294 2474 3844 4433 4472 4680
361 556 1021 1329 2748 2929
362 639 672 1576 3433 4566
363 808
364
365 460 1208 1363 3715 4002 4413
366
367 2103 4819
368 642 677 1046 2835 3654 3813 4467
369
370 417 976 1465 3005 3834 4052
371 891 1391 1675 3050 4223
372
373 1449 1674
374 695
375 851 3857
376 723 864 2453 2908
377
378 455 1099 1364 2158 2287 3091 3177 3186 3553 3741 4159 4724 4813 4875
379
380 914 1087 1684 3139
381 663 793 931 1968 3030 4248
382 1790 1844 1873 3262 4141
383 1569
384 527
385 489 2063
386 2625 2891
387 1428 4488
388 1155 2169 2350
389 1476 3302 3736
390 2160 4832
391
392
393 908 2046
394
395 2654 4627
396 450 1517 1598 1722 1830 2098 3830 4023 4071 4774
397 535
398 426 836 1194 1388 1800 2864 3008 4894
399 4269
400 1187 2861 2905
401 937 1104 1847 1894
402 444 683 2148 3957 4044 4163
403 846 970 1346 1548 1647 1705 1812 1952 2761 2787 4337
404 1628 4108 4805
405 661 724 1154 4635
406 1813
407 1708 2708 2821 4454
408
409 890 897 1026 3095 3469
410
411
412 3329
413
414 1298
415 423 794 972 1614 1904 1994 2078 2232 2386 2911 4315
416 449 461 547 805 1734 2122 3090 3656 3902 4434
417 1315 3588
418 1112 1796
419 827 871 1729
420
421 1453 1716
422 448 980 1501 2992
423
424 1287 3443 4631 4917
425
426 2633
427 3012
428 458 475 518 632 876 901 1222 1366 1630 2729 2912 3070 3413 3751 3826 4124 4523
429
430
431
432 1909 4012
433
434 470 612 2121 4058
435 759 775 1082 3301
436 1306 2847
437
438 2276 4303 4525 4650
439 1063 2079 2946 3613
440 1669 1771 3279
441 1556 2479
442 575 587 2774 3214 4645 4807
443 913 1117 1358 2165
444 1768
445 881 2493 2583 2872
446 525 842 2333 2362 2780 3622
447 2736 3933
448 491 598 860 1006 2093 2516 4090
449 2570 2765 3595 3868 4367 4577 4921
450 568 1567 3314 3528 4143 4297 4691
451 453 543 569 618 655 667 811 1000 1017 1094 1397 1584 1621 1779 2677 2971 3017 4088 4136 4167 4776 4923
452
453
454 3229 3312
455 1058
456 1701 2307 4218
457 984 1404 2172 3034 3556
458
459
460 473 478 1726 2484 3618
461 1012 1069 1107 2501 4480 4655
462
463 1259
464 1582 1643 4351
465 554 1252 1332 3145 3426 4452
466
467 749 814 877 1152 1766 2296 3697 3914
468 669 839 996 1736 2360 2723 2757 3183 3228 4898
469
470 2308
471
472
473
474
475 2294 2401 3368
476
477 2660
478 1886 2034 4092
479
480 748
481 2159 3403
482 510 766 2417
483
484 521 2833 3195 4919
485 938 3701
486 809 2661 2894
487 3684
488
489 659
490
491
492
493 2906
494 1907 2441 2555
495
496 679 899 1203 3185 3744 4233 4271
497 622 714 2576
498 3207 3360
499 788 3792
500 1565 2603 2710 4075 4770
501 690 1677 1752 1993 3246 3384
502
503 755 780 967 2253 2355 3327 4267
504
505 540 831 886 3746
506 1061
507 751 964 1053 1526 2346 4118 4526
508 880 1129 1237 1541
509 756 1607 2164 3157 4661
510 2834 4426 4899
511 1395 2557 2888
512
513 947
514
515
516 544 930 1343 1377 1681 1984 2471 2599 3143 4909
517
518 1308
519
520
521 2391 2477 3085
522 1644 1897 2739 2920 3454 4045 4275 4828
523
524
525 645 701 2426
526 983 1056 2376
527 688 765 971 3346 3785 3815
528
529 750 1903 2449 3659
530
531 4079
532 627 1471 2394 3631
533
534 1096 2140 2955 4259 4515
535 2624 3168
536
537 737 1482 1834
538
539 4852
540 863 978 3608
541 733 1375
542
543 650 1137 1697 2459 3131 3911 4188 4240 4475 4660
544 1307 2756 3155
545
546 1275 1853 1875 4621
547 1273 3014 3253 3681 3894 4222
548 1719
549
550 2810 3549 4053 4437
551 1390 1552 2124 2214 3323 3577 4473
552
553
554 693 1821 3336
555 1039 1826
556 561 1004 1749 2321 2559 2965 3036 3286 3504 3693
557 4165
558 4448
559
560 1328
561
562 1695
563 3220 3779
564
565 979 3440
566 4245
567 1064 1941 2207 4316
568 2305
569
570 2104 2151
571 1261
572 1202 2211 4230
573
574 2250 2475
575 1108
576 4061
577
578
579 1440 1660 2317 2328
580
581 2941 3710
582
583 3254 4942
584
585 3897
586 4485
587 2095
588 2482
589 1130 1356 1707 4632
590 731 4377
591 3063 3772
592
593 1177 1286 1316 3161
594 2989 3304
595
596
597
598 1982
599 2041 4567 4851
600 3493
601
602
603
604 997 1010 1543
605 977 1914 4790
606 743 2993
607 802 898 1035 1230 1427 1691 3315 4412 4415
608 868 2213 3080
609
610 960 1311 1387
611
612 711 4556
613 1878 2910 3318 3801
614
615 1741 3704 3787 4145 4362
616 1789 2419
617 1447
618 990 2606
619
620 1293 1997
621
622 2791 3428 3976
623 4372
624
625 2263 3605
626
627
628 1627 2136
629 2679 3615
630
631 2193 2416 3051 4114
632
633 1574 2015
634 1143 1980 2379 3517 4459
635 895 1274
636 1671
637 949 1120 1238 2519
638 742 1622 1689 2942 3021
639
640
641 787 2135 2675 4132
642
643 1401
644
645 2669
646 2496 3431 3734
647 1284 1967 4070
648
649 2187
650 1817 4514 4540
651 2849
652 973 1164 1562 3102 3124 3456 3629
653 1245 1820 2429
654
655 771 1891 2694
656 2609
657
658
659
660 1739 3290 4702
661 2304
662
663 2499
664 1122 4665
665
666 1500 1619 1974
667 1827 2288
668
669
670 2258 2530 3573 4663 4683 4718
671
672 681 1344 1460 4347
673
674 1940 2188 2695
675 1071
676 954 1020 2060 3027 4388
677
678
679 1961
680
681
682
683
684 1424 2085
685
686 2933
687
688 1735 4859
689 1156 1351 2489 3096 3598 3908 4561
690 1276 4408 4414
691 824 1131 2216 2383 2948 3179 3927
692 1217 2747 4684
693 1005
694 2113 2226 3049 3370 3484 3784
695 1753 4512
696 920 936 2590
697 2621
698 2332 3072 3477
699
700 1080 1125 1257 2924 3421 3524 3852
701 3445
702 943 1195 1895 2265 2451 2502 2818 3768 3847 3889 4081
703
704 1634 2566 3076
705
706
707
708
709 3743
710
711 989
712 807 4000
713
714 1843
715 1219 1559 2320 4518
716
717 747 994 1338
718 1086 1313 1805 2147 3931 3987 4189 4906
719
720 1018
721 1147 1572 2642 3502 4449
722 3333 4823
723 1652
724
725 1420 1439 3412
726 3487 3998
727 1782
728 853 2754
729
730 1023 1113 1602 1797
731 1084 2795 4404
732
733 795 3077
734
735 822 1378
736
737
738 1204 1624 3673 3770 4375
739
740 1142 2866 3141 4596
741
742 1144 1215 4150
743 875
744
745
746 1290 4170 4450
747
748 993
749
750
751
752 2022 4386
753 1031
754 4926
755 1581 4482
756 1166 1537 1663
757 883
758
759
760 893 2050 2517 2547 2741 3410 4605 4768
761 1028
762 1927
763 3156 4162
764
765 2008
766
767
768 2192
769
770 3067
771 3113 4432
772
773 987
774 2746 3950
775 1213
776 2170
777
778 1091 3087 3275
779 958 1007
780 3496
781 2075 4324
782
783 4457
784
785 1266 1514 3200 3380
786 1223 4507
787 1877
788 4611
789 3920 4022
790 1234 4764
791 3414 4516
792 1106 1849 1900 2549 2593 3729 4226 4866
793 1408 4172
794 2375
795 1680 4363
796
797 2713 3430 3818
798 1396 3172 3515
799
800 889
801 4810
802
803 2077 3261 3278 3995 4767
804
805 2004 2338 2828 3351 4106
806
807 818 1367 1760 2585
808 981 2268 3949 4080 4221
809 3057
810 3719 4725
811 874 2874
812 1950 2012 2363 2460 2878 2940 4302
813
814
815
816
817
818 1934
819
820 2162 3742
821 1949
822
823
824 1372 1413 3451
825 3032
826 2724
827
828 1140 4463
829 912 1824
830 1192
831
832 2292
833 966 2254
834 4524
835 3828
836 1175 3898
837
838
839 2048
840 3831
841 4706
842 3676
843
844
845
846
847 3901
848 2167
849
850
851
852 1014 1539 2521 4192
853 1225 2269 2456 4254
854 1068 2089 3467
855 951 3948
856 1357 4720
857 1549 2488 2844
858 3638
859
860 1331 2139 2252 2620 4455
861 1463 4098 4266
862
863
864 1527 3142
865 2354
866
867 1762 3503
868
869 1654
870 1198 3593 4536
871 2010 3334
872 4207
873 944 3130 4076
874
875 3798
876
877 2035 2605 3808
878
879
880
881
882
883 1776
884
885
886 2014 3341
887
888
889 1823 2334
890 1210 1421 1481 1486 2953 3417 4033
891 2144 2995 3881
892 1115 1163 2573 3154
893 4334
894
895
896 2132 3354
897 2898 3865
898
899
900 1235 2707 4666
901 3919 4912
902 2302
903 2870
904 1414 2182 2718 2972
905 2280 3462
906
907 2959
908 2061
909
910 1649 4087
911
912 2090
913 1490 1700 2131 2283 3194 4146
914 2562
915 4462
916
917 1485 2569 3259
918 1362 1717
919
920
921 2448
922 3006
923 3311 3337 3732
924
925
926 3578
927 1260 2397 3706 4137
928 3526 4289
929
930 1289 2143 4020 4382
931
932 1111 1176 1432 1585 3364 4301 4328
933 2539
934 2704
935
936
937 1262 1270 1450 2233 2534 3872
938 2769 3171 3589
939 2716 2909 3226 4299 4304
940 1434
941
942
943 1218
944 1563 2251
945 2535
946
947 1990 3647
948
949 2105 2676 2686 4190
950
951 4752
952 1302 1325 1365
953
954 1523
955
956 1032 1792 2146 3722 4808
957
958
959
960
961 1263
962
963
964
965 3875 3942
966
967 1016 1151 2513
968 3271 4034
969
970
971 1638
972 2179 2719 3196 3827
973
974
975 1102 2074
976
977
978 2427
979 2630
980
981 3623 4212 4709
982
983 1139 1863
984 1515 1633 3217
985
986 2026 2110
987
988
989
990 1248
991 2853
992
993 1001 1322 1445 2691 3089
994 2084 2116 2452 4551
995 2565 4430
996
997
998 2290 2973
999
1000 1126 1373 2339 2744 2880 3356 3438 3850
1001 1128
1002 1191 1509 1646 2846 4714
1003
1004 1710
1005 2107 3238 3335 4716
1006
1007
1008
1009 1054
1010 1389 1767 2157 4128
1011
1012
1013 3485
1014 3750
1015 1024
1016
1017
1018 1352
1019
1020 3728
1021
1022
1023 1127
1024
1025 4883
1026
1027
1028
1029
1030
1031 2454
1032
1033 4845
1034
1035
1036 2037 4015
1037 1454 2314 2827 3053 3152 3427 4616
1038 2667
1039 3842 4446 4528
1040
1041 1305 3694
1042 4272
1043 1074 1133 1670 2033 2613 2895 3052 3395 3775 4038 4786
1044 3416 3617
1045
1046
1047 2705
1048 1831 2671
1049 4629
1050
1051 2793 3685 3799 4938
1052 2318 2957
1053
1054 2932
1055 2285 2770 2803 3237 3245 3797 3822
1056 1759 1857 3103 4330
1057 1545
1058
1059 1668 3234
1060
1061
1062
1063 1578
1064 2939
1065 1079
1066
1067 1682 2776 3165
1068 3575 4249
1069
1070 1751 2337 3937
1071 1856
1072
1073 2142
1074 1536
1075
1076 1173 2082
1077
1078 3530
1079 1437 1679
1080 4598
1081 2059 2336 2983
1082
1083
1084
1085 2191
1086
1087 2347
1088
1089
1090
1091
1092
1093 3151
1094 1986 2436 3561 3895
1095 1456
1096 1925 4759
1097
1098 2408 4737
1099
1100 3529
1101
1102
1103 1761 2025 2491
1104 2230 3733
1105 1924
1106 1224 1399 1415 1531 1667 2331 2852 3760 4811 4850
1107
1108
1109 1641
1110 2301
1111 1919
1112
1113 4286
1114
1115
1116 3173
1117 2319 3687 4359
1118 1441 4144
1119
1120
1121
1122
1123
1124
1125 3294
1126
1127 3180
1128
1129
1130 1429 1777 3340 3425 4274
1131 1787
1132 2860
1133 2444 2974 3877
1134
1135 2586 4016
1136 1181
1137
1138 4013 4173
1139
1140 1502
1141
1142 1400 1464 1801 2592 2690 2722 4215
1143
1144 1184 2257
1145 2466 2753
1146 2184
1147 2384
1148
1149
1150
1151
1152 2859 3437
1153 2052
1154 1214
1155 4322
1156
1157
1158 1448 1959 3393
1159 3696
1160
1161 3993
1162 1860
1163
1164 1246 2604
1165 3218
1166 1239 1369 3508 3711 4541
1167 1240 1341 1837 1943 2680 3270
1168
1169 3176 4565
1170 1207
1171
1172 1478 1888
1173 1174 1193 2128
1174
1175
1176
1177 3350
1178 4126
1179
1180 2395 3621
1181 3446 3645
1182 2205
1183
1184
1185
1186
1187
1188
1189
1190
1191 1300 4519 4646
1192 3182 3890
1193 1327 2369 3916
1194
1195
1196
1197 4055
1198 4253 4263
1199
1200 1518 2683
1201 1764
1202 2231
1203 3717
1204
1205 1285 1699 3585
1206
1207
1208
1209
1210 2186 4689
1211
1212 3436 3689 3930 3947
1213 1883
1214 1725 1775 2796 4593 4641 4678
1215
1216 4628
1217 1233 2422 3803
1218 1469
1219 3037 3383
1220
1221
1222 3669
1223 2295
1224 2335 2745
1225
1226
1227 2587 2657 3181 4871
1228 2412 2500
1229
1230 1685 2138 3489 3714
1231 1546 1655 2000 3960
1232
1233 2001 2537
1234
1235 1495
1236
1237
1238 2351
1239
1240 1489
1241
1242
1243
1244
1245
1246
1247
1248 1696 2619 3500 3764 4213 4396
1249
1250 1532 2291
1251
1252 1547 3191 3250 3448
1253
1254 4283 4580
1255
1256
1257 3300 3934 4318
1258 1384 4609 4662
1259 2343
1260 2743 4464
1261
1262
1263
1264 3305 4619
1265 2670 2778 2991
1266 1916
1267
1268
1269
1270 1431 1690
1271
1272 2100 2850 3980
1273
1274 1353
1275 3835 3924
1276
1277
1278 2036
1279
1280 4913
1281
1282
1283
1284 4552
1285 2215
1286 2043 2086 2382 3000 3994
1287 3702
1288
1289
1290 2373 4806
1291 3727
1292 4608 4690 4697
1293 1973
1294
1295
1296
1297 2134
1298 2785
1299 1728
1300 3887
1301 1505 1859 2279 4277
1302 2634 3316 3653 4390
1303
1304 2377
1305
1306 1975 4653
1307 1881 2976
1308
1309
1310 3308
1311
1312 1525
1313 2524 3602 4001 4578
1314 2636
1315
1316 2303 3610
1317
1318
1319 1510 4039
1320
1321 2742
1322 3929
1323
1324 1795
1325
1326 3055 4270
1327
1328
1329
1330 3965
1331
1332 1932
1333
1334
1335
1336
1337 4535
1338 1609 1799 4191
1339 2201
1340 2589
1341
1342
1343 2446
1344 4441
1345 1452
1346 1781
1347
1348 2520
1349
1350
1351
1352 1491 1608 3244 3909
1353 3633
1354 1816 3576
1355
1356
1357 4747
1358 2106
1359
1360 1711
1361 4481
1362 3999
1363
1364
1365 1658 1803 2286 3265 3387
1366 3490
1367 4572
1368
1369 1592 2430 2984 3158 3692
1370 4154 4597
1371 1802 3802
1372
1373 2783
1374 4406
1375 3891
1376 1472 1571 2841 4187
1377 2807
1378 4195
1379 2494 3045
1380 3962 4693
1381 2019
1382
1383 1403 3537
1384 2197 3366 4935
1385
1386
1387
1388
1389 4125
1390 1475
1391 1858 2981
1392
1393
1394 1625 2561 3665
1395 1665 2154 2640 4074 4341 4533 4640
1396
1397 1942 2062 4336
1398 3975 4643
1399 2662 3845 4785
1400
1401 1573
1402 2817 4575
1403
1404 2168 2577
1405 2485 2890 3205 4601
1406
1407
1408
1409 3951 4180
1410 1513
1411
1412
1413
1414
1415 3392
1416 2120
1417
1418 2297 3376 3668 4869 4905
1419 1529 1915 4794
1420
1421
1422
1423
1424
1425 3105 4181
1426
1427 4817
1428 3519
1429
1430 1435 1829 1839 1996
1431
1432
1433 2389 3216 3324
1434 2155 2665 2945 3840
1435 4436
1436
1437 2693
1438 4814
1439
1440 4423
1441
1442 2278
1443
1444 2504
1445
1446
1447 1508 1879
1448
1449
1450
1451
1452 3359
1453 2764
1454
1455
1456
1457
1458
1459
1460
1461 3022
1462
1463 4295
1464 2876
1465 3996
1466 3026 3555 4401
1467 2415 4647
1468
1469 3267
1470 1730 2345
1471 3778 4234 4615
1472
1473
1474
1475
1476 1874 2239 4590
1477 2071 4904
1478
1479
1480
1481
1482 2017
1483
1484
1485 1488
1486
1487
1488
1489
1490
1491 3512
1492
1493 3518
1494
1495
1496
1497 1848 3358
1498 3203 4692
1499
1500
1501
1502
1503
1504
1505 4723
1506
1507
1508 2830
1509 2315 3136
1510 3023
1511
1512
1513 4093
1514
1515
1516 2133 2914 4327
1517
1518
1519 2108 2567 2698
1520
1521
1522
1523
1524 3391 3460
1525
1526 1577 3100 3363
1527 2461 4750
1528
1529
1530
1531 4547
1532 1933
1533
1534
1535
1536
1537 1983 4544
1538 1586
1539 1561 2040 2435 3474 4606
1540
1541
1542 1931 4175
1543 3756
1544
1545
1546 2487 4853
1547
1548
1549 4562 4638
1550
1551 1880 2438
1552
1553
1554 1595 2523
1555 1610
1556 3422
1557 2786
1558 1962 3236
1559
1560
1561
1562 3550 3672
1563 3570
1564 2702
1565 4754
1566
1567 3054
1568
1569 1763 2538
1570 1632 2533
1571 2443
1572
1573 3720
1574
1575 1819
1576
1577
1578
1579
1580
1581 2536 4874
1582 3774
1583
1584 2385 3632
1585
1586
1587 4199
1588 3571
1589
1590
1591
1592
1593
1594
1595
1596
1597
1598 4186 4914
1599 3712
1600 1604
1601
1602
1603
1604 1778 3584 4829
1605 2066 2221 3317 3406 4285
1606
1607
1608
1609
1610 2003
1611 3432 3858
1612 4224
1613
1614 4065
1615 3378
1616
1617
1618
1619
1620 3170
1621 4397
1622 3189
1623
1624 1818 3020
1625 2038
1626 3539
1627
1628
1629
1630
1631 3043
1632 2057 2944
1633 3594
1634 2407 4421
1635
1636
1637
1638 4361 4583
1639
1640
1641 3470
1642
1643
1644
1645 3458 3678 4579
1646
1647 4900
1648 3997
1649
1650 2930
1651
1652 1754
1653 1948
1654
1655
1656 2195
1657
1658
1659
1660 3018 3209 3567 4235
1661 1872 2073
1662
1663
1664
1665
1666 2358
1667
1668
1669 2262 3961
1670
1671 3149
1672
1673
1674 2020
1675
1676 2190 2359
1677 2068
1678
1679 2306 3883 4700
1680
1681
1682
1683
1684 4227 4897
1685
1686
1687 2674 3166
1688
1689
1690 4032
1691
1692 3088 3634
1693 3109 3221 4073 4391
1694 2126 2685 2771
1695 4757
1696
1697
1698
1699
1700
1701
1702
1703
1704 2560 3258 3511 4398
1705 1737 2316 4279
1706
1707
1708
1709 4889
1710
1711
1712
1713
1714
1715 2867
1716 2420 2799 2851
1717 2871
1718 2153 3325 4059
1719 2544 3213
1720 2072 2777 3688 3726 3820 4127 4138 4219
1721 3880
1722
1723
1724 4928
1725
1726 3385
1727 1981 2733
1728 3397
1729
1730 3073 4256
1731
1732
1733 2962
1734 3893
1735
1736
1737
1738 4444
1739 2130
1740 1976 2018 2545
1741
1742
1743 2637 2994 3641
1744
1745 3399 4068
1746
1747 4865
1748
1749
1750
1751
1752
1753 3127
1754 3562
1755
1756
1757 4112
1758
1759 1865 3794
1760
1761
1762 4803
1763 1804 2931
1764 3117
1765
1766
1767 4762
1768 3590
1769
1770
1771 3078
1772
1773
1774
1775
1776
1777
1778
1779
1780
1781
1782 3814
1783
1784 2503
1785 1841 1970 2210
1786
1787 2117 2956 3532
1788
1789 2655 3082 3498
1790 2837 4317
1791
1792
1793 1896 3126
1794
1795
1796 2204 2801 4096
1797 4209
1798 2013 2405 3132
1799 2217
1800 3281
1801
1802 2822 3501 3580
1803 2393
1804
1805
1806
1807
1808
1809 4024
1810
1811
1812
1813 4085
1814 3753
1815
1816 3832
1817 2762 3771 4911
1818
1819
1820
1821 2246
1822 2185
1823 2963
1824
1825 2310 4356
1826
1827 2166 4791
1828
1829
1830 2486 4365 4612
1831 2045
1832
1833 2400 2857
1834
1835 2892 3601
1836
1837 3491 3597 4142
1838
1839
1840 3121 3320
1841 3646
1842 4407
1843
1844 1922
1845 2196 3251
1846
1847
1848 3390
1849
1850
1851 4824
1852
1853 3639
1854 2322
1855 4102
1856
1857
1858 3658
1859 1923 2495 3841
1860
1861
1862 2811
1863
1864 3596
1865
1866 4872
1867
1868
1869
1870 2244 2457 4021
1871 3660
1872 3208 3289 3737 4801 4941
1873
1874 1905
1875
1876
1877 1892
1878
1879 4168
1880
1881
1882 2921
1883 3169 4268
1884 2053 2249 2760
1885
1886
1887
1888
1889 2490 3288 3739
1890 3876 4185
1891 2028 3110
1892
1893 3212
1894 3031 3661 3896
1895
1896 2622
1897
1898 2508
1899 3970
1900 2840 4380
1901
1902
1903
1904
1905 1939 3081 3541 3586 4378
1906 2174 2732 3011
1907
1908
1909 3453
1910
1911
1912 1945
1913
1914 2450
1915
1916
1917
1918 2470 4728
1919
1920
1921
1922
1923
1924
1925
1926 2468
1927 3777 4885
1928 3767 3900
1929
1930
1931
1932
1933 4011 4698
1934 2936 3912
1935 4095
1936
1937
1938 2150 2597
1939
1940
1941
1942 2755
1943
1944 4901
1945
1946 2608 2820 4784
1947
1948 2365 2367
1949
1950 3175
1951
1952
1953 3675
1954
1955
1956
1957
1958
1959 2596 4009
1960 3534
1961
1962 2988
1963
1964
1965 1989
1966 4695
1967
1968
1969
1970
1971 2659
1972
1973 4014
1974
1975 3038
1976
1977
1978
1979
1980
1981
1982
1983
1984 2353
1985 2899
1986
1987 3888
1988
1989
1990
1991 3910
1992
1993
1994
1995
1996
1997
1998 2556 4228
1999 2056 2274
2000 2809
2001
2002 2005 2325
2003
2004
2005
2006
2007
2008 2476
2009 4343
2010
2011
2012
2013
2014
2015 2094 2919
2016
2017
2018
2019
2020
2021
2022 3591 3816 4307
2023
2024
2025
2026
2027 4255
2028
2029 3343
2030
2031
2032
2033
2034
2035
2036
2037 4675
2038 2548
2039
2040
2041
2042
2043
2044 4121
2045
2046
2047 3963
2048
2049
2050
2051
2052
2053
2054 2152
2055 2947 3035
2056 2594
2057
2058
2059
2060
2061
2062
2063
2064
2065
2066
2067 2327 2529 2623
2068
2069 2697
2070 3810
2071
2072 2119 3966
2073
2074
2075
2076 2114
2077
2078
2079
2080
2081 2464
2082
2083
2084 3670
2085 2398 2403 3137 3583 4025 4097
2086
2087
2088
2089
2090
2091
2092
2093
2094 3106
2095
2096
2097
2098 2843
2099
2100
2101
2102
2103
2104
2105
2106 2225 2839
2107 3606
2108
2109
2110
2111 4634
2112
2113 3101
2114
2115
2116
2117
2118
2119
2120
2121
2122
2123
2124 2977
2125 2553 4460
2126
2127
2128
2129
2130
2131 2788
2132 3510
2133 3521
2134
2135
2136
2137
2138 4155
2139
2140
2141 3492
2142
2143
2144
2145
2146
2147
2148
2149
2150 3859
2151
2152
2153 4588
2154 4687
2155 2387 3464
2156 2825 4225
2157 2862 3381
2158 4205
2159
2160 4197
2161
2162
2163 3540 4766
2164
2165
2166
2167
2168 3837
2169
2170
2171
2172
2173
2174
2175
2176 3419 3677
2177 3066
2178 2550
2179 2203 3061
2180 3680
2181
2182 3423
2183 4903
2184
2185
2186
2187
2188
2189 2498
2190
2191
2192
2193
2194 2445 2802 3542 4099
2195
2196
2197
2198 3747 4169
2199 2987 3291
2200 2532 2644
2201
2202
2203 3146
2204
2205 2632 4855
2206
2207 3086
2208
2209
2210
2211
2212
2213
2214
2215 4816
2216
2217
2218
2219
2220
2221
2222
2223
2224
2225
2226
2227 3441 3946
2228
2229
2230
2231
2232
2233
2234 2806
2235
2236
2237 3846 4290
2238 2663
2239
2240
2241
2242
2243
2244 3973
2245
2246
2247
2248
2249
2250 3429 4344
2251 4311
2252
2253
2254
2255 2277
2256
2257
2258
2259
2260
2261 3954
2262
2263
2264 3620 3761
2265
2266
2267
2268
2269
2270
2271
2272
2273 2873 3564 4537
2274 2366
2275 4339
2276 3367
2277 2564 4642 4840
2278
2279
2280 3159
2281
2282
2283
2284
2285 3838
2286 3190 3569
2287
2288
2289
2290
2291 2884
2292
2293
2294 3495 3926 4103
2295 3079
2296
2297 2985 3870
2298
2299
2300 3825
2301
2302 2540
2303 3174 3225
2304
2305 4262
2306 2886
2307
2308 3769 4559
2309
2310
2311 4211
2312
2313
2314 3979
2315 2901 4539
2316
2317
2318
2319 4465 4589
2320
2321 3365
2322
2323
2324
2325
2326 2915 3522 4780 4793
2327
2328
2329
2330
2331 2558
2332 2998 4558
2333
2334
2335
2336
2337
2338
2339
2340
2341
2342
2343 3788
2344 3297
2345
2346
2347
2348
2349
2350 3198
2351
2352
2353
2354
2355
2356 3599 3863
2357 2664
2358
2359
2360 2410 4293
2361 3345
2362 3439
2363
2364
2365
2366
2367 3649 3867
2368 2575 2868 4861
2369 2616 3042 3628 4604
2370
2371
2372 3974 4506
2373 3332
2374
2375
2376 2582 3899
2377
2378
2379
2380
2381
2382
2383
2384
2385
2386
2387
2388 4123
2389
2390 3989
2391
2392
2393 3922 4373 4891
2394 4232
2395
2396
2397
2398
2399 3558
2400
2401
2402
2403
2404
2405
2406
2407
2408
2409
2410
2411
2412
2413 3415
2414
2415
2416
2417
2418
2419
2420
2421 3029
2422 2917 3349
2423 4265
2424
2425
2426
2427
2428
2429
2430 3978 4066
2431 3856
2432 3905
2433
2434 3985
2435
2436 3285
2437 3482
2438
2439
2440
2441
2442
2443
2444
2445
2446
2447
2448
2449
2450
2451
2452
2453
2454
2455
2456
2457 3906 4007 4881
2458 3984
2459 3941
2460
2461
2462
2463 3928
2464
2465
2466
2467
2468
2469
2470
2471
2472
2473
2474 2638
2475
2476
2477
2478
2479
2480
2481
2482 2717
2483
2484
2485 4831
2486
2487 3486 4727
2488 2863
2489
2490
2491
2492
2493
2494
2495
2496
2497
2498
2499
2500 3210
2501 2699
2502 2816 3371
2503
2504 2937 4237
2505
2506
2507 2687
2508
2509 2829 2966 4682
2510 2526 4761
2511
2512
2513
2514
2515
2516
2517 3945 4131
2518
2519
2520
2521 2950 3211
2522
2523
2524
2525
2526
2527 3466
2528
2529
2530
2531
2532
2533 2999
2534
2535 3241
2536
2537 2954
2538
2539 4933
2540
2541
2542
2543
2544
2545 3394
2546
2547 4179 4273
2548 4435
2549
2550 4879
2551
2552
2553 4521
2554
2555
2556
2557
2558 2725
2559
2560 2766 3344
2561
2562
2563 4595
2564
2565
2566 3201
2567
2568
2569 3497
2570
2571
2572 3903
2573
2574
2575
2576
2577
2578
2579
2580
2581
2582
2583
2584 3630
2585 2738
2586 4760
2587
2588
2589 2692
2590
2591
2592
2593 4340
2594
2595 3450
2596
2597
2598
2599
2600
2601
2602
2603
2604
2605
2606
2607
2608 3097
2609
2610 3188
2611
2612 2814 2969
2613
2614
2615 2672
2616 3481
2617
2618 4036
2619
2620
2621
2622
2623
2624
2625
2626
2627 3266 3572 3776 4443
2628 4584
2629
2630 3104
2631
2632
2633 4707
2634
2635
2636
2637 3938
2638
2639
2640
2641
2642 3690
2643
2644
2645
2646
2647 3917
2648
2649 2848 3609
2650
2651 4573
2652 3793
2653
2654
2655 3636
2656
2657
2658 2918
2659 3292
2660
2661
2662
2663
2664 3114
2665
2666
2667
2668 4625
2669 4637
2670
2671
2672 4835
2673 4656
2674
2675 4703
2676 2794
2677
2678
2679
2680 3046
2681 2792
2682 4119
2683
2684
2685
2686
2687
2688
2689
2690 3347
2691
2692
2693
2694
2695
2696 3461
2697
2698
2699
2700 4715
2701
2702
2703
2704
2705
2706 2815 2964 3759
2707
2708
2709 4208
2710 2712 2907 4134
2711 3411
2712
2713
2714
2715 2990
2716
2717
2718
2719
2720
2721
2722
2723
2724
2725 3047
2726
2727
2728
2729
2730
2731
2732
2733
2734 4888
2735
2736
2737
2738 4321
2739
2740
2741
2742 3480
2743
2744
2745 3557
2746
2747
2748 3721 4003 4837
2749
2750 3967
2751
2752
2753
2754 4836
2755
2756
2757
2758
2759
2760 2768
2761
2762
2763
2764
2765
2766
2767
2768
2769
2770
2771 3745
2772
2773
2774 3607
2775
2776 4542
2777
2778
2779
2780
2781
2782
2783
2784 3657
2785 3125 3240
2786 4668 4825
2787
2788
2789
2790
2791 4548
2792
2793
2794
2795
2796 2975 3854
2797
2798
2799 4795
2800
2801
2802
2803
2804
2805
2806
2807
2808
2809 2845
2810
2811 3120
2812
2813
2814
2815
2816
2817
2818
2819
2820 4006
2821
2822
2823
2824
2825
2826
2827
2828
2829
2830
2831
2832
2833
2834
2835
2836
2837
2838
2839
2840
2841
2842 3516
2843
2844
2845
2846
2847
2848
2849
2850
2851
2852
2853 3296
2854
2855 3748
2856
2857
2858
2859
2860 4748
2861
2862
2863
2864
2865
2866
2867
2868 2893
2869 4056
2870
2871
2872
2873
2874
2875 4395
2876
2877
2878 3939
2879 4400
2880
2881
2882
2883
2884
2885
2886
2887
2888 4216
2889 4342
2890
2891
2892
2893
2894
2895
2896
2897
2898
2899
2900 4477 4710 4798
2901
2902
2903
2904
2905
2906
2907
2908
2909 3162
2910
2911
2912
2913 4072
2914
2915
2916 3242 4241
2917
2918 4877
2919 3651 4026
2920
2921
2922
2923
2924
2925
2926
2927 3749 4862
2928
2929 4504
2930
2931
2932
2933
2934
2935
2936
2937
2938
2939 4630
2940
2941
2942
2943
2944
2945 3944
2946
2947
2948
2949
2950
2951
2952
2953
2954
2955
2956
2957 4555
2958
2959
2960
2961
2962 4613
2963
2964 3520 3533
2965
2966
2967 2979
2968
2969
2970 4353
2971
2972
2973
2974
2975
2976 3284 4636 4809
2977
2978
2979
2980
2981
2982
2983
2984
2985
2986
2987 4428
2988
2989
2990
2991 3766 4657
2992 3559
2993
2994
2995
2996
2997 3700
2998
2999
3000
3001
3002
3003 4511
3004
3005
3006
3007
3008
3009
3010
3011
3012
3013 3273
3014
3015 4348
3016
3017 3040
3018
3019
3020
3021 3513
3022 4048 4496 4738
3023
3024
3025
3026
3027
3028
3029
3030 3424
3031
3032
3033
3034
3035 4777
3036
3037
3038
3039
3040 4834
3041
3042
3043
3044
3045
3046
3047
3048 4312 4742
3049 4932
3050
3051 4513
3052
3053
3054 3153 3164 4797
3055
3056
3057 3060
3058
3059
3060
3061
3062
3063
3064
3065 3932
3066
3067
3068
3069
3070
3071 3800
3072
3073
3074
3075
3076
3077
3078
3079
3080
3081
3082
3083 3781
3084
3085
3086
3087 3219 3648
3088
3089
3090
3091
3092
3093
3094 3313
3095
3096
3097
3098
3099 3140
3100
3101
3102
3103
3104
3105
3106 3959 4804
3107
3108
3109
3110 3780
3111
3112
3113
3114
3115
3116
3117
3118
3119
3120 4229
3121
3122
3123
3124
3125 4060
3126 4827
3127
3128 4749
3129
3130
3131
3132
3133
3134 3293 3545
3135
3136
3137
3138 4671
3139
3140
3141 3860
3142
3143
3144
3145
3146 4037
3147
3148
3149
3150
3151 4028
3152
3153
3154 3163
3155
3156
3157
3158
3159
3160 4456
3161
3162
3163
3164
3165 3280
3166 4717
3167
3168
3169 4498
3170
3171
3172
3173
3174
3175
3176
3177
3178
3179
3180 3907
3181
3182
3183 3479 3640
3184
3185
3186 3442
3187
3188
3189
3190
3191
3192
3193
3194 3404
3195 4649
3196 3353
3197
3198
3199
3200
3201
3202
3203
3204
3205
3206
3207
3208
3209
3210
3211
3212
3213
3214
3215
3216
3217
3218
3219
3220
3221
3222
3223
3224
3225
3226
3227
3228
3229
3230
3231 3260
3232
3233
3234 3243
3235 3643
3236
3237
3238 3473
3239
3240
3241 3626
3242
3243
3244
3245 3307
3246
3247
3248
3249
3250
3251
3252
3253
3254 3988
3255
3256
3257
3258
3259
3260 4083
3261
3262
3263 4586
3264
3265
3266
3267
3268
3269
3270
3271
3272
3273
3274
3275
3276
3277
3278
3279
3280 4193
3281
3282
3283
3284
3285
3286
3287
3288
3289 3819
3290
3291 3299
3292
3293
3294
3295
3296
3297
3298
3299 3873
3300
3301
3302
3303
3304
3305
3306
3307
3308
3309
3310
3311
3312
3313 3459
3314
3315
3316
3317
3318
3319
3320
3321
3322
3323 4771
3324
3325
3326
3327 3849
3328
3329
3330
3331
3332
3333 3531
3334
3335
3336
3337 3444
3338
3339
3340
3341
3342
3343
3344 4582
3345
3346
3347
3348
3349
3350
3351 3886
3352 3817
3353
3354
3355
3356
3357
3358
3359
3360 4008 4550
3361 4063
3362
3363 4100
3364
3365
3366
3367
3368
3369
3370
3371
3372
3373 3836
3374
3375
3376
3377
3378
3379
3380
3381
3382
3383
3384
3385
3386
3387
3388
3389 4543
3390 4925
3391
3392
3393
3394
3395
3396
3397 4466 4895
3398
3399
3400
3401 4250
3402
3403
3404
3405 4320
3406
3407
3408
3409
3410
3411
3412
3413
3414
3415
3416
3417
3418
3419
3420
3421
3422 3718
3423
3424
3425
3426
3427
3428
3429
3430
3431 3991
3432
3433 3731
3434
3435
3436
3437
3438
3439 3923
3440
3441
3442
3443
3444
3445
3446
3447
3448
3449
3450 3904
3451
3452
3453
3454
3455
3456
3457 4820
3458
3459
3460
3461
3462
3463
3464
3465
3466 4937
3467
3468
3469
3470
3471
3472
3473
3474
3475
3476 3644 4600
3477
3478
3479
3480
3481 4035 4560
3482
3483
3484
3485
3486
3487
3488
3489
3490
3491
3492
3493
3494
3495
3496
3497 3535
3498
3499
3500
3501
3502
3503
3504 4147
3505
3506 4242
3507 4333
3508 3804
3509
3510
3511 3809
3512
3513 4510
3514
3515 4368
3516
3517
3518
3519
3520
3521
3522
3523
3524
3525
3526
3527
3528
3529
3530
3531
3532
3533
3534 3925
3535 4614
3536
3537
3538
3539
3540 4445
3541
3542
3543
3544
3545
3546
3547 4787
3548
3549 4491
3550
3551 4284
3552 4451
3553
3554
3555
3556
3557
3558 4160
3559 4458 4592
3560
3561
3562
3563
3564
3565
3566
3567
3568 3843
3569
3570
3571
3572
3573
3574
3575
3576
3577
3578
3579
3580
3581
3582
3583
3584
3585
3586
3587
3588
3589
3590
3591
3592
3593
3594
3595
3596
3597
3598
3599
3600
3601
3602 4842
3603
3604
3605
3606
3607
3608
3609
3610
3611
3612
3613
3614
3615 4884
3616
3617
3618
3619
3620
3621 4050
3622 4499
3623
3624
3625
3626
3627
3628 4607
3629
3630
3631
3632
3633
3634
3635
3636
3637
3638
3639
3640
3641
3642
3643
3644
3645
3646
3647
3648
3649
3650
3651 4005
3652
3653
3654
3655
3656
3657
3658
3659
3660
3661
3662 4338
3663 4111
3664
3665
3666
3667
3668
3669
3670
3671
3672 4730
3673
3674
3675 4084
3676
3677
3678 4471 4591
3679
3680
3681
3682
3683
3684
3685
3686
3687
3688
3689
3690 4936
3691
3692 4054
3693
3694
3695
3696
3697
3698
3699
3700
3701 4410
3702
3703
3704
3705
3706
3707 4939
3708
3709
3710
3711
3712
3713
3714
3715 4892
3716
3717
3718 4319
3719
3720
3721
3722
3723
3724 4067
3725
3726 3955 4553
3727
3728
3729
3730
3731
3732 4740
3733 3879
3734
3735
3736
3737
3738
3739
3740
3741
3742
3743
3744 4276
3745
3746
3747 4371
3748
3749
3750
3751
3752
3753
3754
3755
3756
3757
3758 4927
3759
3760
3761
3762 4314
3763
3764
3765
3766
3767
3768 4027 4308
3769
3770
3771
3772
3773
3774
3775
3776
3777
3778
3779
3780
3781
3782
3783
3784
3785
3786
3787 4246
3788
3789
3790
3791
3792
3793
3794
3795
3796
3797
3798
3799
3800
3801
3802
3803
3804
3805
3806
3807
3808 4288
3809
3810
3811
3812 4326
3813 4487
3814
3815
3816
3817
3818
3819
3820 4158
3821
3822
3823
3824
3825
3826
3827
3828
3829
3830
3831
3832
3833
3834 4867
3835
3836
3837
3838
3839
3840
3841
3842
3843
3844
3845
3846
3847
3848
3849
3850
3851
3852
3853
3854
3855
3856 4779
3857 3952
3858
3859
3860
3861
3862 4130
3863
3864
3865
3866
3867
3868
3869
3870
3871
3872
3873
3874
3875
3876
3877
3878
3879
3880
3881
3882
3883
3884
3885
3886
3887
3888
3889
3890
3891
3892
3893
3894 4260
3895
3896
3897
3898 4231
3899 4854
3900
3901
3902
3903
3904
3905
3906
3907
3908
3909
3910
3911 4069
3912
3913
3914
3915 4920
3916
3917
3918
3919
3920
3921
3922
3923
3924
3925
3926
3927 4366
3928
3929
3930
3931
3932 4409
3933
3934 4431
3935
3936
3937
3938
3939
3940 4030 4389
3941
3942
3943
3944
3945
3946 4252
3947
3948
3949 4360 4384
3950
3951
3952 4174
3953
3954
3955 4331
3956 4522
3957
3958
3959
3960
3961
3962
3963
3964
3965
3966
3967
3968
3969
3970
3971
3972
3973
3974 4236
3975
3976 4848
3977
3978 4775 4796
3979 4201 4453
3980
3981
3982 4157
3983
3984
3985
3986
3987
3988
3989
3990
3991
3992
3993
3994 4238
3995
3996
3997
3998
3999
4000
4001
4002
4003
4004 4603
4005
4006
4007
4008
4009
4010
4011 4107 4931
4012
4013
4014
4015
4016
4017
4018
4019 4031
4020
4021
4022
4023
4024 4105
4025
4026
4027
4028
4029
4030
4031
4032
4033
4034
4035
4036
4037 4679
4038
4039
4040
4041
4042
4043 4617
4044
4045
4046
4047
4048 4152
4049
4050
4051
4052
4053
4054
4055
4056
4057
4058
4059
4060
4061 4177
4062
4063
4064
4065
4066
4067
4068
4069 4644
4070
4071 4902
4072 4251
4073
4074
4075
4076
4077
4078
4079
4080
4081
4082
4083
4084
4085
4086
4087
4088
4089
4090
4091
4092
4093
4094
4095
4096
4097
4098
4099
4100
4101
4102
4103
4104
4105
4106
4107
4108 4908
4109
4110
4111
4112
4113
4114
4115
4116 4500
4117 4818
4118
4119
4120
4121
4122
4123 4520
4124
4125
4126
4127
4128 4822
4129
4130
4131
4132
4133
4134
4135
4136
4137
4138
4139
4140
4141
4142
4143
4144
4145 4502
4146
4147
4148
4149
4150
4151
4152
4153
4154
4155
4156
4157
4158
4159
4160
4161
4162
4163 4287
4164
4165
4166 4184
4167
4168 4887
4169
4170
4171
4172
4173
4174
4175
4176
4177
4178
4179
4180
4181
4182
4183 4708
4184
4185
4186 4497
4187
4188
4189
4190
4191
4192
4193
4194
4195
4196
4197
4198
4199
4200
4201
4202
4203
4204
4205
4206
4207
4208
4209
4210
4211
4212
4213
4214
4215
4216
4217
4218
4219
4220
4221
4222
4223
4224
4225
4226
4227
4228
4229
4230
4231
4232
4233
4234
4235
4236
4237
4238
4239
4240
4241
4242
4243
4244
4245
4246
4247
4248
4249
4250
4251
4252
4253
4254
4255
4256
4257
4258
4259 4639
4260
4261
4262
4263
4264 4416
4265
4266 4686
4267
4268
4269
4270
4271
4272
4273
4274
4275
4276
4277
4278
4279
4280
4281
4282
4283
4284
4285
4286
4287
4288
4289 4922
4290
4291
4292
4293
4294
4295
4296
4297
4298
4299
4300
4301
4302
4303
4304
4305
4306
4307
4308
4309
4310
4311
4312 4411
4313
4314
4315
4316
4317
4318
4319
4320
4321 4674
4322
4323
4324
4325 4915
4326
4327
4328
4329
4330
4331
4332
4333 4599
4334
4335
4336
4337
4338
4339
4340
4341
4342
4343
4344
4345
4346
4347
4348
4349
4350
4351
4352
4353
4354
4355
4356
4357
4358
4359
4360
4361
4362
4363
4364
4365
4366
4367
4368 4385
4369
4370
4371
4372
4373
4374
4375
4376
4377
4378
4379
4380
4381
4382
4383
4384
4385
4386
4387
4388
4389
4390
4391
4392
4393
4394
4395
4396
4397 4731
4398
4399
4400
4401
4402
4403
4404
4405
4406
4407
4408
4409
4410
4411
4412
4413
4414
4415
4416
4417
4418
4419
4420
4421
4422
4423
4424
4425
4426
4427
4428
4429
4430
4431
4432
4433
4434
4435
4436
4437
4438
4439
4440
4441
4442
4443
4444
4445
4446
4447
4448
4449
4450
4451
4452
4453
4454
4455 4505
4456
4457
4458
4459
4460
4461 4517
4462
4463
4464
4465
4466
4467
4468
4469
4470
4471
4472
4473
4474
4475
4476
4477
4478
4479
4480
4481
4482
4483
4484
4485
4486
4487
4488 4733
4489
4490
4491
4492
4493
4494
4495
4496
4497
4498
4499
4500
4501
4502
4503
4504
4505
4506
4507
4508
4509
4510
4511
4512
4513
4514
4515
4516
4517
4518
4519
4520
4521
4522
4523
4524
4525
4526
4527
4528 4713
4529
4530
4531
4532
4533
4534
4535
4536
4537
4538
4539
4540
4541 4815
4542
4543
4544
4545
4546
4547
4548
4549
4550
4551
4552 4857
4553
4554
4555
4556
4557
4558
4559
4560
4561
4562
4563
4564
4565
4566
4567
4568
4569
4570
4571
4572 4753
4573
4574
4575
4576
4577
4578
4579 4841
4580
4581
4582
4583
4584
4585
4586
4587
4588
4589
4590
4591
4592
4593
4594 4696
4595
4596
4597
4598
4599
4600
4601
4602
4603
4604
4605
4606
4607
4608
4609
4610
4611
4612
4613
4614
4615
4616
4617
4618
4619
4620
4621
4622
4623
4624
4625
4626
4627
4628
4629
4630
4631
4632
4633
4634
4635
4636
4637
4638
4639
4640
4641
4642
4643 4735
4644
4645
4646
4647
4648
4649
4650
4651
4652
4653
4654
4655
4656
4657
4658
4659
4660
4661
4662
4663
4664
4665
4666
4667
4668
4669
4670
4671
4672
4673
4674 4844
4675
4676
4677
4678
4679
4680
4681
4682
4683
4684
4685
4686
4687
4688
4689
4690
4691
4692 4878
4693
4694
4695
4696
4697
4698
4699
4700
4701
4702
4703
4704
4705
4706
4707
4708
4709
4710
4711
4712
4713
4714
4715
4716
4717
4718
4719
4720
4721
4722
4723
4724
4725
4726
4727
4728
4729 4781
4730
4731
4732
4733
4734
4735
4736
4737
4738
4739
4740
4741
4742
4743
4744
4745
4746
4747
4748
4749
4750
4751
4752
4753
4754
4755
4756
4757
4758
4759
4760
4761
4762
4763
4764
4765
4766
4767
4768
4769
4770
4771
4772
4773
4774
4775
4776
4777
4778
4779
4780
4781
4782
4783
4784
4785
4786
4787
4788
4789
4790
4791
4792
4793
4794
4795
4796
4797
4798
4799
4800
4801
4802
4803
4804
4805
4806
4807
4808
4809
4810
4811
4812
4813
4814
4815
4816
4817
4818
4819
4820
4821
4822
4823
4824
4825
4826 4870
4827
4828
4829
4830
4831
4832
4833
4834
4835
4836
4837
4838
4839
4840
4841
4842
4843
4844
4845
4846
4847
4848
4849
4850
4851
4852
4853
4854
4855
4856
4857
4858
4859
4860
4861
4862
4863
4864
4865
4866
4867
4868
4869
4870
4871
4872
4873
4874
4875
4876
4877
4878
4879
4880
4881
4882
4883
4884
4885
4886
4887
4888
4889
4890
4891
4892
4893
4894
4895
4896
4897
4898
4899
4900
4901
4902
4903
4904
4905
4906
4907
4908
4909
4910
4911
4912
4913
4914
4915
4916
4917
4918
4919
4920
4921
4922
4923
4924
4925
4926
4927
4928
4929
4930
4931
4932
4933
4934
4935
4936
4937
4938
4939
4940
4941
4942
4943
4944
