#/opt/homebrew/Caskroom/miniconda/base/envs/hack25/lib/python3.12/site-packages/ipykernel_launcher.py --f=/Users/jpinney/Library/Jupyter/runtime/kernel-v352576b36ed274793969b57d69d8306c9df606370.json
# GMT Sun Jul 20 12:27:20 2025
# 
0 1 2 5 6 7 8 9 15 18 20 22 23 25 26 36 43 59 61 66 72 84 86 87 100 116 123 125 131 134 140 154 179 199 203 224 228 235 248 264 281 304 317 320 327 329 348 375 399 407 422 426 439 453 525 557 558 572 590 615 617 638 642 648 651 670 677 684 704 752 771 808 832 833 865 901 947 953 956 979 982 989 994 1001 1012 1085 1110 1151 1152 1180 1187 1242 1244 1255 1283 1302 1370 1405 1406 1417 1434 1475 1675 1711 1760 1801 1906 1912 1943 1966 1973 1993 2020 2025 2093 2107 2135 2162 2171 2198 2242 2265 2299 2357 2376 2398 2400 2464 2478 2515 2533 2537 2584 2600 2636 2680 2733 2785 2797 2803 2806 2828 2848 2937 2976 2980 2982 3005 3013 3148 3161 3210 3264 3367 3411 3469 3604 3676 3739 3753 3812 3853 3917 3929 4019
1 3 4 10 14 19 24 32 35 44 79 93 98 147 176 207 249 260 283 314 315 334 391 392 394 413 414 417 470 546 616 623 676 702 734 766 784 798 972 1133 1142 1290 1355 1459 1463 1490 1647 1664 1686 1754 1757 1765 1802 1975 2137 2138 2393 2463 2619 2646 2801 2931 2947 2987 3011 3071 3236 3296 3321 3363 3392 3628 3699 3709 3785 3954 3996 4009
2 180 700 748 936 1694 1991
3 12 13 17 55 69 101 143 196 211 213 220 300 337 368 463 495 568 685 739 866 993 1027 1308 1381 1602 1703 1830 1907 2430 2648 2804 3059 3317 3462 3493 3714
4 150 189 232 503 530 744 1504 1691 2767 3461
5 11 165 217 326 977 1451 2049 3349 3858
6 16 21 53 73 214 265 290 719 907 1104 1106 2154 2301 3974
7 31 41 57 58 102 127 142 201 221 243 258 285 311 338 373 428 545 607 635 708 736 793 795 802 841 844 891 929 1013 1157 1158 1174 1188 1215 1726 1814 1875 1898 2191 2204 2210 2278 2560 2750 2768 2885 2926 2975 3487 3856 3990
8 27 146 293 807 860 902 1919 2285 2887
9 156 175 309 400 722 924 1086 1326 1358 1409 1454 1797 2361 2642 2662 3018 3239 3313 3748
10 30 33 40 45 48 52 65 70 76 113 115 122 126 135 139 166 187 218 266 332 374 398 446 552 580 593 611 619 639 729 743 770 788 985 1021 1097 1102 1181 1218 1275 1319 1364 1383 1540 1636 1728 1730 1779 1836 1945 1951 2012 2043 2078 2255 2283 2322 2346 2396 2527 2990 3073 3262 3449 3501 3502 3675 3744 3761 3861 3883 3987 4014 4017
11 68 89 99 108 225 263 270 273 469 542 543 621 846 898 1224 1284 1564 2108 2923 3045 3475
12 641 646
13 38 155 157 173 193 240 286 344 466 529 609 614 663 692 913 957 1068 1080 1125 1196 1342 1371 1420 1431 1448 1450 1926 2063 2754 2813 2827 3314 3900 4045
14 28 60 222 237 367 383 434 464 630 683 759 969 1204 1357 1799 1861 2190 2383 3075 3867
15 149 517 555 649 712 1292 1796 2871 3564 3827 4035
16 34 51 80 170 308 508 514 1252 2151 3376 3659
17 133 137 172 210 261 305 318 352 355 468 548 890 952 1050 1136 1253 1272 1742 1792 1957 2168 2195 2197 2267 2294 2534 2598 3527 3783
18 37 75 245 625 836 1197 1684 2248 2333 2504 2539 2824 2900 3101 3422 3590 3715 3855 4051
19 109 799 3295
20 1841
21 167 310 960 1025 1560 2344 2491 2583 2781 3350 4061
22 42 110 408 1279 1974 2091 3082
23 1411 1734 1768 1879 3292
24 206 1122 1513 1987 2461 2608 3256
25 39 202 717 772 889 1899 2328 2580 2704 3068 3370
26
27 47 483 1598 1896 2915
28 29 242 274 369 482 588 2326 2387 2524 2998 3546 3805 3918 4070
29 56 97 136 239 358 377 476 1113 1171 1243 1327 1374 1671 2141 2231 2293 3472 3771
30
31 104 381 1045 1237 1708 1994 1999 3141 3795
32 401 436 567 961 986 1549 1658 2155 2485
33 341 360 667 805 1962 2214 2305 3040
34 90 92 95 331 354 363 575 687 816 1036 1046 1135 1298 1548 1963 1980 2009 2261 2780 2884 3164 3229
35 49 54 171 2181 2655 3941
36 62 63 164 255 267 385 509 551 686 1143 1248 1576 2240 3483
37 246 535 742 2117
38 85 112 119 192 230 359 395 397 524 671 983 1343 1643 2031 2769 3355
39 46 2749
40 50 67 74 197 389 762 909 1000 1044 1429 1477 1644 1791 1923 1928 2145 2761 3936
41
42 301 556 758 831 966 1008 1525 2002 2498 4015
43 83 937 1505 2403
44 467 560 2684
45 159 216 449 512 610 703 856 1005 1510 1710 1783 1842 2095 2163 2276 2493 2522 2563 2866 2893 3143 3255 3689
46 183 1515
47 699 2736
48 925
49 64 103 121 124 188 271 277 319 516 522 604 640 751 768 894 1010 1048 1093 1303 1611 1645 1775 1908 2044 2418 2710 3201 3448 3473 3490 3926
50
51 618 650 1256 1867
52 71 829 970 1413 3994
53 215 549 672 1453 1925 3641 3886
54 834 888
55 94
56
57 88 120 132 335 336 345 419 538 547 1175 1380 1402 1619 1655 1748 2227 2282 3491
58 77 148 420 757 1067 1288 1455 1542 1738 2762 2811 3565 3592 3664 3836
59
60 96 233 350 364 553 710 806 1014 1229 1254 1347 1407 1529 1666 1743 1954 2112 2121 2497 2536 3981
61
62 91 282 1313 1701 2039 2936 3038
63 141 297 515
64 81 1495
65 111 711 1978 3395
66 716 1120 1189 1230 1821 1859 2292 3632 3645
67 284 955 1166 1837 2206 2694
68 234 589 598 964 967 1163 1251 2453 2551 3280
69 664 1502 1544 2470 2957 3481 3683 4003
70 583 911 912 1183 1591 2011 2060 2763 3397
71 262 1886 2521
72 82 106 169 809 1154 1577 1893 1988 2375 2617 3083
73 307 379 627 1714
74 78 152 198 652 747 1558 1786 1869 2516 2941
75 1699
76 160 168 494 544 600 620 1089 1127 1660 2280 2300 2665 2997 3123 3741
77 1458 1592
78 177 485 785 787 1091 1219 1482 1579 2126 2202 3140 3195 3682
79 2729
80
81 105
82 847
83 541 1874
84 107 231 257 278 654 714 1041 1212 2080 2365 2392 2503 2586 3007 3015 3035 3116
85 675 1002 2821 3816 3852
86 129 229 882 1438 1891 3419
87 539 569 1234 1539 3138 3630 4075
88 682 1368 2748
89 1199
90
91 322 1996 2304 2475 3778
92 162 984 3282
93 128 603 674 737 3069 3788
94 532 2863
95
96 438 586
97 2594
98 427 479 1081 3002 3730
99 145 386 656 919 927 1399 1516 1670 2505 3529
100 151 602 897 930 1056 1195 1422 1449 2053 2189
101 181 1285 2945
102
103 174 269 303 312 406 445 574 606 655 1178 1356 1483 1522 1759 1840 2239 2272 2755 3004 3050 3091 3386 3906
104 2421 3725
105 3346
106 138 2059 2538 3077 3329 3345 3414 3882
107 247 3482 3818
108 161 194 204 236 259 349 421 690 1087 1622 1774 2558
109
110 114 191 208 339 346 380 594 599 774 906 1201 2199 2215 2507 2569 2630 2810 3052 3156 3234 3468
111
112 118 212 244 313 462 673 887 928 1239 1652 1657 2136 3093 3746
113 521 537 1223 1352 2477 2543 2802 2897 3021
114 1247 2073
115 117 1804 1922 2001 2530 2756 3425
116 753 2192 3869
117 351 1134 1340 1871 2401 2407 2628 3637
118
119 1271 1388
120
121 2442
122 941 1200 1427 1436 1469 1763 2269 2819 3090
123 158
124 563 1565 1605
125 1428
126 441 622
127 291 566 595 997 1182 1209 1827 1843 2217
128 130 409 554 587 777 859 988 1007 1069 1138 1362 1415 1562 2335 2703 3418 3498 3516 3535 3545 3644 3695 3774 3949 3962
129 153 227 478 489 601 750 1732 2004 2110 2224 2270 2406 3326
130
131 251 253 393 496 1304 2130
132 1191 1523
133 186 688 697 939 1882 2518 2899 3779
134 1456 3536
135
136 691
137 223 280 372 573 837 1297 1607 1709 1793 1903 2571 3465
138 144 252 298 415 429 471 773 1090 1108 1216 1241 1280 1369 1865 3285 3837 4081
139 287 1217 2295 2581 2620 3907
140 268 921 1552 1638 1960 1969 1997 2362
141 1169 1571 2909
142 2183 2263
143
144 250 256 1124 2903
145 182 1291 3191
146 791 839 2083
147
148 1155 1232 2380 3505
149 163 365 435 451 1976 3043 3328 3530 3773 4058
150 361 1161
151 465 1198 1203 4067
152 679 1880 2233
153
154
155 296 591 1051 1293 2386 2544 3371
156 366
157 724
158 325 2851
159 241 254 328 1612 1855 1948 3585
160 944 1118 1397 2222
161 424 1672 1939 3260 3666
162 1788 3702
163 226 1053 1721 2098 4012
164 178
165 502 763 1024 1338 2007 2308 2615 3252 3822 3942
166 200 209 612 3119
167 279 971 1629 1696 3110 3940
168 302 2702 3192
169
170
171 992 1176 2157 3995
172 306 330 565 2041 2855 3871
173 1938
174 185 295 507 605 767 818 1033 1653 2188 2626 2709 2880 3030 3254 3606 3635 3737 3738 3782
175 190 486 730 1282 1337 1833 2058 2253 3064 3868
176 488 1312 1623 2050 2342 2593 3754
177 472 968 1460 1590 1688 3086 3240 3608
178
179 874 1172 2271 3711
180 390 458 695 1442 1752 2182 2203 2632 2839 2856
181 657 1492
182 1170 1259 1849 2345
183 184 219 443 487 660 1735 2257 2454 2713 3681
184 1222
185 1082
186 680
187 536
188
189 506 2436
190 861 1640 1648 2472
191 376 1032 1193 1426 3223
192 205 659 738 1850
193 195 820 1467 1815 2019
194 2317
195 1387 2751 3562
196 689 2129
197 289
198 431 437 1854 2409 3407
199 321 504 1778 2102 4040
200
201 433 597 1105 1273 2048 2452 3006
202 333 528 3196 3251
203 288 1039 1391 1444 3063
204 3506
205 1099 1114 1177 4038
206 490 797 2103 3293
207 323
208 1059
209 444 764 2066 2084
210
211 324 531
212 3009
213 3466
214 562 707
215 342
216 412 1295 1725 1887 2290
217
218
219
220 518 946 980 1128 1301 1609 2021 2370 2832 3028 3230 3556 3596 3720
221 238 681 754 1034 2146 2490 3896
222
223 2526
224 2161
225
226 473 1276 1580
227 803 1227
228
229 2005
230
231 709 1955
232 340 613 1443 1683
233 447 480 1712 1889 1905 2672 4052 4078
234 2434
235 895 1877 3821
236 3197 3946
237 2052
238 629 2798
239
240
241 275 276 388 455 585 1416 1506 1527 1594 2143 2291 2658 2854 3311 3554 3559
242 2432
243 561 1953 2999 3097
244 1121 1354 2118 2573 2879 3848 4041
245 402 501 523 624 975 1075 1376 1520 2069 2302 2471 3315
246 1534 1809 2015 3611
247 3479
248
249 854 1604 2175 3177 3895
250 3227 3441
251 1395 1484
252 3076 3184
253 292 353 387 432 821 1446 1698 1729 1820 1862 2286
254 405 1131 1382 2127 2986
255 272 382 418 430 475 645 731 873 2465 2468 2784
256 299 885 2309
257 294 370 696 813 1659 2450 3061
258
259 4028
260 362 3247
261 571 2022
262 1379
263 3557 3573
264 356 403 862 2046 2408 3372
265
266 416 425 460 481 534 1965 2373 3439 3532
267
268
269 423 723 1424 1425 3036 3797
270 477 914 1864 2425 2601 3798
271
272 2895
273 450 721 1485 1692 1853 2339 2433 2489 2603 2724
274 931 1885 3789
275 2056 2473
276
277 378 1983 2006 2358 2671 3308 3336 3781
278 1390
279
280 631 665 940 1883 1904 2314 3442
281 3144 3732
282
283
284 316
285 3135
286 3984
287 570 3324
288 357 474 1206 1566 1573 3025
289
290
291 917
292 396 582 756
293 3832 4048
294 533 1586 3747
295 2033 2760 2886 3405 3494 3511
296
297 718 746 905 2067 2940
298 1328
299 1314 1937
300 2958
301 1918
302
303 404 1018 1351 1751 3512 4050
304 1192 2929 3248
305 459
306 452 526 776 869 1555 2131 2735 3427 3766 3786
307 1202 3998
308 3760
309
310 935
311 581 1503
312 371 1349 3237
313
314
315 505 3968
316 1294
317 1848 2836 2845 3762
318 1149
319 2618
320 1630
321 1287 2104
322 1375
323 637 1543 3944
324
325 2201 3361
326 347 2042
327 440 892
328 634 1507 3281
329 2894 3121 3142
330
331 3598
332 3849
333
334 2313 2901
335 343 592 886 1366 2266 2924 3851
336 1486 1822 2212 2417 2458 2599 3765
337 2298
338
339
340
341
342 1047 1060 1305 1677 1838 2174 2243 2718 3550
343
344
345 653 1772 2394 2446 2482 2707 3642 4053
346
347
348 2139 3584
349 1764 1767
350
351 2685
352 448 900 943
353 1173 2111
354 661 1076 1377
355 442 745 823
356 1570
357 1009 1430
358
359 1019
360 934 1240 2426 2898 3377 3438
361
362 876 2587 2841
363
364
365 658 3098
366 411 920 2384
367 456 1569 2164 2979 3194 3914
368
369 579 1400 2088
370 875
371 3271
372
373 884 1035 1476 3185
374
375 1439 1781
376 1220 2323 2644
377 668 990 1900 3980
378 780
379 733 864 1020
380 647 1049 2016
381 1269 1464 1572 1628 1915
382 1311 3298
383 384 550 749 1263 2486 2743 3492 3620 3977
384
385
386 2045 3130
387
388
389
390 540
391
392
393 1866 2115
394 410 727 769 877 922 1194 3305 3412
395 2984 3579
396 457 632 801 899 965 1117 1637 1927 3283 3967
397 1665 2607
398 883 1890 1931 2070 3351 4074
399 740 1941
400 559 1274
401 2211
402 1706 1771 1789
403
404 3000
405
406 643 1777 3457
407
408 454 513 2843 3589 3623
409
410
411 577 814 2036 2640 3933
412 1535
413 3923
414
415 1146
416 1030 1100 1794 3065
417 1479 1790 1952
418 741 1057 3167 3306
419 576 1756 1961 2649 3614
420
421 908 918 1538 1798 2057 2725 3272 3393 3525
422 596 1236 1600 3813
423 790 3770
424 499 500 694 842 1017 1414 1481 1551 1621 1916 2085 2238 2254 3897
425 1404 3105 3474 4047
426
427 3128
428
429 783 796 1262
430 461 644 1737 3870
431 2918
432
433 978
434 1095 1870 1901 1984 2395 3158 3574
435
436
437 1107 3243 4083
438 3049
439
440 493 636 824 863 1026 1277 1345 2106 2868 3325 3383
441 1264
442 498 3784
443
444
445
446
447 1872 2023
448 519 1211 1713 2223 3290 3787
449 812 1029 1265 2977 3211 3864
450 1561
451
452
453 1410
454 626 822 867 2427 2650 3136
455 497 857
456
457 3225
458
459
460 3831
461 484 755
462 492 584 669 1457 1736 1881 3087 3382 3982
463 2889 3507 3972
464 1651
465
466 527 849 904 1533 2133 2172 2368 2399
467 510 564 958 1508
468 1063 1112 2513 2872 2981 3843
469 1396 2907
470 1054 2184
471
472 1705 2577 3571
473
474 732 1509 1707 2772 2795 3950
475 2038
476
477 1016 1300 1746 3032 3514
478 520
479 3276
480
481 838 878
482 511 3108
483 1015
484
485 1473 2652 4027
486
487 3114
488 1094 1148 2413 2589
489 1493
490 491 923 1700 1739 1910
491 1023 2337 3190
492 3048
493
494 608 1103 1258 1876 2119 2575
495 1724
496 633
497 1914 2989
498 761 880 1530 2367 3183
499
500 578 775 1860 2927
501
502 1055
503
504 1092 1679 2752 4008
505
506
507
508
509 828 3354
510 916 2727 2858 3696
511 662
512
513
514 819 2550
515 1208 1238 2667 3010
516
517 698
518 713 1064 2260 2499 4044
519 1581 2167 3610 3612
520 959 1749 3865
521 781 817 1727 1964 2892 3391
522
523 666 1156 1642 1773 2256 3576
524
525 2643
526 2656
527 3126
528 963 1160
529 1071 1812
530 3775
531 3088
532
533
534
535 1083 1667 1733 3122
536 945 1478 2996 3266
537 760
538 3538
539
540 981 1546 2661 2779 3417
541 705
542
543
544
545 786 851 2150
546 1130
547
548 2147
549 1267 1858
550 1359
551
552 1674
553 1214 2062 2218
554
555 1568
556
557 835 2061 3337
558
559 678 896 942 1037 1322 1753 2973 3084 3216 3319 3510
560 1184
561 1119 3224
562 2055 3241 3561
563
564 2030 2194
565
566 1913 2226 3103 3819 3945
567 725
568 2355
569
570
571 1321
572 1185 3231
573
574 2602
575 1004 2090 2120
576 3163
577 2995
578 1074 3078 3162
579 843 1418 1661 2660
580 1518 3729 3878
581 852 1065 1847 2876
582
583 804 2439
584 1153 1990
585
586 976 2273 4006
587 987 2221 2857
588
589 789
590 628 1317 2978 3332
591 3066
592
593
594 2219 2512 3435 3563
595
596 2614
597
598
599 1524
600 2422 3691
601
602 1567
603 2447
604 1932 3233
605 1061
606
607 811 1361 1585 2416 3463
608
609 2922 3120
610
611 1324 1403
612
613
614 1401
615 1412
616
617
618
619
620
621
622 2972
623 1690 1800 3960
624 1042 2051
625 693
626 800 1205 1437 1574 4001
627
628
629 879 1958
630
631 794 826
632 1720 1747 2441 2842 3396
633 2930
634 728 855 1394 1620 3165
635 2180
636
637 1487 1531 3375 4033
638 1972
639 1098
640 973 1933
641 1575 3830
642 872 1043 1320 2156
643
644
645
646 4066
647 720 815 1040 1233 1378 2037 2364
648 3751
649 1207
650 3303 3446
651
652
653
654 1139
655
656 840 1496 1868 2682 2817 3885
657
658 3772
659 715 2496 3244 3284 3803
660 848 893 2405 3706
661 1266 2693 3206 3547
662 2381 2455
663 1702 1970
664
665
666 2234 3154
667 1028 1072 2003
668 853 1610
669
670 991 2032 2166
671 701 726 3537 3937
672 915 1828 2904 3109 3390
673 2236
674 2353
675
676 735 765 1077 2862
677
678
679 706 1116
680 1494 1583
681 1006 3713
682 1744 2502 3205 3657 3993
683
684
685 1111 2013 2140 3014
686
687
688 1226
689
690
691
692
693
694
695
696 2142 3459
697
698 1489
699
700 810
701
702
703 1582 1731 2698 2834 3160
704 2510 2992
705 2790
706
707
708
709 1268 2913
710 3212
711 1318 1512 2397 2457 3384 4087
712
713 792 3286
714
715 3777 3985
716 881 1325 1601 2297 2555 2734 2861 2985 3488 3521 3673
717 2100
718
719 1656
720 1466 3131 3935
721 2076 2771
722 1332 1839
723
724
725
726
727
728 926
729 1606 1626 2920
730 782 1066 1070 1541 1795 3500 3509
731 3171
732 1003 1257
733 3806
734 778
735 868
736 1704 3943
737 2794
738 1676
739
740 779 1141
741 1384 1603 3092 3540
742
743
744 3850
745
746
747
748
749
750 3846
751
752 1873
753 2352
754
755 1210
756 1770 1968 3410
757
758 1126 1246 1260 1353
759
760
761 2097
762 3146 3802 3902
763 3814
764 830
765
766 2700 2745 3671
767
768 3433
769
770 845 1329 1500 2914 2956
771 1315 3959
772 1807 2764
773
774
775 1168 1553 3470
776 1995
777
778
779 932 1306 1681 2564 2739 3288
780 4086
781
782 2946
783 2668
784
785 1270 2420 2673 2777 3178 3257 3665
786
787 4055
788
789
790 2132 2514 3344
791 825 827 870 974 1022 1526 1528 1831 2035 3289 3581
792 2939
793 4039
794
795
796
797 2964
798 2647 2967
799 995 2820
800 1336 1346 1803 2925 3366
801 2928 3924
802
803 1687
804
805 4064
806
807 2008
808
809 1249 2588 3958
810 2459 4023
811
812
813
814 1902 1946 3033 3278 3385 3903
815
816
817 2509
818 850 949 1052 1985 2241
819 2264
820
821
822 2451 2791
823 3215 3669
824
825
826 2859
827 871 950 1109 3910
828 1079 1649 2094 3460
829
830 2823
831
832 1147 1331 2216 2966
833
834
835
836 2961
837
838
839 962 1537 3341
840
841 1316
842
843
844 1521
845 2578
846 1084 1115
847 910 2064 2867
848 1062 2349
849 1165
850
851
852
853
854
855 1228 1385 1440 2089 2565 2921 3198 3228 3440
856 858 1897 2666 2728 2800 3478
857 1123 1806 2311 2731 3042 3693 4005
858 938 1365 1924 2134 3299
859 1663
860 1532
861 1261 1559
862 2445 3986
863 1462 1892 2838 3727
864
865 1150
866
867 3041
868 996 1979 3199
869 3155 3415
870 2689 2906
871 1333
872 999 3542
873
874 1164 1389 1472 1514 2178 2289 2523 2641 3403
875 1299 2697 3513
876 3862
877 1909
878 2363
879 1011 3745
880
881 1363 3017
882
883
884 1310
885
886 1441 2952 3267 3891
887
888 2307 2438
889
890 951 1386 1717
891
892 903 948 1419 1844 2072 2096 2532 2954 3310 3398 3742 4031
893 2775
894 3060
895 2229
896
897
898
899 1470
900 3245
901 2638
902 954 1452 1501 2193 2466
903
904
905 1936 2612 3297 3613 3701
906
907 1190 1491 3301
908 1393 3222
909
910
911
912 3176
913
914 1813 2604 3750
915 1810 3752
916
917
918
919 1289 1447 2849 2850 3113 3452 3599
920 933
921 1785 2687 3480
922 1398 1673 2695 2723 3650 4091
923 1058 1245 1367 2449 2582
924
925
926
927
928
929
930 1038 1101 2158 2316 2347 2348 3526 3763
931 1497
932 1225 3700
933 2029 3374
934 1758 2440
935 1468 2809 3057
936 2732
937 2699
938 1330
939 1179
940
941
942
943
944 3567
945 1808 2934 3486
946
947 1129
948
949 2258 2585
950 1465
951
952
953
954 1599
955
956 1137 1461 1618 2245 4046
957
958 1825
959 3859
960
961 1339
962 998 1213 1805 1959 1977 2676 3794
963 1286
964 1921 3569 3593
965 3453 4056
966 1563 1845 2579
967 1073 2259 2908 3703
968
969 2329
970
971 2873
972
973
974
975 1088 1341 2428
976
977 1140 3327
978 1723 1741 3947
979 1967 3037 3653
980
981 1816
982
983 1780 3876
984 1296
985 2262 3208
986
987 1624
988
989 4004
990 1819
991 1096 1231 1719 2846
992
993
994
995 2741 3840
996 1554
997
998
999 4072
1000
1001
1002 1334 1934
1003 2830
1004
1005 1031 1432 1488 1641 1824 1986 2318 2597
1006
1007
1008
1009 2101 2105
1010
1011
1012
1013 3495
1014
1015
1016
1017 1167 1372 2125
1018
1019 1278 1863
1020
1021 1162
1022 1536 1817 1935 2822
1023
1024
1025
1026 2480 2991
1027
1028 1078 1144 1884 2176 3524 4080
1029 2207
1030
1031
1032 3533
1033 2622
1034
1035 1250
1036
1037 3874
1038
1039
1040 3921
1041
1042
1043
1044
1045
1046 2783
1047 1480
1048 1360
1049
1050
1051 1186
1052 3455 3733
1053 1971
1054
1055 1633 2388
1056
1057
1058
1059
1060 1348 2340
1061 1766 3379
1062 1159
1063
1064
1065
1066
1067
1068
1069 2852 3079
1070
1071
1072 3767
1073
1074
1075
1076
1077 1550 3152
1078
1079 1857
1080
1081
1082
1083
1084
1085
1086 3989
1087 2835
1088 1557
1089
1090
1091 3368
1092 2429
1093
1094
1095
1096 2281
1097
1098
1099
1100 1433 1545 3275 3616
1101
1102 1132 1323 1787 2321 3003
1103
1104 3381 3625
1105 2635
1106
1107
1108
1109
1110 3174
1111 2653
1112
1113
1114 1634
1115
1116 1826 2877 3667
1117 1547
1118
1119 1350 1445 3799 3808
1120 2017 3202
1121
1122 1769 2540
1123 4090
1124 1517 2296 3269
1125 1851
1126 2419 3356
1127 1145
1128
1129 3242
1130
1131
1132 1956
1133
1134 2456 3582
1135 2963
1136
1137 1761 2187
1138
1139
1140 2074
1141 1235 1597
1142
1143 1588 3607
1144 2186 3127
1145
1146
1147
1148 1631 1929
1149
1150
1151 2942
1152 1911
1153
1154
1155
1156
1157 1423 2443
1158 3504
1159
1160 1615 2605
1161
1162
1163
1164 1878
1165
1166
1167
1168
1169 4021
1170
1171
1172
1173
1174 1595 2782 2793 2865 3829
1175
1176
1177
1178
1179 1947 2196 2917 3552
1180
1181 1715 2284 3279
1182
1183 2896
1184 3187
1185 2437 3054
1186 2124 2574 3541
1187
1188
1189 2613 3519
1190
1191 1998
1192
1193
1194
1195 2077
1196
1197 2714
1198
1199
1200
1201 1584 2786
1202
1203 2071
1204 3595 3707
1205
1206 1627
1207
1208
1209
1210
1211 1421 1474 1835
1212 3973
1213
1214
1215 1221 1281 2252 3133
1216 3793
1217 1309 3333
1218
1219
1220 1498 2249 2911
1221
1222
1223
1224
1225 2511 2792 3055 3583
1226 2639
1227 3401 3764 3963
1228
1229 2350 2778 3137
1230 2185 3062
1231
1232 1614
1233 1408
1234
1235
1236 1344
1237
1238
1239 1981 2547
1240 2606
1241 2177
1242
1243 1650 3193
1244
1245 3132
1246
1247
1248
1249 2354
1250
1251 1335
1252
1253
1254
1255
1256 2128 2225 2232 2356 2669 3734
1257
1258 1689
1259 2625 2716 3218
1260
1261 1668
1262 3309
1263
1264
1265 2814
1266
1267 1695 2415
1268
1269 2888
1270
1271 4029
1272 1307
1273 1373 2519 2883
1274
1275
1276
1277
1278
1279 2310 2351 2919
1280
1281
1282 3672
1283 1888 2082 3915
1284
1285
1286
1287 2047 2087 2576 2774
1288 3070
1289
1290 1471 1617 2153 2595 3117 3188
1291 1587
1292
1293
1294 2609 3736
1295 3692
1296
1297
1298
1299 1639 1856 2840
1300 1718 2951
1301 2148 3602
1302 3497 3658
1303 2026
1304 2410
1305 3663
1306 2144
1307 3555
1308 1646 2010 2092 2943 3588
1309 2528
1310
1311
1312
1313
1314
1315
1316
1317
1318
1319
1320
1321
1322 2068
1323 1755
1324
1325
1326
1327
1328
1329
1330 2209
1331
1332 1625
1333
1334
1335 2024 2385 2993
1336
1337 3430
1338
1339 2336
1340 2874
1341
1342 2467 3102 3444
1343
1344
1345
1346
1347 1519 3044 3339 3842
1348
1349
1350
1351
1352 2319
1353
1354 4025
1355 3477
1356
1357 2688
1358
1359 2483 2938 3016 3731
1360 1596
1361 1556 3335
1362 3594 3716
1363 3058 3811
1364 2411 3838 4034
1365 2086 2500
1366 1635
1367 2970 3464
1368 1392 1593 1832 2542
1369 3454
1370
1371 2624
1372
1373 2570
1374
1375 2722 2844
1376
1377 1616
1378
1379
1380
1381 1693
1382
1383
1384 4063
1385
1386 2274 2330
1387 3031
1388 2882
1389
1390
1391 1852
1392 1818
1393 1578
1394 2712
1395
1396
1397
1398 3304
1399
1400
1401 1680 2494 2549 3437
1402
1403 3999
1404
1405
1406
1407
1408
1409
1410
1411 1750 3634
1412 1499
1413 3145
1414 1678
1415
1416 1435 2487
1417 1589 2116 3094
1418
1419 1511 1722
1420 2054 2173 2965
1421
1422
1423 2334 3956
1424
1425 2149 2501 2720
1426 2610
1427
1428
1429 1745
1430 1654
1431 1740
1432 2853 3027
1433 2170 2553 2664 2740 4065
1434
1435 1917 2374 3983
1436 3965
1437
1438
1439 1784
1440
1441
1442
1443
1444
1445 1716 3726
1446 1942
1447
1448
1449
1450
1451
1452 2805 2831 3012 3100 3467
1453 3912
1454
1455
1456 3200
1457
1458
1459 2389
1460
1461
1462 1697
1463 2228 2847 3029
1464
1465
1466
1467 3839 4030
1468 1685
1469
1470
1471 1920
1472
1473 1834 3258
1474 3566
1475
1476
1477 1632 1846
1478
1479
1480 3948
1481 2423
1482
1483
1484 3159
1485
1486
1487 2948
1488 2645
1489
1490
1491 2014 2122 3801 3961
1492 2659
1493 1762 2529 3008 3834
1494
1495 1613 1829 2949
1496
1497 3580
1498 3710
1499 2312
1500
1501 3648
1502
1503 2081 2123
1504 2757
1505 1982 3723
1506
1507
1508 2808
1509
1510 3605
1511
1512 1811 2360 2837 3423
1513
1514
1515
1516 3001
1517 2759 2905
1518
1519 2213
1520
1521
1522
1523 2251 2556 2651 3360
1524
1525
1526 2152 2960 3322 3670
1527 1608
1528 2753
1529 2109
1530 2099 2686
1531
1532
1533 2535
1534
1535
1536
1537 3662
1538
1539 2000
1540 2065
1541 2701
1542 2079 2288 2546
1543 2681 4000
1544
1545
1546
1547
1548 4054
1549
1550 4043
1551 3629
1552
1553
1554
1555 2372
1556
1557
1558
1559
1560 2371 3857
1561 3348
1562 2833 3340
1563
1564
1565
1566
1567 3826 3991
1568
1569
1570
1571
1572 2476
1573 3587
1574
1575
1576
1577 1950 2969 4076
1578
1579 2627 3450 3697
1580
1581
1582
1583
1584
1585 2488
1586
1587
1588 2448
1589
1590
1591
1592
1593 3824
1594
1595 1776
1596
1597 3026
1598
1599
1600 1669 1940
1601
1602
1603 3095 3898
1604
1605 2479
1606
1607
1608 3207
1609 3134 4013
1610
1611
1612
1613
1614 2953
1615
1616
1617
1618
1619 3997
1620
1621
1622 1782 3568
1623 3330 3399
1624 3687 3901
1625
1626 1682
1627 2541
1628
1629
1630
1631
1632
1633 3039
1634
1635
1636
1637 2114
1638
1639
1640
1641 2027 2205
1642 3107
1643
1644
1645
1646 3572
1647
1648
1649 1944
1650
1651
1652
1653 1662
1654
1655
1656 2988
1657
1658
1659
1660 2592 3364 4036
1661 3358
1662
1663
1664 2331 2506 3129
1665
1666
1667
1668
1669
1670
1671
1672
1673 3253
1674 2531
1675 2492
1676 1949 3823
1677
1678 1894 2742
1679
1680
1681 2306
1682 2730
1683 2320
1684 3406
1685 2040 3051
1686
1687
1688
1689
1690
1691
1692
1693
1694
1695 4068
1696 2220
1697 3553 3888
1698
1699 2303 2559
1700 2552
1701
1702
1703
1704
1705
1706
1707
1708
1709
1710
1711
1712
1713
1714 2691
1715 2379
1716
1717
1718 3575
1719
1720
1721 3112
1722 2796
1723
1724
1725
1726 3920
1727
1728
1729
1730 2950
1731
1732 3817
1733
1734 3182
1735
1736 1930
1737
1738 2637
1739
1740
1741 2075
1742 1992 2179
1743 2932
1744
1745 2621
1746
1747
1748
1749
1750
1751
1752
1753
1754
1755
1756
1757 3056
1758
1759
1760
1761 3362 3445 3678
1762
1763
1764
1765
1766
1767
1768
1769 2770
1770
1771 2159
1772
1773
1774
1775
1776 2962
1777
1778
1779
1780 2788
1781
1782 2244
1783
1784
1785
1786 2324
1787 2678 2766
1788
1789
1790 1895 2484 3931
1791 2568 3800
1792
1793
1794
1795
1796 3209
1797
1798 2165
1799 3373
1800 2034
1801
1802
1803 1823 2404 2787 3796
1804
1805 2338 2567 3809
1806
1807
1808
1809
1810
1811 3261
1812
1813 2715
1814 2616 2860 3618
1815
1816
1817
1818
1819
1820 3106 3639
1821
1822
1823 3792
1824
1825
1826
1827
1828
1829
1830
1831
1832
1833
1834
1835
1836 2705 3591 3684 3953
1837 2444 2875
1838
1839
1840 2028
1841
1842
1843 2657
1844
1845
1846 3908
1847
1848
1849 2378 3074
1850
1851
1852
1853
1854 3238
1855
1856
1857 2719 3828
1858 3217
1859
1860
1861 2287
1862
1863
1864
1865
1866
1867
1868
1869
1870
1871
1872
1873
1874
1875
1876 2169 3352
1877
1878 2935
1879
1880
1881
1882
1883
1884
1885
1886 2554 3365
1887
1888
1889
1890
1891
1892
1893
1894
1895
1896
1897
1898
1899 2674 2773
1900
1901 3820
1902
1903
1904
1905 2474
1906
1907
1908
1909
1910
1911
1912
1913 2018
1914 2663
1915
1916
1917
1918 3759
1919
1920
1921
1922
1923
1924
1925
1926 4088
1927
1928
1929 2230 2683 3844
1930
1931
1932
1933 3115
1934 3180
1935
1936
1937
1938
1939 2390 2696
1940 3499 3539
1941 2629
1942
1943
1944
1945 3249 3880
1946
1947
1948 2776
1949
1950
1951
1952 2717
1953 3617
1954
1955
1956 3717
1957
1958
1959
1960
1961
1962 2495
1963
1964
1965
1966
1967 2912
1968 2744
1969 2431 4077
1970
1971
1972 2726
1973
1974
1975 3323
1976 3219 3420
1977
1978
1979 2562
1980 3168
1981
1982
1983
1984
1985
1986 4089
1987 1989
1988
1989
1990
1991
1992
1993
1994
1995
1996 2825
1997 2968
1998
1999 2160 2237 2247
2000
2001 2631 3268
2002
2003
2004
2005
2006
2007
2008
2009
2010
2011 3402
2012 2462
2013
2014 2789
2015
2016
2017
2018
2019
2020
2021
2022 2424
2023
2024
2025
2026
2027 4024
2028
2029
2030 3776
2031 2711 3476
2032
2033 3263 3938
2034 2113
2035 2200 3343
2036 2708
2037 2377 2633 3432 3845
2038
2039 3431
2040
2041 2481
2042
2043
2044
2045
2046
2047
2048
2049 2469
2050
2051
2052
2053
2054 2327 3735
2055 3357
2056
2057
2058
2059 3558
2060
2061
2062 3277
2063
2064
2065 3496 3939
2066
2067 3287
2068
2069 2690
2070
2071 2235
2072 2359
2073
2074
2075
2076
2077 3978
2078
2079
2080
2081
2082
2083 2325
2084 2508 2890 3916
2085 2807 3548 3875
2086
2087
2088
2089 2737
2090
2091
2092
2093
2094
2095
2096 2366
2097
2098
2099 2279 2517
2100 3181
2101
2102
2103
2104 3522
2105
2106
2107
2108
2109
2110
2111
2112 2591
2113
2114
2115
2116
2117
2118
2119
2120
2121
2122
2123
2124
2125 2208 3111
2126
2127
2128
2129
2130
2131
2132
2133
2134
2135
2136
2137 2332
2138 2548
2139
2140
2141
2142
2143
2144
2145 2391 2869 4082
2146
2147
2148 3404
2149
2150
2151
2152
2153
2154 4042
2155
2156
2157
2158
2159
2160 3619
2161
2162
2163
2164
2165
2166
2167
2168
2169
2170 2675
2171
2172
2173 3719
2174
2175
2176
2177
2178 3970
2179
2180
2181
2182 3226 3471
2183 3758
2184
2185
2186 2277 3408 3456
2187 3740
2188
2189 2246
2190 2679 4059
2191
2192
2193
2194 2315 2765 3841
2195 3718
2196
2197
2198 3338 3660
2199
2200
2201
2202
2203
2204
2205 2692
2206
2207 3661
2208 3235 3905
2209 4085
2210 2902
2211
2212 3436
2213
2214
2215
2216
2217 2402
2218 2933 3518
2219
2220
2221
2222 2343
2223
2224 2250 2435
2225
2226 3318
2227
2228
2229
2230
2231 3640
2232
2233 2369
2234
2235
2236
2237 2275 3139
2238
2239 2268
2240
2241 2460 2611
2242 2654 2864 3157
2243
2244
2245
2246 2557 3232 3894
2247 3603 4007
2248
2249
2250 2829 3172
2251
2252
2253 3647
2254
2255
2256 2561 3151
2257
2258
2259 2623
2260
2261
2262
2263 2545
2264
2265 2572
2266
2267
2268
2269
2270 3728
2271
2272
2273
2274
2275 3096
2276
2277
2278
2279
2280 2878 4057
2281
2282
2283
2284
2285
2286 2412
2287
2288
2289
2290 2974
2291 3099
2292 2566 2910
2293
2294
2295
2296
2297
2298 2758
2299
2300
2301 3515
2302
2303
2304
2305
2306 3320 3421 3447 3780
2307 3081
2308
2309 2738
2310
2311 2706 3246
2312
2313
2314 3389
2315
2316
2317
2318
2319
2320
2321
2322
2323
2324 3893
2325
2326
2327
2328 2341 2596
2329
2330
2331
2332
2333
2334
2335
2336
2337 2959 3413
2338 2382 2721
2339 3067
2340 3560
2341 3149 3749 3899
2342
2343
2344
2345
2346 2891
2347
2348
2349
2350 2677
2351
2352
2353
2354
2355
2356
2357
2358
2359
2360
2361 3624
2362
2363
2364
2365 3104
2366 3347
2367
2368
2369
2370
2371 3543
2372
2373
2374
2375
2376
2377
2378 2870
2379
2380
2381 3860
2382
2383
2384
2385
2386 3549
2387
2388
2389
2390
2391
2392
2393
2394
2395
2396
2397 3804
2398
2399
2400
2401
2402
2403
2404 3125 3394
2405
2406
2407 2414 2747
2408
2409 3034
2410 3930
2411
2412
2413
2414
2415 3649
2416 2816 4037
2417 3019
2418
2419
2420
2421
2422
2423
2424
2425
2426
2427
2428
2429 3586
2430
2431
2432
2433
2434 3866
2435
2436
2437
2438
2439
2440
2441 3520
2442 3652 3884
2443
2444
2445
2446
2447
2448
2449
2450
2451
2452
2453 3089
2454 2746
2455 4079
2456
2457
2458 3458
2459
2460
2461
2462
2463
2464 2983 3621
2465
2466
2467
2468
2469
2470
2471
2472 2670
2473
2474 3259 3378
2475
2476
2477
2478 3085 3925
2479
2480
2481
2482 3975
2483 3353
2484
2485
2486
2487
2488
2489 2520 2590 3825
2490
2491
2492
2493
2494
2495
2496
2497
2498
2499
2500
2501
2502
2503
2504
2505 3485
2506 2525 3250
2507
2508
2509
2510 3022
2511 3601
2512
2513
2514 3655
2515 3147
2516
2517
2518
2519
2520
2521 3609
2522
2523
2524 3429
2525
2526 3023
2527
2528
2529
2530
2531
2532
2533
2534
2535
2536
2537
2538
2539
2540
2541
2542
2543
2544 3426
2545 3508 3705
2546
2547
2548 3503
2549
2550
2551
2552
2553
2554 3047
2555 3203
2556
2557
2558 3523 3955
2559 3932
2560
2561
2562 3334
2563
2564
2565
2566 2826
2567
2568
2569
2570
2571
2572
2573
2574 4060
2575
2576 3743
2577
2578
2579
2580
2581
2582
2583
2584
2585
2586
2587
2588
2589
2590 2881
2591
2592
2593 3053 3273
2594 3204
2595
2596
2597 3952
2598 2634
2599
2600
2601
2602
2603
2604 3312
2605 3551
2606
2607
2608 3544
2609
2610
2611
2612
2613
2614
2615
2616
2617
2618
2619 2815 3879 3964
2620
2621
2622
2623
2624
2625
2626
2627 3300
2628
2629
2630
2631
2632
2633 2944
2634
2635
2636
2637
2638
2639
2640
2641
2642
2643
2644
2645
2646 3854
2647 4062
2648
2649
2650
2651
2652
2653
2654
2655
2656
2657 3179
2658 3118
2659
2660
2661
2662
2663
2664
2665 3892
2666
2667
2668 3150 3721
2669
2670
2671
2672
2673
2674
2675 3704
2676
2677
2678
2679
2680
2681 3484
2682
2683 3934
2684
2685 2799
2686
2687 3597
2688
2689
2690
2691
2692
2693
2694
2695
2696
2697
2698
2699
2700
2701
2702
2703
2704
2705 2971
2706
2707
2708
2709
2710
2711 3887
2712
2713
2714
2715
2716
2717 2812
2718
2719
2720
2721
2722 3020
2723
2724
2725
2726
2727
2728
2729
2730 3570
2731
2732
2733
2734
2735
2736
2737
2738
2739
2740
2741 3124
2742
2743
2744
2745
2746
2747
2748
2749
2750
2751 3270
2752
2753
2754
2755
2756
2757
2758
2759
2760
2761
2762
2763
2764
2765
2766
2767
2768 3342
2769
2770
2771
2772
2773
2774
2775
2776 3046
2777
2778
2779
2780
2781
2782
2783
2784
2785
2786
2787
2788
2789
2790
2791
2792
2793 3294
2794
2795
2796 2818
2797
2798
2799
2800
2801
2802
2803
2804
2805
2806
2807
2808 3265
2809
2810
2811
2812
2813
2814 2994
2815
2816 3633 3919
2817
2818
2819 3380
2820
2821
2822
2823 3724
2824
2825
2826
2827 3680
2828
2829
2830
2831
2832
2833
2834
2835
2836
2837
2838
2839
2840
2841
2842
2843
2844
2845
2846
2847
2848
2849
2850
2851
2852
2853
2854 2916
2855
2856
2857
2858
2859 3331
2860
2861
2862
2863
2864
2865 3170
2866
2867
2868 3166
2869 3685
2870
2871 3220
2872
2873
2874
2875
2876
2877
2878 3451
2879
2880
2881
2882
2883
2884
2885
2886
2887
2888
2889
2890 3072
2891 3153
2892
2893
2894
2895
2896 3080
2897
2898
2899
2900
2901
2902 3416 3656
2903
2904
2905
2906
2907
2908
2909
2910
2911
2912
2913
2914
2915
2916
2917
2918
2919 3904
2920
2921
2922
2923
2924
2925
2926
2927
2928
2929
2930
2931
2932
2933
2934
2935 3369
2936 3169 3668
2937
2938
2939 3976
2940
2941 3302
2942
2943
2944
2945
2946
2947
2948 3213
2949
2950
2951
2952
2953 2955
2954
2955 3307
2956
2957
2958
2959
2960
2961
2962
2963
2964 3654 3847
2965 3790
2966 3631
2967 3969 3988
2968
2969
2970 3638
2971
2972
2973
2974
2975
2976
2977
2978
2979
2980
2981
2982
2983 3186 3291
2984
2985
2986
2987
2988 3024 3316
2989
2990
2991
2992
2993
2994
2995
2996
2997
2998
2999 3443
3000
3001
3002
3003
3004
3005
3006
3007 4002
3008
3009
3010
3011
3012 4018
3013
3014
3015
3016
3017
3018
3019
3020
3021
3022
3023 3175
3024
3025
3026
3027
3028
3029
3030
3031 3971
3032
3033
3034
3035
3036 3388
3037 3927
3038
3039
3040
3041
3042
3043
3044
3045
3046
3047
3048
3049
3050
3051
3052
3053
3054
3055
3056 4011
3057
3058
3059
3060
3061 3189
3062
3063
3064
3065
3066 3722
3067
3068
3069
3070
3071 3686
3072
3073
3074
3075
3076
3077
3078 3424 3534
3079
3080
3081 3173
3082
3083
3084
3085
3086
3087
3088
3089
3090
3091
3092
3093
3094
3095
3096
3097
3098
3099
3100
3101
3102
3103
3104
3105
3106
3107
3108
3109 3690
3110
3111
3112
3113
3114
3115 3712
3116
3117 3400
3118
3119
3120 3626 3913
3121
3122
3123
3124
3125
3126
3127
3128
3129
3130
3131
3132
3133
3134
3135
3136
3137 3698
3138
3139
3140
3141 3688
3142
3143
3144 3674
3145
3146
3147
3148
3149
3150
3151 3677
3152 3636
3153 3274 3627
3154
3155
3156
3157
3158
3159 3578
3160
3161
3162
3163
3164
3165
3166
3167
3168 3214
3169
3170
3171
3172
3173
3174
3175 3694
3176
3177
3178
3179
3180
3181
3182
3183
3184
3185
3186
3187
3188
3189
3190 3833 3909
3191
3192 3428
3193
3194
3195
3196
3197
3198
3199
3200
3201
3202
3203
3204
3205
3206 3221
3207
3208
3209 3890
3210
3211
3212
3213
3214
3215 3756
3216
3217
3218 3517
3219
3220
3221
3222
3223
3224
3225
3226
3227
3228
3229
3230
3231
3232
3233
3234
3235
3236
3237
3238
3239
3240
3241
3242
3243
3244
3245
3246
3247
3248 3359
3249
3250 4026
3251
3252
3253 3966
3254
3255
3256
3257
3258
3259
3260
3261
3262
3263
3264
3265
3266
3267
3268
3269 3791
3270
3271 3528 3835
3272
3273
3274
3275 4032
3276
3277
3278
3279
3280
3281
3282
3283
3284
3285
3286
3287
3288
3289
3290
3291
3292
3293
3294
3295
3296
3297
3298 3387
3299
3300
3301 3768
3302
3303
3304
3305
3306
3307 3928
3308
3309
3310
3311
3312 3979
3313
3314
3315 3911
3316
3317
3318 3600
3319
3320
3321
3322 3922
3323
3324
3325
3326
3327 3434
3328
3329
3330
3331
3332
3333
3334 3881
3335
3336
3337
3338
3339
3340
3341 3757
3342
3343
3344
3345
3346
3347
3348
3349
3350
3351
3352
3353
3354
3355 3489
3356
3357 3651
3358
3359
3360
3361
3362
3363
3364 3409
3365
3366
3367
3368
3369
3370
3371
3372
3373
3374
3375
3376
3377
3378
3379 4022
3380
3381
3382
3383
3384
3385
3386
3387
3388
3389
3390
3391
3392
3393
3394
3395 3531 4020
3396
3397
3398
3399
3400
3401
3402
3403
3404
3405
3406
3407
3408
3409
3410
3411
3412 3646
3413
3414
3415
3416
3417 3807
3418
3419 3755
3420
3421
3422
3423
3424
3425
3426
3427
3428
3429
3430
3431
3432
3433
3434
3435
3436
3437 3622
3438
3439
3440
3441
3442
3443
3444
3445 3815
3446
3447
3448
3449
3450
3451
3452
3453
3454
3455
3456
3457
3458
3459
3460
3461
3462
3463
3464
3465
3466
3467
3468
3469
3470
3471
3472
3473
3474
3475
3476
3477
3478
3479
3480
3481
3482
3483
3484
3485
3486
3487
3488
3489
3490
3491
3492
3493
3494
3495 3577
3496
3497
3498
3499
3500
3501
3502
3503
3504
3505
3506
3507 3889
3508
3509
3510
3511
3512
3513
3514
3515
3516 4084
3517
3518
3519
3520
3521
3522
3523
3524
3525
3526
3527
3528
3529
3530
3531
3532
3533
3534
3535
3536
3537
3538
3539
3540
3541
3542
3543
3544
3545
3546
3547
3548
3549
3550
3551
3552
3553
3554
3555
3556
3557
3558
3559
3560
3561
3562
3563
3564
3565
3566
3567
3568
3569
3570 3957
3571 3877
3572
3573
3574
3575
3576
3577
3578
3579
3580
3581
3582
3583 3992
3584 3615
3585
3586
3587
3588
3589
3590
3591
3592
3593
3594
3595
3596 3863
3597
3598 3643
3599
3600
3601
3602
3603
3604
3605
3606
3607
3608
3609
3610
3611
3612
3613
3614
3615
3616
3617
3618
3619
3620
3621
3622
3623
3624 3679
3625
3626
3627
3628
3629 4049
3630
3631
3632
3633
3634
3635
3636
3637
3638
3639
3640
3641
3642
3643
3644
3645
3646
3647
3648
3649
3650 3810
3651 3708
3652
3653
3654
3655
3656
3657
3658
3659
3660
3661
3662
3663
3664
3665
3666 4069
3667
3668
3669
3670
3671
3672
3673
3674
3675
3676
3677
3678
3679
3680
3681
3682
3683
3684
3685
3686
3687 3951
3688
3689
3690
3691
3692
3693
3694
3695
3696
3697
3698
3699
3700
3701
3702
3703
3704
3705
3706
3707
3708
3709
3710 4016
3711
3712
3713
3714
3715
3716
3717
3718
3719
3720
3721
3722
3723
3724
3725
3726
3727
3728
3729
3730
3731
3732
3733
3734
3735
3736
3737
3738
3739
3740
3741
3742
3743
3744
3745
3746
3747
3748
3749
3750
3751
3752 3769
3753
3754
3755
3756
3757
3758
3759 4071
3760
3761
3762
3763
3764
3765
3766
3767
3768
3769
3770
3771
3772
3773
3774
3775
3776
3777
3778
3779
3780
3781
3782
3783
3784
3785
3786
3787
3788
3789
3790
3791
3792
3793
3794
3795
3796
3797
3798
3799
3800
3801
3802
3803
3804
3805
3806
3807
3808
3809
3810
3811
3812
3813 4073
3814
3815
3816
3817
3818
3819
3820
3821
3822 3873
3823
3824
3825
3826
3827
3828
3829
3830
3831
3832
3833
3834
3835
3836
3837
3838
3839
3840
3841
3842
3843
3844
3845
3846
3847
3848
3849 3872
3850
3851
3852
3853
3854
3855
3856
3857
3858
3859
3860
3861
3862
3863
3864
3865
3866
3867 4010
3868
3869
3870
3871
3872
3873
3874
3875
3876
3877
3878
3879
3880
3881
3882
3883
3884
3885
3886
3887
3888
3889
3890
3891
3892
3893
3894
3895
3896
3897
3898
3899
3900
3901
3902
3903
3904
3905
3906
3907
3908
3909
3910
3911
3912
3913
3914
3915
3916
3917
3918
3919
3920
3921
3922
3923
3924
3925
3926
3927
3928
3929
3930
3931
3932
3933
3934
3935
3936
3937
3938
3939
3940
3941
3942
3943
3944
3945
3946
3947
3948
3949
3950
3951
3952
3953
3954
3955
3956
3957
3958
3959
3960
3961
3962
3963
3964
3965
3966
3967
3968
3969
3970
3971
3972
3973
3974
3975
3976
3977
3978
3979
3980
3981
3982
3983
3984
3985
3986
3987
3988
3989
3990
3991
3992
3993
3994
3995
3996
3997
3998
3999
4000
4001
4002
4003
4004
4005
4006
4007
4008
4009
4010
4011
4012
4013
4014
4015
4016
4017
4018
4019
4020
4021
4022
4023
4024
4025
4026
4027
4028
4029
4030
4031
4032
4033
4034
4035
4036
4037
4038
4039
4040
4041
4042
4043
4044
4045
4046
4047
4048
4049
4050
4051
4052
4053
4054
4055
4056
4057
4058
4059
4060
4061
4062
4063
4064
4065
4066
4067
4068
4069
4070
4071
4072
4073
4074
4075
4076
4077
4078
4079
4080
4081
4082
4083
4084
4085
4086
4087
4088
4089
4090
4091
