#/opt/homebrew/Caskroom/miniconda/base/envs/hack25/lib/python3.12/site-packages/ipykernel_launcher.py --f=/Users/jpinney/Library/Jupyter/runtime/kernel-v352576b36ed274793969b57d69d8306c9df606370.json
# GMT Sun Jul 20 12:27:20 2025
# 
0 1 2 4 7 18 19 20 22 30 38 42 48 51 55 58 69 75 94 115 156 163 202 222 277 281 303 343 356 377 399 429 452 604 637 640 674 754 780 804 834 903 964 1040 1117 1149 1172 1218 1227 1300 1303 1352 1367 1492 1499 1511 1512 1571 1577 1623 1749 1827 1858 1877 2019 2119 2122 2143 2163 2207 2267 2310 2346 2404 2533 2662 2728 2746 2758 2781 2831 2867 2895 2962 2969 3125 3215 3279
1 3 8 9 26 78 91 118 150 161 164 169 201 209 239 248 368 503 566 659 678 735 783 812 849 1183 1223 1327 1336 1425 1427 1459 1467 1482 1626 1983 2251 2295 2444 2570 3163 3180 3237
2 13 14 16 28 49 61 103 108 153 157 285 352 387 420 522 808 1003 1362 1376 1423 1590 1860 2032 2178 2461 2604 2736 2769 2938 2976 3185
3 6 120 149 235 291 313 328 336 363 425 479 495 509 530 558 738 901 958 1054 1070 1201 1254 1272 1587 1608 1732 1941 2030 2046 2127 2282 2319 3158 3247
4 5 29 35 59 62 85 90 175 190 203 237 410 462 571 629 880 929 1104 1216 1424 2285 2380 2927 3015 3099
5 10 32 56 68 133 210 220 526 750 970 1039 1420 1566 1672 1747 1812 1886 2239 2281 2366 2586 3048
6 44 390 898 923 1018 1103 1478 2130 2643
7 40 47 76 117 380 598 771 881 1121 1531 1830 1840 2115 2244 2437 2499 2695 3100
8 11 12 17 27 33 46 50 73 74 81 82 93 105 134 154 173 181 261 301 418 485 492 517 518 560 607 609 645 647 710 732 734 785 892 927 938 1017 1055 1056 1058 1079 1159 1193 1250 1262 1353 1397 1415 1460 1469 1688 1742 1839 1903 2116 2188 2307 2321 2502 2519 2569 3179 3216 3229
9 15 37 129 130 141 144 284 355 382 385 984 1243 1279 1441 1517 1936 2218 2309 2801 2853 2883
10 23 121 636 2220
11 95 251 264 444 556 862 925 1385 1544 1682 2577
12 194 433
13 60 1047 1575
14 53 2485 2846
15 21 279 335 646 935 1405 1616 1660 2427 2913 2926 3019
16 25 31 34 110 114 155 233 240 249 256 384 426 572 594 644 788 816 1042 1281 1293 1667 1826 1940 2110 2258 2329 2388 2403 2416 2433 2590 2708 2872 2952
17 131 311 395 534 1703 2007 3207
18
19 564 655 931
20 350 473 578 619 654 953 1868 1981 2021 2059 2069 2101 2231 2609 2661 2858
21 24 71 531 779 1207 1337 2426 2557 2645
22 39 136 351 369 455 529 820 865 1173 1702 2227 2677 3109 3202
23 145 570 1785 2627 2751 2856
24 43 119 198 213 215 228 318 441 606 665 1143 1271 1426 1432 1586 2451 2565 2774 2921 3013
25 112 316 416 614 850 1684 2248 2674 2704 2873 3008
26 116 176 252 292 412 474 1856 1864 2009 2521 2665 2753 2896
27 67 99 132 192 370 374 375 499 520 541 615 661 675 744 921 993 1020 1067 1105 1133 2042 2133 2771 2828 3102
28 65 66 83 88 142 448 498 548 593 1217 1328 1389 1970 2117 2249 2673 2723
29
30 45 102 106 151 170 638 980 1347 2234
31 36 77 97 185 286 321 409 436 511 561 764 859 897 981 1032 1097 1139 1169 1209 1409 1649 1656 1724 1778
32 101 168 219 238 361 406 536 625 726 1863 1945 2245
33 41 64 137 3028
34 2361
35 162 298 302 373 378 464 701 864 910 933 966 1048 1050 1305 1583 1931 3087 3164
36 87 107 327 435 508 510 847 1130 1299 1776 1915 2355 2486 2634 2791 2798 2844 2968
37 80 875 2209 2394
38 225 577 790 1731
39 437 440 680 2799
40 79 293 314 332 364 533 1001 2630 2693 2759 3044 3172
41 226 997
42 63 269 858 1290 1690 2222 2638 2954
43 1343 1821 2950
44 52 57 111 195 224 243 289 512 562 775 1412 1880 2631
45 135 223 280 349 402 1198 1539 1987 2123 2180 2965
46 54 72 160 180 214 348 476 525 832 912 1800 2299 2335
47 545 769 992 1131 1251 2050 2093
48 98 104 308 344 976 1277 1618 2330 2687 2797 3010 3131
49
50 171
51 245 358 359 540 613 664 879 1108 1242 1464 1525 1974 2105
52 230 940 2658
53 258 275 306 515 550 784 1820 2659 3231
54 92 158 247 1228 1354 1574 2816 3246
55 196 480 507 580 1348
56 89 212 617 689 851 1126 3104
57 70 1019 1316 2368
58
59 2664
60 128 217 271 333 478 484 998 1256 1382 1900
61 147 183 574 736 799 2187 2379 2789 3217
62
63 714 1692 3205
64 96 914 1658 1841 2052 2157
65 199 1398
66 930 2782
67 1766 2480 3032
68 86 184 415 706 1523 1555 1897 2487
69
70
71 109 122 167 360 458 672 1041
72 140 288 599 968 1093 1393 1416 1520 2171 2203 3043
73 84 268 276 766 795 2056 3049
74 1306 1444 1654 1938 2594 2602
75
76 504 1006 1049 1429 2477 3177
77
78 1051 2100 2103
79 401 695
80 449 950 2353 2912 3160
81 113 630 667 983 2057
82 236 896 919 962 1064 1507
83 146 315 1244 1550
84 341 1758 2268
85
86 260 263 372 468 586 697 759 890 1111 1147 1706 2518 2788
87 457
88 123 172 296 397 555 601 720 963 1241 1631 1798 1916 2300 3113
89 246 840 1077 1448 2716 2849 3122
90 100 148 299 414 568 841 854 1135 1754 2529 2689 2822 3141 3144
91
92 124 125 265 699 1621 1671 2106 2212 2279
93
94 1016
95 127 193 1793
96 982 1021 1378 2522 2697
97 205 290 329 334 438 596 685 690 752 763 828 885 1082 1138 1162 1219 1226 1355 1476 1580 2072 2320 2583 3218
98
99 944 1710 1726 2356
100 1360 2036 2466
101 392 532 618 1494 1761 2254
102 244 255 274 632 1304 1439 2582
103
104
105 166 229 283 357 477 582 605 959 1087 1221 1230 1396 1648 1799 2531 2553 3151
106 165 330 459 1383 2396 2739
107 200 1418 2109
108
109 469 806 809
110 461 693 728 951 1379 2091
111
112 376
113 463 989
114 159 232 660 824 1061 1210 1458
115 2432
116 304 1721 1967
117
118
119 340 3103
120 670
121 126 324 1171
122
123
124 186 187 207 221 323 337 394 836 1637 1995 2686
125 648 1085 1462 1518 2543
126
127
128 676
129 143 266 563 2015
130 188 405 1231 1278 1319 1320 1599 2280 2877
131 139 242 584 918 1123 1330 1455 2159 2824
132
133
134 549 1033
135 300 422 554
136 138 152 227 411 421 702 708 924 948 1031 2503
137 621 1709 2934
138 179 250 628 1094 1132 1301 1865 1958 2292 2304 2447 2572 3268
139 990 1260
140 177
141
142 1002
143
144 2372
145 178 899 1629 1659 2148 2257 2428 3076
146 189 262 472 838 1190 1203 1311 1676 1884
147 546 1236 2808
148
149 231 346 347 371 379 616 1852 1861 3086
150 1585 3039
151 404 2383
152 825 867
153 310 494 496 746 957 2153
154 174 1838
155
156
157 622 739 786 1026 1640 1740 2348 2891 2995
158
159 1369
160 305 1867
161 413
162 800 1764 3248
163 939 2288 2467
164 642 1552 2988
165 182
166 206 565 1813
167
168 2945
169 365 403 926 1046 1204 1849 1976 2452 3110
170 1406 2690 3189
171 408 1755
172 1526 2039
173 1634
174 1357 2104
175
176 273 524 826 937 1249 1705 1893 2316 2884 2957 3064 3264
177 1963
178 211 259 600 991 1154 1332 3257
179 197 490 819 844 1005 1095 1335 1504 1828 1847 2073 2192 2422 2663 3092
180 191 423 552 774 887 889 956 1474 1498 1835 1921 2875 3000 3198
181 267 398 454 489 527 528 1023 1543 2190 2228 2455 2544 2819 3016
182 241 428 514
183 295 1466 1771 2049
184 208 427 488 631 724 1461 1548 2922
185 204 602 611 641 643 760 1650 1719 3253
186
187
188
189
190 432
191
192 253 287 456 1208 1292 1844 1872
193 1062
194 234 542
195
196 856
197 1527
198 254 3194
199 354 1568 1787 1823 2001 2031
200 366 2599
201
202 451
203 767 2000 2126
204
205 257 431 920 1340 2641 2650
206
207 282 353 388 446 521 719 866 934 972 1270 1664 1687 2811 3057 3093
208 216 2889
209
210 218 2088
211 270
212 718
213 1168 1925 1957
214 952 1565 3054
215
216
217 1037 1069
218 772 822
219 493 523 1449 1557 1620 2142 2493 2992
220
221 320 1011
222
223 557 639 770 776 852 943 1008 1015 1091 1211 1212 1530 1789 2555 3170
224 955
225 1717
226
227
228 317 945
229 272
230
231 1308 1344 1752 1859 1966
232 909 2606 2721
233 2205 2375
234
235 1691
236 796
237
238
239 513 579 612 1595 2074 2463
240
241 312 396 623 2004 2987
242 650 2699 2866
243 362 1373 2752
244 588 1698
245 345 445 729 1733 2308
246 801
247
248
249 339
250 794 883 893 1738
251 486 1370
252 1630 2136
253 307 1057 1078 1842 1890 2290
254
255 671 913 1044 1196 1404 1652 1980 2102 2909 3149
256 1122
257 996 1366
258 1349
259
260 1781
261 703 1114
262 1176
263 916 1973 2483
264 1470 1540 1596 3143
265 1027 1392 2840 3197
266 985
267 3004
268
269 278 466 583 1074
270
271 1632
272 941 1377 1924
273 443 751
274 1911 2358 3018
275
276 322 419 1364 1753 1876 3020
277
278 319 325 326 505 608 789 877 2089 3225
279
280 297 1465
281
282 986 1342 1438 1953 1982 2014 2107 2402 2523 2671 2718 3108 3153 3254
283 846 1233
284 2667
285
286 653 666 773 907 1561 1817 2429 2482 3132
287 2600 3165
288
289 294 544 682 1118 1156 1202 1558 2061 2536 2675
290 471 704 1124 1295 1529 2370 2923
291 309 567 651 745 1408 2649
292 331
293 389 470 539 765 837 908 1146 1323 1932 2003 2124 2492
294 2765 3050
295 2313
296 882 1174 1666 2984
297 869 891 1633 1902 2398
298
299
300 338 381 386 447 1391 3187
301 694 1145 1191 1665 2508 2668 3035
302 1445 2328
303 407 2670 2989 3120
304 342 692 757 813 843 2460
305 460 870 1371 2410
306 652 1792 2260 2315 2339
307 1892 3227
308 2552
309
310 1643
311 501 686 904 1334 1947 2443 2725
312
313 591 1136 1559 1768 2838
314 400 1743 3124
315
316 537 559 1038 1532 1727 2081 2381
317
318 1533 2887
319 2162
320 2063 2576 3083
321 383 756 1302 2526 2581
322 677
323 1673
324
325
326
327
328 1829
329 475 698 727 1229 1399 1598 1885 2955 3011 3142
330
331
332 430 3280
333 2213 2517 2621
334
335 442 453 481 500 717 730 1882 2901
336 1485 2087
337 673
338
339 502
340 367 620 1363 1508 2363
341 626 1089 1175 1502 1971 2390 2408 2412
342
343
344
345 821 1083 2020 2790 3244
346 707
347 1128
348
349 657 1345 1989
350
351 1280 1763
352 1080 2865
353
354 393 839 946 1437 1473 1524 1542 1663 1704 2025 3258
355 516
356 2524
357
358
359 424 905 1189 2754
360 417 1905 2094 2158 2980
361 713
362 1090
363 845 917
364 1746 2224
365
366 961 2743
367 624
368
369
370
371 633 669 1073 1809 1906 2564 2703
372
373 884
374
375 658 688 733 2510
376 649 977 2419 2845 3077
377 915 2389 2475
378
379
380 1846 2364
381 482 603 1068 1837 2509 2558
382 547 597 696 1588 2002
383
384 741 2144 2223
385 497
386 581
387
388 1514 1515 2155
389 391 878 1063 1142
390 573 954 1170 2484
391
392
393 467 807 1573
394
395 1477
396
397 1661
398
399 731 748 936 1160 1457 2568 2741 2930 2991
400 715 2574
401 450
402 1166
403 1760 1786 3192
404
405 973 2156
406 1116 1881
407 2314
408 487 553 592 814 2135
409
410
411 895 987 1014 1635 2786
412 1115 1264 1647 1871 2345
413 1883 2264 2642
414 535 803 999 3152
415
416
417
418
419
420
421 595 1341
422
423 723 1247
424 1479 1739 2006
425
426 1081
427 575 1468 1895
428 1722 2230 2464 3080
429 434 2017
430 506
431 2233
432 2551
433 551 1615 1934 2676
434
435 439 1522 2961 2964
436
437 1708
438 1096 1395 1899 3081
439 491 876 888 1553 2624 2734
440
441 777 787 1266 1675 2748
442 1240 2018 3174
443 538
444
445 635 709 1200 2170 2632
446
447 2387 2862
448
449 749 1034 1059 1506 1697
450 589 1907 2680
451 519 815 1440 1528 1619 1951 2134
452 569
453
454
455 2324
456 2440 2779
457 668 1433 2497
458 465 1594
459
460 1125 1289 1943
461
462 2514
463
464
465
466
467 687 827 1238
468 1022 1490
469
470
471
472
473 483 793 1187 2043
474 740 1268 1770 1977
475 802 1999
476 585 1257 2208 2990 3242
477
478 2067
479
480 817 1192 2540
481
482 967 2137
483 755 1167 2334
484
485
486 835
487 1144 1402 2847
488 2090
489 758
490 3261
491 1291
492 823
493
494 2860
495 1683 3130
496
497
498
499 818
500 753
501
502 681 1333 3128
503 873
504 656 1181 2592
505 1350 2465 3112
506 1307 1879
507 1472 1680 2817 3134 3161
508
509 576 2911
510 543 810
511
512 911 2563
513 782
514
515 587 3118
516
517 1384 1414 1642 2194 2216
518
519 1949 2851 2933
520
521
522 768 3036
523
524
525 2738
526
527
528 2449
529 2071
530
531 691 1141 2448
532 791
533 2805
534
535 721 805 872 1701 2097 3001
536
537 590 1326 1387 1454 1699
538
539 1109 3265
540
541
542 2418
543 1714
544 1000 2256
545 1004
546 1646
547
548 2635
549 700 1151 1843 2322 3105
550
551
552
553 1252 1505 1670
554 2095
555 2527
556
557
558 932
559
560 683 711 1750 2369 2784
561
562 1106 1603 2479
563 2275
564
565 2755
566 1937
567 2879
568 662 894 1013
569
570
571 1313 1315
572
573
574 627
575 712
576
577 2138 2238
578
579 1998
580
581 1422 1503 1641
582
583 1519 1537 2152 2395
584
585 1329 2420
586
587 2112
588 1694
589 947
590 971
591 871 1245 1453 1862 2038 2549 2608 3002
592 831 1028 1693 1914
593
594 2037
595
596 610 1052 2255 2459 2876
597 634 833 1197 1627 2289
598 1137
599 928 994 1180 1735 1794 2397 2823
600 1088
601
602
603 1148 2382
604
605 679 855 2757
606 1076
607 742 1010 1214
608 1579
609
610 3277
611 1765 2060 2108 2344
612
613 2556
614 663 1769 3220
615
616 906 1129 1188 1591 1854 2349 2489 3171
617
618 747 1359 1636 1775
619 2302 2409
620 1645
621
622
623
624
625
626 861 1310 2854
627 797 922 1086 1446 1777 2944
628
629 1547
630
631
632
633 1873
634 716 1451 1975 2118 2242 2612
635 1092 2515 2900
636
637
638 2775 3042
639 2317 2360 2657
640 1447
641 722 848 1288
642
643 2625 2773
644
645 3219
646
647
648
649 868
650
651 1814
652 1120 1484
653 684 1431
654 1889
655
656 1487 1711
657
658
659
660
661
662
663 778 1538 2605
664
665
666 949 2644 3023
667 1134 1232 1495 1567 1622 1816 2507 2778 3190 3281
668 942 1891 1962 2121 2597
669 900
670 2573
671 1488
672 2185
673
674 2750
675
676 798
677 2393 3272
678
679 1681 2272
680 2688 3255
681 1434 1610 1832 2139
682 2287 2378 2707
683 725 1285 2470
684
685
686 1007 1909
687
688
689
690 2636 2651
691
692
693
694
695 1178 1952 2841 2880 3096 3162
696 762 2616 2907
697
698
699
700 705 737 902 1012 1186 1744 1912 1928 2476 3088
701 1318
702 3275
703
704 1025
705 1225 1715 2654
706
707 1601 2065 2371
708 1728
709
710 761 995
711
712
713 1400
714
715 1107 2035 2146 3146 3168
716 1757 1961
717
718 1158 1184 1430 1866 2494
719 853 969 2305 3070
720 1153 2589
721
722
723 863 1436 1985 2179 2702 2904
724 860
725 2201
726 1009 1811 2806
727 781 1084 1628 2211 3250
728 2016
729 1790 2247
730 743 1099 1253 3139
731 2929
732
733 1388 2749
734
735
736 979 1100 1261 1668 2821
737
738
739
740 1653 1815 2040 2270 2948
741
742
743 811 1541 1578 1851 2023 3233
744
745 1179 1321
746 1486
747
748
749
750
751
752
753 1053
754
755
756 1213 1549 1737 3148
757 1857 1910 2111
758 792 1560 1836
759 2424
760
761
762
763 1060 2010
764
765 874 1662
766 2293
767
768 2376
769
770
771
772 1597 2210 2236 2415 3204
773
774
775 1624 2993
776
777 2456
778 1904
779
780
781 1617
782 2971
783
784 3150
785 1365 2613
786 2096 2177 2401 3221
787 2232
788
789 1185 2833
790 1140 2164
791 2446 2869
792 1113 3062
793 842 974
794 1259 1322 1428 2033 2886
795 2560 2861
796
797 1309 1493
798
799
800
801 886
802 857
803 1043
804
805 1150 1421 2099 2550 2871
806
807 1605
808
809
810 830
811 3127
812
813 1182 1930 1994 2084
814
815
816 1152 2147
817 1263 2022 2537 2732 3137 3184 3232
818 829 975 1657
819 1712
820
821
822
823 1035 1679 1707 2176
824 1779
825
826
827 1098 1101 3176
828 2343
829
830
831 1491
832 3082
833 2041
834 1287 1374 2836
835 960
836
837 1045 1298 2202 2240
838
839
840 1435
841 1112
842
843 1234 3245
844
845
846
847
848
849
850 3214 3240
851
852
853
854 2425
855
856
857
858 2027
859
860
861
862 1510 1513 1723
863 965
864
865 1810 2128
866 1898
867 1110 2908
868 1065
869
870
871 1248
872
873
874
875 1805
876 1195 1407 1720 1996 2077 2129 2656
877 1164
878 988 1071 1165 1274 3046
879 2530
880 3266
881
882 1358 3007
883 2629
884 2354
885 1155 1831
886 1029
887 1551 2892 2977
888 2259
889
890
891
892 2125
893 1258
894 2441 2457 2505 2852
895 1220 2044 2777 3005 3012
896 1066 1215 1545 2615 2796
897
898
899 2490 2700
900
901 1375 2474
902 1546 1919 2391
903 3256
904
905 1677
906
907
908 978
909 3147
910
911 1870
912 1314 2311
913 1651
914 2855
915 1807
916 1452
917
918
919 2633
920
921
922 1119
923 1401 1855
924
925 1600 2683
926
927 1403 2160 2197
928
929
930 2150 2246
931
932 1324 2681 2709
933
934 1965 1993 2303 2347
935
936 2186 2191
937
938
939
940
941 1782 1968 3115
942 3129
943 3040
944
945 1331
946
947 1255 2724
948
949
950
951
952 1593
953
954 1030
955
956
957 1163 1325 1351 2939
958
959
960
961
962 2421
963
964 1456
965
966
967 1036
968 1361
969
970
971
972
973 2506
974 2167
975 2273 3278
976
977 1748 2442 3060
978 1475
979
980
981 1589 2168 2541
982 2080
983
984 1853
985 2937
986
987 1075
988 1570 3063 3095
989 1072 1834 1986 2352 2959
990 1556
991
992 2082
993
994
995
996 3066
997 1411 1497 2617
998 1206 1273 2435 2770
999
1000 1297 3183
1001
1002 1606
1003 2184 3014
1004
1005
1006
1007
1008
1009
1010 2265
1011
1012 2374
1013
1014 2902
1015
1016
1017 1224 1283 2729 2925 3239
1018 2055 2454
1019
1020 1024 1338 3038
1021
1022 1822 2400
1023
1024 1791 2966
1025 1205
1026 2960 3228
1027
1028 1802 2669
1029
1030
1031
1032 1177
1033 1237 1929
1034 1282
1035 3111
1036 1312
1037 1265
1038
1039
1040
1041 2214 2918 3178
1042
1043
1044
1045
1046
1047 1442
1048 1741
1049 1644 1944 2336 2351 2559
1050 2610
1051
1052
1053
1054 2542
1055
1056 1576 1824 2575
1057
1058
1059 1481
1060
1061
1062
1063 1346
1064
1065 1997
1066
1067
1068
1069
1070
1071 2048 2431 2469 2910
1072 2919
1073 2682
1074 1199 1381 2357 2491 2764 2970
1075
1076
1077 1102 1582
1078 1729 1979 2588
1079 2471
1080
1081
1082
1083
1084
1085 2882
1086
1087 1509
1088
1089
1090 2839
1091
1092 2075
1093 1127 3222
1094
1095 1356 2294
1096
1097 1267 2120
1098 1845
1099
1100
1101 1194 2263 2501 2566 2792
1102
1103 2893
1104
1105 2068 2914
1106
1107 2092 2512
1108
1109
1110 1284 2195
1111
1112
1113 1339 1984 2076 2528
1114
1115
1116 2145 2596 2807
1117
1118 1913
1119
1120 1833
1121 2545
1122
1123
1124 1275 1788 2342 3212
1125
1126 3021
1127 3173
1128
1129
1130 1521
1131 1157
1132 1471 1894
1133
1134 2974
1135
1136 1269 1939
1137 2064 2525
1138
1139 1950
1140 1235
1141
1142
1143
1144 2406 2850
1145
1146 1584
1147 1286 2949
1148 1927
1149 1592 2622 2780 2870
1150 1317
1151 1296 3234
1152 1276 2005 2198
1153
1154
1155
1156
1157 1161 1443 2618
1158 1368 2810
1159
1160
1161
1162
1163 1239 1246
1164
1165
1166
1167
1168
1169
1170
1171
1172
1173
1174
1175
1176
1177
1178 2173
1179 2776
1180 1685
1181
1182
1183 1222
1184
1185 1501
1186
1187 1563
1188
1189
1190
1191
1192
1193
1194 2062
1195 1294
1196
1197 2350
1198 1713
1199
1200 2827
1201
1202
1203 1745
1204 1562 1874 2407
1205
1206 1410
1207 2250
1208
1209
1210 1483
1211 2915
1212
1213
1214
1215 2472 3209
1216 1992
1217
1218 1678 3074
1219 2578
1220
1221
1222
1223 2200 2818
1224
1225
1226 1695
1227
1228
1229 2229
1230 2593
1231 2199
1232
1233
1234
1235 1581
1236
1237
1238
1239
1240
1241
1242
1243 3195
1244
1245
1246 2405
1247
1248 1390 2740
1249 2584
1250
1251
1252
1253 2175
1254
1255 1386
1256
1257
1258 2998
1259 1380 1942
1260
1261
1262 1920 3031 3068
1263
1264 1959 2520 3009
1265
1266
1267
1268
1269 1480 1604 2648 2951
1270
1271
1272
1273
1274 1450 2098
1275
1276 2377
1277
1278
1279 1372
1280
1281
1282
1283 2140
1284
1285 3101
1286 1674
1287
1288 3072
1289
1290
1291
1292
1293 2226
1294
1295 1536
1296 2365
1297
1298 2373
1299 2169
1300
1301 1417 1564 1607 2054 2325 2384 2561 3097 3191
1302
1303 2045
1304 2979
1305 1795 1946
1306
1307
1308 3203
1309
1310
1311 2532 2701
1312 1922
1313
1314 1516
1315
1316
1317
1318
1319
1320
1321 1413 2438
1322
1323
1324
1325 2085 2646
1326 2941
1327 2571
1328
1329
1330
1331
1332 1806 1875
1333 1394 1614 1655
1334
1335
1336
1337
1338
1339
1340 1784
1341
1342
1343
1344
1345
1346
1347
1348 1463
1349
1350
1351
1352 1613
1353 1572 2430
1354 2813
1355
1356
1357
1358 2196
1359
1360
1361 2731
1362 3071
1363
1364 2271 3196
1365
1366
1367 1554
1368
1369
1370 2906
1371 2763
1372
1373
1374 2953
1375
1376
1377 1419 1716 1736 1756 1772 1819 1956
1378
1379
1380
1381
1382
1383
1384 1730
1385
1386 1901 1948
1387 2051
1388
1389
1390
1391
1392
1393
1394 2967
1395
1396
1397 2611
1398
1399
1400
1401 2312 2341
1402
1403
1404 1696 2640
1405 1773
1406
1407
1408
1409 2585 2726 3022
1410
1411
1412
1413
1414
1415 1612 2154
1416
1417
1418
1419
1420
1421
1422 1718
1423 1818
1424
1425
1426 2924
1427
1428
1429
1430
1431 1609 2535
1432
1433 1496 3169
1434
1435 1888 2204
1436
1437
1438
1439
1440 2114
1441
1442
1443
1444
1445 1848
1446
1447
1448 2235
1449 2261
1450 3084
1451
1452 2274
1453 3230
1454
1455 1639
1456
1457
1458
1459 1923 2149 2392
1460
1461 2837
1462 1500
1463 2028 2548
1464 1850
1465
1466 1803
1467
1468
1469 1489 1933 2715 2935 2982
1470
1471 1669 2439 2620 2691
1472
1473
1474
1475
1476
1477
1478 2013 2206 3199
1479
1480
1481
1482 1534
1483 1797
1484 2692
1485
1486
1487 3075
1488
1489
1490
1491
1492 1926
1493
1494 2794
1495 3029
1496
1497
1498
1499
1500
1501
1502
1503 1625 2385
1504
1505
1506
1507
1508
1509
1510
1511 1535 1804 2619
1512
1513
1514
1515 3213
1516
1517
1518
1519
1520
1521 2445
1522 1725
1523
1524
1525 2516
1526 2637
1527
1528
1529
1530
1531
1532 3059
1533
1534
1535 1569
1536 2888
1537
1538
1539
1540
1541
1542
1543 1896
1544
1545
1546
1547 2323
1548 2905
1549 2478 2737
1550 2698
1551
1552
1553
1554 1762 1964 2423 2591 2795
1555
1556
1557 2756 2767
1558 1960
1559
1560
1561 2132
1562 2894
1563
1564
1565
1566 2504
1567
1568
1569 2607
1570
1571
1572
1573 2538 3065
1574
1575
1576 2298 3145
1577
1578
1579
1580
1581 2453 3085
1582
1583
1584
1585
1586
1587 2917
1588
1589
1590
1591 2417
1592
1593
1594
1595
1596
1597 1780
1598 1611 2183 3089
1599 3236
1600 1602
1601
1602
1603
1604 2735
1605
1606
1607
1608
1609
1610
1611
1612
1613
1614
1615
1616 1808 2219 2546 2931 3117
1617
1618
1619
1620
1621 3055
1622
1623
1624 1700 2337
1625
1626 1686
1627 1689
1628
1629 1734 2652 2714 2815 2899 2946
1630
1631
1632
1633
1634
1635
1636
1637 1638
1638
1639
1640
1641
1642
1643
1644
1645
1646
1647
1648
1649
1650
1651
1652 3006
1653 2338 3267
1654 2473
1655 2217
1656
1657
1658
1659
1660 1759 1955 2113
1661 1774 3211 3271
1662
1663
1664
1665
1666 3273
1667 1988 2026 2284
1668
1669
1670
1671
1672
1673 2386 2800
1674
1675
1676
1677
1678
1679
1680
1681
1682 2414
1683
1684
1685
1686
1687 2276
1688
1689 3259
1690 3041
1691 2842
1692
1693
1694 1935
1695
1696 2221
1697 2053 2655
1698
1699
1700 2706
1701 2742
1702
1703
1704
1705 1801 1869
1706
1707 2766
1708
1709
1710
1711
1712 3249
1713 2078 2745 3276
1714
1715
1716
1717
1718
1719
1720
1721
1722
1723
1724
1725 2511
1726
1727 2297 2628
1728 2029
1729 1887
1730
1731
1732
1733
1734
1735
1736
1737
1738
1739 2243
1740
1741 3193
1742
1743 1917
1744
1745 1751
1746
1747
1748
1749 3282
1750
1751 1796
1752
1753
1754
1755 2306
1756
1757 2024
1758
1759
1760 2011 2712
1761
1762
1763
1764
1765 1767
1766
1767
1768
1769 1978
1770 2225
1771 2161 2580
1772
1773
1774 2151
1775
1776
1777 1783
1778 2034
1779
1780 1878 2008
1781
1782
1783
1784 1908 2083 2488
1785
1786
1787
1788 2367
1789
1790
1791 2241
1792
1793 1972
1794
1795 2362
1796
1797
1798
1799
1800
1801
1802 2182 3133
1803
1804
1805
1806
1807
1808
1809 2047
1810
1811
1812
1813
1814
1815 1825
1816
1817 3208
1818 2783
1819
1820 2983
1821
1822 1991 2286 3073
1823
1824
1825
1826 2172 2193
1827
1828
1829
1830 2131
1831
1832
1833 2332
1834
1835 2165
1836
1837 1918
1838
1839
1840
1841
1842
1843
1844
1845 2679
1846
1847
1848
1849
1850
1851 3045
1852
1853
1854 3034
1855
1856
1857 2859
1858
1859 2793
1860
1861
1862
1863
1864
1865
1866
1867
1868
1869 2462 2720 2762
1870 3123
1871
1872
1873 3159
1874
1875
1876
1877
1878
1879
1880
1881
1882
1883 2070
1884
1885
1886
1887
1888
1889
1890 2684
1891
1892
1893
1894 3024 3140
1895
1896 2189
1897
1898 1990
1899
1900
1901
1902
1903
1904
1905
1906 2623
1907
1908
1909
1910
1911
1912 2252
1913
1914
1915
1916
1917
1918 1954 2579 2848
1919
1920 2181 2653
1921
1922 2685
1923 2174 2215 2713
1924
1925
1926
1927 2481
1928
1929
1930
1931 2468 2705 3067
1932 3224
1933
1934 2832
1935
1936
1937
1938
1939
1940
1941 3090
1942
1943
1944
1945 1969 2825
1946
1947
1948
1949
1950 2996
1951
1952
1953 2012
1954
1955
1956
1957
1958 2772
1959
1960
1961
1962
1963 2079
1964
1965
1966
1967 2066 2262 2639
1968 2834
1969
1970 2547
1971 2166
1972 2237
1973
1974
1975
1976
1977
1978 2058
1979
1980
1981
1982
1983
1984
1985
1986
1987
1988 2266 2963 3155
1989
1990 2086
1991 3121
1992
1993 2727
1994
1995
1996 2694
1997
1998
1999
2000
2001
2002
2003
2004
2005 2340
2006
2007
2008
2009 3270
2010
2011
2012
2013 3051 3119 3200
2014
2015
2016
2017
2018
2019
2020
2021
2022
2023
2024
2025
2026
2027
2028
2029
2030
2031
2032
2033
2034
2035
2036
2037
2038
2039
2040 3058 3166
2041
2042
2043
2044
2045
2046 2863
2047
2048
2049
2050 2897
2051
2052
2053 3114
2054
2055 2812
2056
2057 2331
2058
2059
2060
2061
2062
2063 2291
2064
2065
2066
2067
2068
2069 3027
2070 2719
2071
2072
2073 2985
2074 2253
2075
2076
2077 2814
2078
2079 2785
2080 2626 2829
2081
2082
2083
2084
2085
2086
2087
2088 2717
2089
2090
2091
2092 2947
2093
2094
2095
2096
2097 3003
2098
2099
2100
2101
2102
2103
2104
2105
2106 3106
2107
2108 2359 2399
2109
2110
2111 2277
2112
2113
2114
2115 2534 2660
2116
2117
2118 2587
2119
2120 2973
2121
2122 2999
2123
2124
2125 2722
2126
2127
2128 2434
2129
2130
2131
2132
2133
2134
2135
2136
2137
2138 3025
2139
2140 2141
2141 2326 2787
2142 2539
2143
2144
2145 3098
2146
2147
2148
2149
2150
2151
2152 2809
2153
2154
2155
2156
2157
2158
2159
2160
2161 2283 2975
2162
2163 3138
2164
2165
2166 2997 3226
2167
2168 2327
2169
2170 3235
2171
2172
2173
2174
2175
2176
2177 3033
2178
2179
2180
2181
2182 2333
2183
2184
2185
2186
2187
2188
2189
2190
2191
2192
2193
2194
2195 2554
2196
2197
2198
2199
2200
2201
2202
2203
2204
2205 2986
2206
2207
2208
2209
2210
2211
2212
2213 3167
2214
2215
2216
2217 2296 2413
2218
2219
2220
2221
2222
2223
2224 2411 2500
2225
2226
2227
2228
2229
2230
2231 2278 3052
2232
2233 2936
2234
2235 2614 2768
2236
2237 2436 3069
2238
2239
2240
2241 2458
2242
2243
2244
2245
2246
2247
2248
2249
2250
2251
2252
2253
2254
2255
2256
2257 2318
2258 2269
2259
2260
2261 2301
2262
2263
2264
2265
2266
2267
2268
2269
2270
2271
2272
2273
2274
2275
2276
2277
2278
2279
2280
2281 2647
2282
2283
2284
2285
2286
2287
2288
2289
2290 3186
2291
2292
2293
2294
2295
2296
2297
2298
2299
2300
2301
2302
2303
2304
2305
2306
2307
2308
2309
2310
2311
2312
2313
2314
2315
2316
2317 2710 2835 2881 2916 2943
2318
2319
2320
2321
2322 2868
2323
2324
2325
2326
2327 2981
2328
2329
2330
2331
2332
2333 2498
2334
2335
2336
2337
2338 3223
2339
2340
2341
2342
2343
2344
2345
2346
2347
2348
2349
2350
2351
2352
2353
2354
2355
2356
2357
2358
2359
2360 2567
2361
2362
2363
2364
2365 2956
2366
2367
2368 2878
2369
2370
2371
2372
2373
2374
2375
2376
2377
2378 2450
2379
2380
2381
2382
2383 2495 2978
2384
2385
2386
2387
2388
2389
2390 2942
2391
2392
2393
2394
2395
2396 3252
2397
2398
2399
2400
2401
2402
2403
2404
2405
2406
2407 3091
2408
2409
2410
2411
2412
2413
2414
2415
2416
2417
2418 2666
2419
2420 2678
2421 2928
2422
2423 2598 2760
2424
2425
2426
2427
2428
2429
2430 3157
2431 2562
2432
2433
2434
2435
2436
2437
2438
2439 2601 2843
2440
2441
2442
2443
2444
2445
2446
2447
2448
2449 2603
2450
2451
2452
2453
2454
2455
2456
2457
2458
2459
2460
2461 2803
2462
2463
2464
2465
2466 2513
2467
2468
2469
2470
2471
2472
2473
2474 3047
2475
2476
2477
2478
2479 3126
2480 2496
2481
2482 2890
2483
2484
2485
2486
2487
2488
2489
2490
2491
2492
2493
2494
2495 2820 2898
2496 2826
2497
2498
2499
2500
2501
2502
2503
2504
2505 3241
2506
2507
2508
2509
2510 2940
2511
2512
2513
2514
2515
2516
2517
2518
2519
2520
2521
2522 2903
2523 3017
2524
2525
2526
2527
2528
2529
2530
2531
2532 3251
2533
2534
2535
2536
2537
2538
2539
2540
2541
2542
2543
2544
2545
2546
2547
2548
2549
2550
2551
2552 2958
2553
2554
2555 2730
2556
2557
2558
2559
2560
2561
2562
2563
2564 3156
2565
2566
2567
2568
2569
2570
2571 2761
2572
2573 2595
2574 3274
2575
2576
2577
2578
2579
2580 2733
2581
2582
2583
2584
2585
2586
2587
2588
2589
2590
2591 2672
2592
2593 2994
2594
2595 2802
2596 3188
2597
2598
2599 2711
2600
2601
2602
2603
2604 3079
2605
2606
2607
2608
2609
2610
2611
2612
2613
2614
2615
2616
2617
2618
2619
2620
2621
2622
2623 2885
2624
2625
2626 3260
2627
2628
2629
2630
2631
2632 3269
2633
2634
2635 2696
2636
2637
2638 2804
2639
2640
2641
2642
2643
2644
2645 3094
2646
2647
2648
2649
2650
2651
2652
2653
2654
2655
2656
2657 3262
2658
2659
2660
2661
2662
2663
2664
2665
2666
2667
2668
2669
2670
2671
2672
2673
2674
2675 2857
2676
2677
2678
2679
2680
2681
2682
2683
2684
2685
2686
2687
2688 2830 3263
2689
2690
2691 2744
2692
2693
2694
2695
2696
2697
2698
2699
2700
2701
2702
2703
2704
2705
2706
2707
2708
2709
2710
2711
2712
2713
2714
2715
2716
2717
2718
2719
2720
2721
2722
2723
2724
2725 3078 3210
2726
2727
2728
2729
2730
2731
2732
2733
2734
2735
2736
2737
2738
2739
2740
2741
2742
2743
2744 2747
2745
2746
2747
2748
2749 3026
2750
2751
2752
2753 3107
2754
2755
2756
2757
2758
2759
2760
2761
2762
2763
2764
2765
2766
2767
2768 3061
2769
2770 3182
2771
2772
2773
2774
2775 3116
2776
2777
2778
2779
2780
2781 2874
2782
2783
2784
2785
2786
2787 3201
2788
2789
2790
2791
2792 2920
2793
2794
2795
2796
2797
2798
2799 3056
2800
2801
2802
2803
2804
2805
2806
2807 3037
2808
2809
2810
2811
2812
2813
2814 3135
2815
2816
2817
2818
2819
2820
2821
2822
2823
2824
2825
2826 2972
2827
2828
2829
2830
2831
2832
2833
2834
2835
2836
2837
2838
2839 2864
2840
2841 2932
2842
2843
2844
2845
2846
2847
2848
2849
2850
2851
2852
2853
2854
2855
2856
2857
2858
2859
2860
2861
2862
2863
2864
2865
2866
2867
2868
2869
2870
2871
2872
2873
2874
2875
2876
2877
2878
2879
2880
2881
2882
2883
2884
2885
2886
2887
2888
2889
2890
2891
2892
2893
2894
2895
2896
2897
2898
2899
2900
2901
2902
2903
2904
2905
2906
2907
2908
2909
2910
2911
2912
2913
2914
2915
2916 3053
2917
2918
2919
2920
2921
2922
2923
2924
2925
2926
2927
2928
2929
2930
2931
2932
2933
2934
2935
2936
2937
2938
2939
2940
2941
2942
2943
2944
2945
2946
2947
2948
2949
2950
2951
2952
2953
2954
2955
2956
2957
2958
2959
2960
2961
2962
2963
2964
2965
2966
2967
2968
2969
2970
2971
2972
2973
2974
2975
2976
2977
2978
2979
2980
2981
2982
2983
2984
2985
2986
2987
2988
2989
2990
2991
2992
2993
2994
2995
2996
2997
2998
2999
3000 3030
3001
3002
3003
3004 3154
3005
3006
3007
3008
3009
3010
3011
3012 3243
3013
3014
3015
3016
3017
3018
3019
3020
3021 3206
3022
3023
3024
3025
3026
3027
3028
3029
3030
3031
3032
3033
3034
3035
3036
3037
3038
3039
3040
3041
3042
3043
3044
3045
3046
3047
3048
3049
3050
3051
3052
3053
3054
3055
3056
3057
3058
3059
3060
3061
3062
3063
3064
3065
3066
3067
3068
3069
3070
3071
3072
3073
3074
3075
3076
3077
3078
3079
3080
3081
3082
3083
3084
3085
3086
3087
3088
3089
3090
3091
3092
3093
3094
3095
3096
3097
3098
3099 3136
3100
3101
3102
3103
3104
3105
3106
3107
3108
3109
3110
3111
3112
3113
3114
3115
3116
3117
3118
3119
3120
3121
3122
3123
3124
3125
3126
3127
3128
3129
3130
3131
3132 3175
3133
3134
3135 3238
3136
3137
3138
3139 3181
3140
3141
3142
3143
3144
3145
3146
3147
3148
3149
3150
3151
3152
3153
3154
3155
3156
3157
3158
3159
3160
3161
3162
3163
3164
3165
3166
3167
3168
3169
3170
3171
3172
3173
3174
3175
3176
3177
3178
3179
3180
3181
3182
3183
3184
3185
3186
3187
3188
3189
3190
3191
3192
3193
3194
3195
3196
3197
3198
3199
3200
3201
3202
3203
3204
3205
3206
3207
3208
3209
3210
3211
3212
3213
3214
3215
3216
3217
3218
3219
3220
3221
3222
3223
3224
3225
3226
3227
3228
3229
3230
3231
3232
3233
3234
3235
3236
3237
3238
3239
3240
3241
3242
3243
3244
3245
3246
3247
3248
3249
3250
3251
3252
3253
3254
3255
3256
3257
3258
3259
3260
3261
3262
3263
3264
3265
3266
3267
3268
3269
3270
3271
3272
3273
3274
3275
3276
3277
3278
3279
3280
3281
3282
