#/opt/homebrew/Caskroom/miniconda/base/envs/hack25/lib/python3.12/site-packages/ipykernel_launcher.py --f=/Users/jpinney/Library/Jupyter/runtime/kernel-v352576b36ed274793969b57d69d8306c9df606370.json
# GMT Sun Jul 20 12:27:20 2025
# 
0 1 88 89 102 267 304 476 1031 1541 1870 2105 2298 2744 3434 4073 4392
1 2 3 4 22 26 33 41 59 69 72 77 129 134 146 166 233 241 255 282 283 287 291 298 302 322 341 350 352 382 439 462 514 559 571 609 691 701 756 773 830 840 846 938 958 1001 1032 1042 1051 1093 1131 1157 1341 1374 1431 1438 1520 1698 1834 1879 2138 2255 2265 2273 2325 2371 2413 2416 2533 2560 2642 2906 2993 3175 3208 3243 3253 3350 3697 3794 3871 3894 3960 4085 4145 4190 4212 4378 4397 4690
2 6 13 32 46 240 530 545 623 879 1073 1300 1451 1503 1716 1773 2447 2496 2792 3053 3560 4509 4511 4786 4811
3 21 23 49 55 106 188 192 196 201 333 659 784 944 1307 1429 1554 2235 2330 2432 2557 4340 4664
4 5 16 30 64 78 79 87 115 151 180 209 232 254 385 388 448 617 635 753 825 860 1068 1132 1269 1317 1408 1422 1700 1757 1781 1825 2130 2159 2243 2420 2497 2513 2558 2669 2826 2997 3067 3177 3185 3236 3776 4092 4148 4155 4373 4380 4445 4458 4503 4543 4565 4749
5 7 11 18 19 25 39 52 54 61 71 84 95 104 111 112 132 159 160 163 177 274 339 374 401 413 420 421 457 524 562 641 652 688 706 816 864 902 957 960 969 1047 1098 1122 1183 1268 1310 1381 1449 1524 1667 1929 1932 2024 2041 2090 2110 2171 2344 2368 2374 2433 2561 2702 2794 2836 2842 2843 3049 3068 3219 3247 3433 4112 4270 4356 4481 4576 4617 4645
6 8 10 17 20 27 51 57 70 80 81 96 101 118 120 122 123 130 137 156 170 200 244 245 249 290 315 329 332 357 381 397 446 453 567 624 628 644 645 678 689 749 767 856 933 1041 1043 1097 1135 1236 1291 1312 1384 1388 1564 1594 1599 1641 1650 1654 1687 1755 1779 1804 1826 1916 1930 1978 2075 2121 2244 2247 2328 2349 2452 2465 2466 2635 2706 2707 2721 2730 2749 2770 2854 2859 2867 2912 2943 2959 2983 3029 3212 3234 3331 3520 3540 3650 3741 3963 3969 4423 4564 4642 4710 4717
7 66 140 206 511 540 786 1252 1457 1543 1800 2762 3024 3235 3887 4538
8 9 12 31 50 82 107 113 128 203 218 226 227 229 234 251 266 334 393 430 569 605 657 731 783 788 807 827 868 935 1057 1095 1139 1303 1361 1419 1506 1545 1713 1946 2035 2109 2411 2424 2510 2523 2605 2731 2741 2824 2986 2988 3109 3112 3558 4698 4705 4737 4787
9 34 65 258 404 409 520 780 906 1375 1656 1942 2234 2697 2775 2973 3552 4008
10 886 2704
11 14 28 60 237 288 798 876 885 943 1392 2057 2568 3530 3652 3798 3849 4528
12 91 145 194 207 213 526 632 752 930 2005 2363 2691 3105 3198 3277 3683 3754 3817
13 15 42 53 366 428 478 636 795 1115 1321 1383 1462 1558 1794 1827 2074 3052 3079 3187 3403 3485 4005 4023 4070 4359
14 121 135 165 178 191 257 281 286 371 502 517 672 715 801 1020 1039 1056 1152 1235 1338 1476 1481 1523 1735 2037 2065 2153 2182 2281 2347 2410 2611 2748 2902 3043 3050 3051 3092 3163 3555 3566 3707 3870 4036 4064 4105 4616 4652 4750
15 136 174 176 699 889 921 1469 1682 2646 3513 4282 4303 4382 4709
16 24 99 133 189 681 981 1173 1426 1719 1722 2338 2833 2938 3209 3698 3952 4260
17 728 737 853 3365 3757
18 47 149 175 215 239 256 307 342 364 572 576 962 997 1315 1324 1478 1479 1672 1917 2072 2201 2879 3033 3045 3144 3548 4120 4457 4466 4471 4825 4836
19 29 35 36 173 184 198 375 472 594 631 815 869 875 914 968 1128 1141 1439 1540 1612 1629 1630 1655 1658 2044 2470 2622 2796 3114 3220 3228 3481 3758 3874 4245 4331
20 44 93 378 402 442 573 834 1089 1100 1161 1508 2550 2914 3184 3271 3690 3881 4175 4186 4194
21 316 597 662 1485 1613 2003 2362 2941 3627 4104
22 45 138 503 538 936 998 1217 1304 1703 1869 2203 2217 2469 2949 4763
23 38 116 171 323 325 346 408 606 622 711 721 1352 1575 1889 1986 2969 3221 3608 3827 3901 4048 4088
24 148 150 743 1334 2408 2815 3583
25 951 2453 2942
26 2284 2549
27 56 58 452 848 1134 1571 1848 1972 2295 2457 2648 3436
28
29 193
30 1633 1647 4506
31 40 74 284 426 651 1010 1965 2185 2850 2916 3279
32 37 179 186 228 505 531 851 1442 2129 2739 3167 3663
33 67 474 500 1140 1167 1318 2113 2785 2913 4241
34 220 877 1405 1956 3345 4240
35 110 247 344 1166 1230 1322 1538 1816 2450 2816 2934 2970 3170 3829 4662
36 43 48 105 169 212 276 410 485 621 769 953 970 1085 1171 1645 1649 2167 2197 2459 2481 2537 2585 2591 2606 2618 2637 3653 3721 4027 4047 4167 4320 4431 4558 4854
37 85 92 114 153 236 563 1061 1130 1403 1580 1706 2573 2956 2965 4160 4300 4655 4747 4834
38 141 629 1295 1495 1536 2727 4290
39 399 3110
40 386 411 444 1565 1974 2665 3147
41 62 125 259 365 368 771 959 961 993 2166 2462 3335 3385
42 230 270 292 311 758 1588 1661 1789 2239 2569 2663 2923 3556 3637 4760
43 90 94 144 154 416 653 1530 1742 2101 2939 3274
44
45 356 2719 2911
46 109 487 895 1327 1631 1675 2132 2266 4311 4497
47 516 1323 2716 2863 2871 3387 3430
48 3681
49 86 127 271 348 354 429 440 449 549 591 932 1240 1410 1542 1770 1924 2254 2437 3404 4086 4154 4193 4777
50 473
51 263 1945 3010 4297
52 328 435 491 705 989 1156 1808 2401 2524 2733 3348 3498 4208 4287 4364 4537
53 4330
54 278
55 1121 1447 2771 4140 4347
56 68 696
57 172 427
58
59 63 73 75 293 319 321 392 436 468 480 494 553 633 676 811 824 890 922 986 1023 1377 1412 1498 1696 1741 1815 1901 2086 2125 2554 2961 3088 3671 3766 3828 4141 4157 4272 4368 4684 4808 4861
60 855 910 1191 1347 1914
61 100 725 1401 2256 2650 3229 3714
62
63 76 630 719 1345 1937 4049
64 252 658 666 782 925 1080 1226 1276 1433 1454 1732 2025 2170 3355 3538 3716 3846 3878 4239 4579 4755
65 243 279 337 664 733 764 964 1787 1867 2479 2892 3284 3305 4494
66 1092 1102 2393
67
68 211 217 787 863 1807 4334
69
70 248 275 913 1195 4079 4381 4436
71 396 967 1245 1560 1680 1709 1860 1941 2385 2829 3727 4302 4843
72 3802
73 405 880 1138 1357 1904 2017 3935
74 380 547 586 1325 2115 2250 2830 3009 3270 4634
75
76
77 222 770 1579 2759 2862 3854 4507
78 238
79 1561
80
81 83 98 195 197 345 415 810 909 1244 1954 2804 2856 3521
82
83 235 838 3306 4781
84 373 2394
85 183 349 762 1601 1799 2517 2643 3006 4012 4753
86 103 126 412 492 568 802 939 1005 1531 2572 2847
87
88 97 2232 2732
89 3353
90 108 168 181 351 433 447 461 669 931 945 1179 1711 1777 2088 2155 2179 2864 2865 2909 3007 3044 3564 3711 3744 3982 4103 4161
91
92 3282
93 578 593 2162 3211 3606 3984
94 117 974 2355 3792 4759
95 210 394 794 1053 1263 2403 2439 2806 3489 4650
96 4609
97 295 574 599 800 1045 1108 1177 1395 2773 3262 3694 3837 3890
98
99
100 973 1015 1385 3947
101 2426 2926
102 3146
103 253 277 915 1187 2085 2190 2953 2987 3225 3867 4411
104 650 1805
105 164 370 1456 1745 1784 2670 3607 3852 4644
106 4132
107 359 836 867 1034 1147 1298 1771 1774 1830 4857
108 224 261 294 300 353 434 1071 1148 2340 4052
109 1769 2106 2396 4829
110 475
111
112 119 139 208 260 262 308 343 355 458 625 774 871 990 1028 1127 1453 1484 1516 1726 1768 1977 2352 2544 2633 2700 3172 3296 3519 3632 3858 3937 4180 4856
113 161 272 358 648 882 920 1390 3060
114 124 670 3748
115 4181
116 158 167 223 376 504 1011 1409 1443 2034 2089 2534 3189
117 142 202 927 1885 2535
118 592 4498
119 3673
120
121 289 580 755 865 2932 3301 3609 3913
122 977
123 131 268 1342 1822 2475 2520 2868 2928 3375 3737
124 231 414 542 627 682 1189 1356 1704 2400 2713 3000 3276 3422 4618
125 1473 1995
126 2047 4246
127 143 797 984 1146 1806 2422 2751 2967 3233 4226
128 541 741 1025 1185 1234 3251 4054
129 620 717 1200 1614 2783 3875
130 2263 3286 4828
131 403 539 615 661 1076 1104 1428 1475 1664 2267 2483 2921 3115 4599 4711
132 460
133 162 264 778 1270 1351 1474 1514 1566 1574 1760 2301 2378 2630 4037
134 768 1720 2066 2191 2715 3865
135 2936
136
137
138
139 2851
140 147 614 1119 3580 3830 4654
141 157 1466 2336
142
143
144 523 2014 2043 2233 2357 2631 3161 3796 4087 4413 4822
145 4323 4589
146 152 250 587 1084 1145 1155 1326 1359 1626 1819 1847 2095 2797 3594 3949 4563 4580 4606
147 326 826 854 948 1198 2087 4129
148
149
150 187 2122 3337 3819
151 490 522 690 1666 2738 3993
152 190 204 221 362 443 510 598 785 1158 1563 1642 1880 1939 2011 2407 2463 2817 2930 3086 3611
153 2945 3639
154 155 182 185 338 3507 3814 4859
155 2094 2119
156
157
158 324 675 1178 1285 1288 1332 1767 1947 2763 3411 4363
159 285 314 363 482 852 1205 1329 1689 2134 3077 3290 3529 3557 4256
160 693 759 904 2194 2429
161 498 704 858 1707 2784
162
163 952 2288
164 361 432 496 893 1024 2329 3166 4152 4215 4314 4764
165 607 2885 4418
166 738 2405 3809
167 216 335 506 1471 2402 2701 2705 2966 3602 4813
168
169 280 347 387 495 720 727 1159 1278 1460 2722 3537 3919
170 3393
171
172 1987 3559
173
174 391 978 1027 1354 2249 2473 3575 4439 4773
175 310 616 2199
176 199 469 735 950
177 3740
178 508 1272 2512 3203 4007
179 360 1368 3918
180 246 2526
181 398 481 2768 3149 4067 4485
182
183
184 431 546 729 1064 1365 3034 3095 3141 3427 3687 4505
185 425 583
186 273 3661
187 320 465 772 1873 2586 3839 4638
188 265 367 395 581 1283 1360 1411 1744 1780 2022 2918 3046 3063 3248 3424 3745 3777
189 980
190 897 1090 1311 1407 1436 3647
191
192 4301
193 512 2574
194 1190 1844 3478
195 612 808 1989 2091 4394 4667 4739
196 205 1239
197 604 1059
198 803 1750 1761 2021 2069 2289 2315 2658 2661 2774 3134 3311 3440 4348
199 1617 1714
200 3048
201 422 423 1110 1595 2361 3094 3438 3719 3906
202 1199 2532 3317 3979
203 4730
204 2543
205 1219 2948 3931
206
207 1022 4329
208 318 369 687 1963 3064 3128 3629 4199 4393
209 297 389 467 579 1007 1294 1701 1833 3400 3767 4267 4443 4598
210 317 1016 1165
211 214 301 610 1302 1372 2020 2204 2545 4081 4275 4357
212 219 529 654 2795 3977
213 455 2009 2169 2547 3857
214
215 384 1547 4512
216 850 2163 2252 2373 2894 3468
217 1464
218 1569 1636 2511 4093 4325 4653
219 1913 4469
220
221 225 663 1849 2508 2937
222
223 822 1305 1353 1567 4675
224
225 1684
226 995 2317 3124
227 1216
228
229 305 456 804 1168 1174 1414 1513 1590 2896 3630 3806 3838 4095 4261 4268 4298
230 1752
231 564 819 2143
232 303 312 441 527 677 862 1624 2786 3070 3298
233 1380
234
235 1486 2493
236 242 340 799 1676 1881 2206 3426
237 3475
238
239 2501
240 667 1753 3533
241
242 777 1738 2823
243 377 438 535 557 656 823 1607 1837 2755 4694
244 306 372 551 710 754 813 1463 1795 1940 2296 2342 2566 3116 3125 3453 4689 4844
245 418 1336 1775 2027 2562 2962
246 488 757 870 907 1116 1413 1511 2294 2307 2341 3445 4097
247 1798
248 330 1394 2955 3967
249 1231 1348 1638 2559
250 383 424 479 558 679 1142 1247 2259 3082 3710 4244 4456
251 331 1440
252 537 730 2004 4178
253
254 513 602 765 793 2825
255
256 2924
257 601 1797 1876 1918 3035 3561
258
259 3734 4000
260 724 901 1632 1662 3268
261 299 327 336 417 4683
262 309 3631
263 379 390 1751
264
265 3784
266 489 2881 2898 2996
267 544 4531
268 269 419 445 533 577 809 1136 1371 1673 1890 3990
269 937 1046 1376 2238 3179 3261
270 575 766 1194 1608 1858 1953 2033 2428 2521 3256 3996 4014 4552 4625
271 751 859
272 509 590 596 685 887 1113 1154 1280 1308 1397 1459 1544 1754 2471 2683 2752 3389 3449 3701 4310
273 1455 3971
274 1233
275
276 296 1055 1935 4674
277
278
279 1973
280
281 582 1450
282
283
284
285 499 1030
286 566
287 1461
288 748 3269 4196
289 454 521 732 831 892 1255 1620 2313 3318 4403
290
291
292 313 519 1420 1582 3107 4002 4432
293 1091 1812 2312 2451
294
295
296 1218 2157 3047
297
298 2438 3595
299 528 2584
300
301 734 1277 3579
302 781 940 4725
303 400 536
304 1169
305
306 2781 2782 3181
307
308 3845
309 2653 3953
310 1137 2285 2516 2612 2623
311 866 2848 4255
312 1697
313
314 4490
315
316 484
317 4202
318
319 451 2283 3636
320
321
322 613 668 726 1087 3479 3749 4810
323 470 1105 1290 1627 1957 4315 4427 4534
324 712
325
326 1699
327 828 899 1328 1958
328 2375
329
330 1934 2055 2769 3820
331 464 486 1692 3394
332 2454 4214
333 2184 2395 2710 4801
334 1382 2994 4566
335
336
337 839 2882 3998
338 3013
339 2142 2693 3132
340 477 694 861 1840 1868 2530 3347 3703 4071
341
342
343 543 708 956
344 548
345 2118 3625 4621
346 554 660 1515 2286 2446 3178 3197 3466 3769
347 2093 2614 2664
348 796 1399 1871 3764 3988
349 570 1151 1192 1193 2161 2189 2490 3072 3304 3477 4718
350 1882 2485 2922 4144
351 1197 3729 3876
352 493 750 1065 1214 1529 2287
353
354 618
355 790 845 1398
356 987 1012 1425 2038 2681 3610 3680 4025 4137
357 842
358 471 646 1149 1549 1551 1786 2399 4257
359 671 1180 4523
360 1855
361 985
362 1126 2040 2977
363 779 1164 3111
364 406
365 713
366 534 695 805 1373 1646 1888 2058 2818 2991 4499
367 975 3020 3396
368 507 665 806 1096 2679 3259 3789 4306
369
370 2440 4613
371 674 2228 2952 3196 4016 4106
372 3506 4170
373 608 2050 2480
374 4015
375
376 686 923 1106 1242 1504 1690 1740 1743 2268 2448
377
378 1602
379
380 898 1854 2624 3601
381
382 1070 3877
383
384 4666
385
386 1550 1605
387 450 1480 1493 1532 4419
388
389 1002 1058 3188 3689
390 2365
391 501 556 589 847 1895 2181 2210 3461 3525 4597
392 407 905 1249 2874 4034 4080 4414
393 2489 4033
394 2061 2230
395 2468
396 673 911 1229 2717
397
398 437 698 709 843 916 1207 1301 1829 2140 2539 2711 3154 3231 3255 3470 3524 4729 4819
399
400
401 4351
402 1162
403 2984
404 459
405 1118
406 463 561 680 1284 2920 3091 3592 4159
407 2168 2880 3321
408 2803
409 1622 1748
410 1836 1993
411 789 1227 3892 4529
412 1107 1933
413 655 1203 1267 4138
414
415 585 1728 3951 4200 4586
416
417 3603
418
419 525 946 1181 1736
420 1228 3795
421
422 1644
423 1584
424
425 1044
426
427 849 1597 2419
428 4369
429 1670 3922
430 1086 2929
431 3190
432 2218
433
434
435 744 2449 2933 3135 4322
436 1072 4108 4770
437 2541 3003 3289
438 1416 1500 2694
439 1103 2367
440 3121 3336 4728
441 1915
442
443 1465
444 2141 2427 4343
445
446
447 466 1017 1982 2257 3354 3898
448 4622
449 2482 4738
450 873 1069 1274 1546 1803 1912 2002 3465 3510
451 1472 1659 1712 4009 4807
452
453
454
455 552 718
456 1534 1556 2444 3328 3669 4057
457
458 3654
459 924
460 2575 2645
461
462 638 1109 1522 1796 2078 3369 4559 4727
463 1123 1256 3577 3866 4134
464
465
466 626 643 1008 1299 2000 2102 2183 2409 3657 4100
467 1367
468 2927
469
470
471 714 942 2617 3025 3954
472 971 1533 2895 4082
473 3016
474 2488
475 1555 1911
476 2187
477
478 2107
479 639 4217
480 483 740 760 2386 4224 4501 4524
481 1014 2522
482 1832
483
484 4475
485 1362 3241 3431 3725 3804
486 555 565 716 908 2576 4548 4584
487 2309
488 2186
489 775 894 1021 1489 1920 2476 3327 3801
490 992 1088 1663 1677 1905 2306
491 1859
492 497
493
494 707 1081 1502 2207 2636
495 1861 3183 3807 4209 4312 4532
496 584 1036 2311 2761 3011
497
498 2097 2919 3349 4726
499 4210
500 550 1083 2236
501 515 532 812 963 1364 1423 3065 4091
502
503
504 611
505 2602
506 832 1048 1054 1521 3487
507 1035 2290 2477 4118
508 588 1960 2746 3544 4508
509 4150
510 844 2726
511 2381
512
513 600 1507 2472 2820 3480 4386
514 2220
515 1387 1496 4757
516 2216
517 518 966 1067 1525 2135 2703 2890 3421 3961
518 872 1668 2150 3090
519 619 649 1018 1578 2834 4510 4530
520
521 702 1094 2579 4198 4412 4693
522
523 1038
524 1609 1864
525
526
527
528 684 954
529 2696 2944 4716
530
531 692 2425 2712 4149 4640
532 1186 1568
533 1379 3084
534 896
535 736
536
537
538 560 999 1430 1505 2327 3517 4492 4827
539 1060 1163 1581 3339
540 1289 1764 1938 2215 4745
541 3574 4171
542
543 634 1490 3232 4115 4183 4426
544 2346
545 4515
546 2423
547 776 1212 1583 1928 3457
548 1482 4083
549 1444
550 1910 4276
551
552 1782
553 934 1863 3732 3793 4031
554 1111 1292 1366 1708 1718 3443 4525 4751
555 4262
556 2887
557 739 2156
558 603 874 1339 1535 1604 1679 1821 4646
559 703 747 3097 3432
560
561 881 3851
562 1000 1681
563 1926 3122
564
565 1026
566
567 4778
568 2531 3688 3991
569
570 595 4706
571
572 697 835 1691 2590 3283
573 642 1215 1220 1919 2577 4596
574 988 1344 1576
575 2458
576 888 1891 2915
577 1695 3103
578 2275 3617
579 919 1370 2893 3469 3532
580
581 2137
582 1248 1717 2253 2272 2975
583
584 3914
585 1842 3486
586
587
588 903 1766 4204
589
590 3240
591 2434 3968
592
593 1651 2251 2494 2734 3615
594 761 1943 2527
595 1616 3413 3985
596 965
597 2460 4692
598
599 1033 1237 1572 1634 3246 4096 4520
600 1432 2219
601
602
603
604
605 637 1040 1788 1897 1922 4557 4852
606 2565 4168
607
608 1287 4639
609
610 3085
611 4795
612 647 1266 1434 1448 2644 3039 3576 3938
613
614 1884 4568
615 4022 4560
616 792
617 2464
618
619 1009 1721 2840 2855 3239 3598 4060
620 700 1501 4837
621
622 640 2672
623 2178 4805
624 2116
625 1202 3842
626 2079
627 1623 2708 4195
628
629 4346
630 2415
631
632 2587 4371 4398
633
634 926
635 2757
636
637
638
639
640 1875
641 1221 4809
642
643 1074 1402 2158 3322 4535
644 1206 1319 2032 2891 3206 3496 3915
645
646 2687
647 3373
648
649 912
650 2303
651
652 2164
653 1441 1874
654 1241 3324 3605 3803 4018 4470
655
656 746 941 1101 1643 2699 4121
657 1050 2010 2990
658 1671 1846 2668 3223 4459 4500
659
660
661
662 821 4389
663 3142
664
665 2241
666 683 3528
667 2175
668 3425
669
670 878 1497 2500
671
672 722 994 1598 1872 2478 2528 2548 2627 3200 3888
673
674 1467 1512 2724 2747 3399 4405 4513
675
676
677 2042 4345
678
679 763 883 2196 2264 2647 3191 3889
680 1559 4448
681
682
683 829 1282
684 723 955 2900 4001
685 1969 2108 4146
686
687 1896
688
689 1835 3950
690 3813 4235 4562
691
692
693 2657 4355
694 857 2678
695
696 1013 1340 1759 3093
697
698
699
700 1330
701
702 1114
703
704 3127
705 1063 2274 3856
706
707 742 2689
708 2655
709
710 1306 2656 3788
711
712 949 1537 1573 1802 1949 3332
713 3503
714 982 1756
715 4446
716
717 4313
718
719
720 2674
721
722 2359
723
724 2013
725
726 1996 3743 4396
727 1845
728 745 900 1182 1424 2193 2583 2857 3021 3994
729
730
731 1857
732
733
734 1603 2026 2048 2486 2567
735 2985
736 2695 3054
737 884
738
739
740 820 1099 1470 1499 2318 2417 2474 2492 3031 3634 4293 4620
741
742
743 3679
744
745
746 2126 2709
747 1562
748 1079
749
750 791 4782
751 3391
752 976 1404 3118
753 918 2998 3927
754 1082 2767 3316
755 814
756 3471
757 1737
758 1062 2354 3940 4754
759 1553
760
761 2180
762
763 1586 3026 3372 4845
764 1585 2964 3326
765 3549
766 1271
767 1962
768
769
770 4542
771 2620 3291
772 1850 2729
773
774
775
776
777
778 818 1160 1921 2213
779 2852 4326
780 3160 4637
781 833
782 1886
783 2331 2582 2654 3138
784
785 3944
786
787
788
789 1841
790 3081 4740
791 817 1176 3087
792
793
794
795
796 979 1293 1809 3880 4253 4335 4495 4651
797 1052 1224
798
799 2743 2745
800
801
802 2059 2877 3080 3338
803 841 947 1725 2240 2910 3210
804 1488
805 929 3862 4250
806 991 1120 1262 3250 3482
807
808
809
810 2177
811
812 1762
813 2063 2518 3863 3966
814
815
816 1824
817 983 1006 1997
818 4814
819 1763 1892 2758
820 837 1223 2054 3238 3946
821 1417 2053 2616 4259
822 1526
823
824
825
826 1004 3428 3619
827 1389
828 2954
829
830 3783 4127 4179
831
832 4360
833 2677
834
835 4362
836 2875 3437 4821
837
838
839 1765 2123
840
841 891 2369 3497 4249
842
843
844
845 972 1279 1990 2563
846
847
848
849 1415 1984 3613 4327
850 4631
851
852 2981
853 996 2778 3958 4743
854
855 2436 4338
856 1257 3811
857 2666
858
859 3224
860 1172 1908 2609 2812 3664
861
862 1075
863
864
865 1201 1862 2269
866 2326 2649 3962
867 4247
868
869
870 3824
871 1297
872 3907
873 2015 2146
874 3441
875 1019 1349 2008 2431 3119 3785 3916
876
877 4595
878 1078
879 1143 3948 4296
880 1133 1213 2551 3096 4350 4387
881 1791 2333
882
883 2246
884 1003 1406
885 917 1683
886
887
888
889
890 1209 1652 4721
891 1591 4816
892 1184 2780 2980
893 1998
894 3563
895 1117 2322 3458
896 3280
897 1452 2104
898
899 1144 1856 2832 3216 3254 4361
900 3484
901 4670
902 1936
903 2835
904
905 928 2813 4815
906 1653 2838 3642 4231
907 1264 2103 3062 4030
908 2019
909
910 1066 2388
911 4688
912 1253 2600
913
914 1843
915
916 2276 3376
917 1400
918
919
920 3778 3992
921
922 3562 3568 3770 4476
923 2030
924 1820 4124
925 3825
926
927
928
929
930 4307
931 1810 1950 2073 2370 3159 4479 4488
932 2223
933
934 1477
935 2028 2441 3171 3651
936
937
938
939 1049 1250
940
941
942
943 1208 1258 1596 2060 2718
944 1964 2787 3628
945 2772
946 4444
947
948 3645
949 1037 1678
950
951
952 2735
953 3341
954
955
956 2147 2651 2886
957 1281 3668
958 1811 2503 2688 2853 4723
959
960
961 2111 2280 3143
962 2052 4321
963
964 1129
965 4174
966
967 1494 1618 1968 3059 3581 4162
968 2461
969 1316 1983 2149 2292 2366 2615
970 3412
971 2165 4578
972 1333 1790 3012
973 1733 3165
974
975 1621
976
977
978
979 3357
980 1975 3417 4518
981 4285
982 1606
983 1660 2507
984
985
986 3505
987 1210 1492 3273 4061 4789
988
989 3435
990
991 1391
992 1265 1286 2625
993 2445 3244 4026
994
995 3930
996
997 1528 4158 4791
998
999 2662
1000
1001 2211 2861 4402
1002
1003
1004 2300 3917 4522
1005 1222
1006
1007 1124
1008 2308
1009 1772 2124 2231 2242 4107
1010
1011 4242
1012 2128
1013
1014
1015 1355 2029 2899 4768
1016
1017 1955
1018
1019 2634
1020
1021 1458
1022 1625
1023 3883
1024 1077 1309 1335 1976 2080 3392 3640 3738 4075 4372 4784
1025 1483 1785
1026 1029
1027 4572
1028 1729 2224
1029
1030
1031
1032
1033 1246 1421 1688 3242 4544
1034 1225 2621
1035
1036
1037 1999 2068
1038
1039
1040
1041 3965 4172
1042
1043 2821 4265 4482 4647
1044
1045
1046 1238
1047 3822
1048
1049 1640
1050
1051
1052
1053
1054
1055
1056
1057 1150 3699
1058 3380
1059 1358
1060 2467
1061
1062 1153 1557 2114 2601 3151 3288 3493 3882 4046 4592
1063
1064
1065 1635 2487
1066 1669 3257 4493
1067
1068
1069
1070 2685 3826 4013
1071 1188 3176 3921 4502
1072 1577 4790
1073 1346 1823 2619
1074
1075
1076 3624 4746
1077 1702 1981 3648
1078 1386
1079
1080
1081
1082 4657
1083
1084 2351 3665
1085 2304 2442
1086 1801
1087 1343
1088
1089
1090 1296
1091
1092 2935
1093 4182 4192
1094 1112
1095 1196 1747 4333
1096 2728 3295
1097
1098
1099 1519
1100 1418 1589 2814 4659
1101
1102 1170
1103 2076
1104 1125 1445 1902 2051 2208 2229 2845 3904
1105 1776
1106 2006 3956
1107 2398
1108 1813
1109 3454 4570
1110 1961
1111
1112
1113
1114
1115
1116 1251 2905
1117
1118
1119
1120 1175 2151 3005 3508 3589 3797 4545
1121
1122
1123
1124
1125
1126
1127 1363
1128 1587
1129 1232 1314 1853 2188 2904 3030 3410 3515 4225
1130 1509 1539 1783 2515
1131
1132 2788 4785
1133
1134
1135
1136 1665
1137
1138 4669
1139 2502 2556 2992
1140
1141 2698 4123
1142
1143 2136
1144 3747
1145
1146
1147 1259 1273 2007 2382 3193 3325
1148
1149 1899
1150 1600 1925 2045 3207
1151
1152 1893
1153 1731 1991 4823
1154
1155 2039 4840
1156
1157
1158 4486
1159
1160 1851
1161
1162
1163
1164
1165 1254 1369 1944 2221
1166
1167
1168
1169
1170 1313
1171
1172 1817 2598 3023
1173 1204
1174 4614
1175
1176
1177 3693
1178 1260
1179
1180
1181
1182 4629
1183
1184
1185 1878 3945 4229 4447 4776
1186
1187
1188 2067
1189
1190 3644
1191
1192 1838 3205
1193 1446
1194 2148
1195
1196 1211 3113
1197 4019
1198
1199
1200 2581 3416
1201
1202
1203 2145
1204
1205
1206
1207
1208
1209
1210
1211
1212
1213 3320
1214
1215
1216
1217
1218
1219
1220
1221 3831
1222
1223 1952 2192 4089
1224
1225
1226
1227 1674 3955
1228 2660 3263 4039 4188 4328 4549
1229 1686
1230
1231
1232 2421 2599
1233 3774 4643
1234
1235
1236 1734
1237
1238 1739 3058 3593
1239
1240 1243 3896
1241 3267 4769
1242
1243
1244 3258
1245 2260
1246
1247
1248
1249 1261
1250
1251 1350 1396 4234
1252 3973 4452
1253 1903
1254 3514
1255
1256
1257 1994 3371 4404
1258
1259 3573
1260 1320 4269
1261
1262 2064
1263
1264
1265 3136 4767
1266
1267 4541
1268
1269 1828 2176 2777
1270
1271 3677
1272
1273 1275 2248
1274
1275
1276
1277 1337 1548 1693 3303
1278
1279
1280
1281 3622
1282 1705
1283 1778
1284
1285 3527 4455
1286 1510 2099 2384 2659 3264 3415
1287
1288
1289 4111
1290 2023 3100 3407
1291
1292
1293 2629
1294
1295 2271 2406
1296
1297 1331 4254
1298
1299
1300 2279
1301 2509
1302 2946 4038
1303 2314 3037 4551
1304
1305 1727 2776 3379
1306 2889
1307 3390
1308
1309
1310
1311 3742 4450
1312
1313
1314 2876 4800
1315 3215
1316
1317
1318 1610 1865 2096 3042 3676
1319
1320
1321
1322
1323
1324 4099
1325 4391
1326
1327 4453
1328
1329 1487 4069 4519
1330 1427 1592 3162 4611
1331 2390
1332
1333
1334
1335 1468 1517 1839 3934
1336
1337
1338 2049 4288
1339 3139 3302
1340
1341 1435
1342 3805 4527
1343 1378 1931 2360 3753
1344
1345 3834
1346
1347
1348
1349 1723 3398
1350 2305
1351
1352
1353 4826
1354
1355
1356
1357
1358 4376
1359 2725 3546
1360 1992 3272
1361 3695
1362
1363 1518
1364
1365 4713
1366
1367
1368
1369
1370 2495
1371 2903 4010
1372 1552 2430 3570 4151 4216 4665
1373 1883 3036 4263
1374
1375
1376
1377 3194
1378 4220
1379
1380
1381 1628 4553
1382
1383
1384 3494
1385
1386
1387
1388
1389
1390
1391 1393 3342 3455
1392 2380 2878 3001
1393
1394 2225 3299
1395
1396 3202
1397
1398 2514
1399
1400 1639 1927 2071 3406 4401
1401 2684
1402
1403
1404 1831 1985 4050
1405
1406
1407
1408 1437
1409
1410
1411
1412
1413 1685
1414
1415
1416 2779 3705
1417
1418
1419
1420
1421
1422
1423
1424 2841 3713 3762 4732
1425 1570
1426 2324 3312
1427
1428
1429
1430 2277 3446
1431
1432
1433
1434
1435 2356
1436 1694 1951 3720 4668
1437 1637
1438
1439
1440 3659
1441
1442
1443 4375
1444
1445
1446 1710
1447 2160 4336
1448 1758
1449 1900 2376 2766 4399
1450 3133
1451 1615
1452 4113
1453
1454 4424
1455
1456
1457 1887
1458
1459
1460
1461 2100 2720
1462 1894
1463
1464 2018 2809 2951 3074 3539 4627
1465
1466 1491 2293 3226
1467
1468
1469
1470
1471 2320 2950 4384
1472
1473
1474
1475 3658
1476 4156 4385 4430
1477
1478
1479
1480
1481
1482
1483 1611
1484
1485
1486
1487
1488 2222 3252
1489 2690
1490
1491
1492
1493
1494
1495 3545
1496
1497
1498 2529
1499 1730
1500
1501
1502
1503
1504
1505 1527 1792 2789 2963 3071 3126
1506
1507
1508
1509 2350
1510 3833 3999
1511 4128
1512 2811 3638
1513
1514 1593
1515 3808
1516 3358 3860 4685
1517 2131 2455 3704 4516
1518
1519
1520
1521
1522
1523
1524
1525
1526
1527
1528 2117 2640 3504 4074 4762
1529 2144
1530 4536
1531 3972
1532
1533
1534
1535
1536
1537
1538
1539 2686
1540
1541
1542 2214 3076 3108
1543 3145
1544
1545
1546 1877
1547
1548
1549
1550
1551 1852
1552
1553
1554
1555 1619 2120 3360 3499
1556
1557 2594
1558 2597 2931
1559
1560
1561 2901
1562 2258 3660 3891
1563
1564 2297 2538
1565
1566
1567 1746
1568
1569 1866 3678
1570
1571
1572 2084 3799
1573
1574 3463
1575 3419
1576
1577
1578 2790 2883 3294
1579 4110
1580
1581 4605
1582
1583 2299
1584 2056
1585
1586
1587 3104 3346 4223
1588 2580 3356
1589
1590
1591
1592 1648
1593
1594
1595
1596
1597 2589 4040
1598
1599
1600
1601
1602
1603
1604
1605 3459
1606
1607 2339 3164
1608 3717
1609
1610 1923 2133 3281 3330 4374 4465
1611
1612
1613 3909
1614 3786
1615
1616
1617 1724
1618
1619 2846
1620
1621 2062
1622 2016 2270
1623
1624
1625 2837 3821
1626
1627
1628
1629
1630 2077
1631
1632 3344 3464
1633 2555
1634
1635 2278
1636
1637 3401
1638 2046 3405
1639
1640 2908
1641 2098 3759
1642 4741
1643 3153 4044 4472
1644
1645 1715 3599 4191
1646 1907
1647 1657 4434 4473 4533
1648
1649 4428
1650 4222
1651 4463
1652
1653
1654 3467
1655 2765 3249
1656
1657 2209
1658
1659
1660
1661
1662
1663
1664 2082 2828 3041 4003 4846
1665
1666 3864 4042
1667 3554
1668 2112 2505
1669
1670 2092 2692 3157 4788
1671
1672
1673
1674
1675 2321
1676 1898
1677
1678
1679
1680 2542
1681 4628
1682 1814 3015
1683
1684 4342
1685
1686 2372
1687
1688
1689
1690 2335 3377
1691
1692 3362 3926
1693 4383
1694 3674
1695
1696
1697 3388
1698
1699 2972
1700
1701 3551
1702 2200
1703
1704
1705 3761
1706
1707
1708 4205
1709 2001
1710 4590
1711
1712
1713 4274
1714
1715
1716 4063
1717 3174 4032
1718
1719
1720 2603 3451
1721
1722
1723
1724 1906
1725 2172
1726
1727
1728
1729
1730 3168
1731 1909
1732 1749 2968
1733
1734 3899
1735 3089
1736
1737
1738
1739
1740
1741 1793 3374
1742 2337 2358 4125
1743
1744
1745
1746 2012
1747 4489
1748 2083
1749
1750 4284
1751
1752 2343
1753 3186 3534
1754
1755 3633
1756
1757 2793 3588
1758
1759
1760
1761
1762 2553
1763 3686
1764 2036
1765
1766
1767
1768
1769 1971 2334 3314 3329 4697
1770
1771 2807 2978
1772
1773
1774
1775 2564 3502
1776
1777
1778
1779
1780 4715
1781
1782
1783
1784
1785 4480 4681
1786 3855
1787 2610
1788
1789
1790
1791 2319
1792
1793
1794
1795 3056 4847
1796
1797
1798 4860
1799
1800 1966
1801 4724
1802
1803
1804
1805
1806
1807 1980 2198
1808
1809 2802
1810
1811 1818 1959 3847 4318
1812
1813
1814
1815
1816 3382
1817
1818
1819 4416 4699
1820
1821
1822
1823
1824
1825
1826
1827
1828 2387 3117
1829 2917
1830 4649
1831 4554
1832
1833
1834 3656
1835 1970
1836 4514
1837
1838
1839
1840
1841
1842 2154
1843
1844 2245 4661
1845 2506
1846 3378
1847 3308
1848 4708
1849
1850
1851 4855
1852 3309
1853
1854
1855
1856 4547
1857 3397 4101
1858
1859
1860
1861 2682
1862
1863
1864
1865
1866
1867 2958 3843
1868 3201 3884
1869
1870
1871
1872
1873 3245 4849
1874
1875 2571 2819 3364
1876 3790
1877
1878 2999
1879 2173 2205 2798 3488
1880
1881
1882 1948 2323 3169 3943
1883
1884
1885
1886
1887
1888 2764
1889
1890 2070 3584
1891 2383
1892
1893
1894
1895 4460
1896
1897 1967 2607
1898 3597 3635 3666 3772
1899 2227
1900
1901
1902 2139 2737
1903 2212
1904 3152
1905
1906
1907 2525 3315 3781
1908
1909
1910
1911
1912 3073
1913
1914
1915 3199
1916
1917
1918
1919 3313
1920
1921
1922
1923
1924
1925
1926 3928
1927
1928
1929
1930
1931 2596
1932
1933
1934
1935
1936 2332
1937
1938 3101 4280
1939 3204
1940 3655
1941 2282
1942
1943
1944
1945
1946
1947
1948 4352
1949
1950
1951 2676
1952 4802
1953
1954
1955
1956
1957 3775
1958
1959
1960 2860
1961
1962 3989
1963
1964 2261 2519 2740 2974 3319 4055 4098
1965 3964
1966
1967 2593 4491
1968 3696 4102
1969
1970
1971 4594
1972
1973 1979
1974
1975 2628 3423
1976 2081 2810 3300 3343
1977 3418
1978 3130 4410
1979
1980 3912
1981 3140
1982 3911
1983
1984
1985 1988 3572
1986
1987
1988
1989
1990
1991
1992
1993
1994
1995 2869
1996
1997 4539
1998
1999
2000 2031
2001
2002
2003
2004 4583
2005
2006
2007 2443 4279
2008 3706 4435
2009
2010 4775
2011
2012
2013
2014 3075
2015
2016 4848
2017 3381
2018
2019
2020
2021
2022
2023
2024
2025 4142
2026 2262 3491 4024 4119
2027
2028
2029 3604 4130
2030 3675
2031
2032
2033
2034
2035 3612
2036
2037
2038
2039
2040 2540 2604
2041
2042
2043
2044
2045 2174 3936
2046
2047 4169
2048
2049
2050
2051
2052
2053
2054
2055
2056 3099
2057 3227 3265
2058 2195 4230
2059
2060
2061 2613
2062 2801
2063
2064 2791 3078 3148
2065
2066
2067
2068
2069 3351 4474
2070
2071
2072 2316 3840
2073
2074
2075
2076 2866 4197
2077
2078 3022
2079 2377 2456
2080
2081
2082
2083
2084 2844 2872 4797
2085
2086
2087
2088
2089
2090 4422
2091 4573
2092 2353
2093
2094
2095
2096
2097
2098 4517
2099
2100
2101 4619
2102 2552
2103
2104 2127
2105
2106
2107 3929
2108
2109
2110 2626
2111
2112 3700 4433
2113
2114 2753
2115 4349
2116 2831 3518 3910
2117
2118 2152 3266 3293 3623 4077 4153 4641
2119
2120
2121
2122
2123 2498 2897
2124
2125
2126
2127
2128
2129 2652
2130 3323
2131
2132 3456 3460
2133
2134 3511
2135
2136
2137
2138 4114
2139 2364 3780 4704
2140
2141
2142 4575
2143 2675
2144 4062 4632
2145 3526
2146
2147
2148 2389
2149 3760
2150
2151 4555
2152
2153
2154
2155 2435
2156
2157
2158
2159 3192
2160
2161
2162
2163
2164
2165 4278 4636
2166 2638
2167
2168
2169 2237 3848
2170
2171
2172
2173
2174 2226
2175
2176 3495
2177
2178
2179 2302
2180
2181
2182
2183
2184
2185
2186 2536
2187
2188
2189 2202
2190
2191
2192
2193
2194
2195
2196
2197 3723 4187
2198
2199 3897 4243
2200
2201
2202
2203
2204
2205
2206
2207
2208
2209
2210 4496
2211 4671
2212 3123 3386
2213
2214
2215
2216 2976 4462
2217
2218
2219 4221
2220
2221
2222
2223
2224
2225 2799
2226
2227 2673 2884 3150 4281 4686
2228
2229 4733
2230
2231
2232
2233
2234
2235
2236 3361 4581
2237
2238
2239
2240 2291 3841
2241
2242
2243 3363
2244 2392
2245
2246
2247
2248
2249 4437
2250
2251
2252 2310 2578
2253
2254 3472
2255
2256
2257
2258
2259
2260
2261
2262
2263
2264
2265
2266 2849
2267
2268 2870 4258 4317
2269 3019 3939 4353
2270 2570 3462 3670
2271 2671
2272 3791
2273
2274
2275 3055 3523 4051
2276 3850
2277
2278 2873
2279 3476
2280
2281
2282 4626
2283
2284 3180 3755 3818
2285
2286 2348
2287 2414
2288
2289
2290 2680
2291
2292
2293 2391 3287
2294
2295 4252
2296 2379 4295
2297
2298 4546
2299
2300
2301
2302
2303
2304
2305 2504 4185 4379
2306
2307 2756 3333 3815
2308 2940
2309 2760 2989
2310 2397
2311
2312
2313 4765
2314
2315
2316
2317 3859
2318
2319
2320 3724 4377
2321
2322 4454
2323
2324
2325 3535 4041
2326
2327
2328
2329 4291
2330
2331
2332
2333
2334
2335
2336 2345
2337 4065 4339
2338 4066
2339
2340
2341
2342 3810
2343
2344 4058
2345
2346
2347
2348
2349
2350
2351
2352
2353
2354 3812
2355
2356 2595 3662
2357 3692
2358
2359
2360 2418
2361 4233
2362
2363
2364 2412 3974
2365 4682
2366
2367 4294
2368
2369 2404 4084
2370
2371
2372
2373
2374
2375 4429
2376 4440
2377
2378
2379
2380
2381 3715
2382
2383
2384 2667
2385
2386 2982
2387 3275
2388
2389 3643
2390 4292 4588
2391 2499 3098 3509
2392 3156
2393 3941 4203
2394
2395
2396 4676
2397
2398 3004
2399
2400 3158
2401
2402
2403
2404
2405
2406
2407
2408
2409
2410 3569
2411 3872
2412
2413 2822 2888
2414
2415
2416
2417
2418
2419
2420
2421
2422
2423 3018
2424
2425
2426
2427 2588
2428
2429 2546
2430
2431
2432 3765
2433
2434
2435
2436
2437 3756
2438
2439 2632
2440 2491
2441 2608 2750
2442
2443
2444 4136
2445
2446
2447
2448
2449
2450
2451
2452
2453
2454
2455
2456
2457
2458
2459
2460
2461
2462
2463
2464 2484
2465
2466
2467
2468
2469
2470
2471 3702
2472
2473 2808
2474
2475 2925
2476
2477 2805
2478
2479 4680
2480
2481 2957 4177
2482
2483
2484 4421
2485 3038
2486
2487
2488
2489
2490
2491
2492 3483
2493 3452
2494
2495
2496 3746
2497
2498 3586
2499
2500
2501
2502
2503
2504
2505
2506
2507
2508
2509
2510
2511
2512
2513
2514
2515 3017
2516
2517
2518
2519 2639 4714
2520
2521
2522 2714 3083 3408 3571
2523
2524
2525
2526 3626
2527
2528
2529
2530 2742
2531
2532
2533
2534
2535
2536
2537 2641
2538
2539
2540
2541 3553
2542
2543 4550
2544 3492 3975
2545
2546
2547
2548
2549
2550
2551
2552
2553
2554 2907
2555
2556 4164
2557
2558
2559
2560
2561
2562
2563
2564 3439
2565
2566 4207
2567
2568
2569
2570 3409
2571 2858
2572 2800
2573
2574
2575
2576
2577 2592
2578
2579 3102
2580
2581
2582
2583
2584 3750
2585
2586
2587
2588 3420
2589
2590 3069
2591 3040
2592
2593
2594
2595
2596
2597
2598 3014
2599
2600
2601 2723 3932
2602
2603 3728
2604
2605
2606
2607
2608
2609
2610
2611
2612 3106
2613 2960 3649 4367
2614 3908
2615
2616
2617 3752
2618 4582
2619 3885
2620
2621 4603
2622
2623
2624
2625
2626 3976
2627
2628 3061
2629
2630
2631
2632
2633
2634 3359 4166 4585
2635
2636
2637
2638
2639
2640
2641
2642
2643
2644 3879
2645
2646 3447
2647 3027
2648
2649
2650
2651 3120
2652
2653 4842
2654 3722
2655
2656
2657
2658
2659
2660
2661 4461
2662
2663
2664
2665
2666 3450
2667
2668
2669
2670
2671
2672
2673 2971
2674
2675
2676
2677
2678 2754 3582 4228
2679
2680
2681
2682
2683
2684
2685
2686
2687
2688
2689
2690
2691
2692
2693
2694 3542 3773 4289
2695
2696
2697 4011 4266
2698
2699 2736
2700
2701 2947
2702
2703
2704
2705 3414 3618
2706
2707
2708
2709 3066
2710
2711
2712 4370
2713
2714
2715
2716
2717
2718 3237
2719
2720
2721
2722 2839 3173 3869
2723
2724
2725
2726 3925
2727 2979
2728
2729
2730
2731 2827
2732
2733
2734 3567
2735
2736
2737
2738
2739 4004
2740
2741
2742
2743
2744
2745 3726
2746
2747 3218
2748
2749 3429 3672 4213
2750
2751
2752
2753 3008 3500 3902
2754
2755
2756 4630
2757 3836 4163
2758
2759
2760
2761
2762 3217
2763
2764
2765
2766
2767
2768
2769
2770
2771
2772
2773 4722
2774
2775
2776 4286
2777 4736
2778
2779 3621
2780
2781 3861
2782 3340
2783 4094
2784
2785
2786
2787
2788
2789 3292 4556 4712
2790
2791
2792
2793
2794
2795
2796
2797
2798
2799
2800
2801
2802
2803
2804
2805
2806
2807 4365 4571
2808
2809 3685
2810
2811
2812
2813
2814 3182
2815
2816 3278
2817 4748
2818 3214
2819
2820 2995
2821
2822 4656
2823
2824 4771
2825
2826
2827
2828
2829 4820
2830
2831
2832
2833
2834
2835
2836
2837
2838
2839
2840
2841 3370
2842
2843
2844
2845 4184 4251
2846
2847
2848
2849
2850
2851
2852
2853
2854 3565
2855
2856
2857 4126
2858
2859 4483
2860
2861 4691
2862
2863 3222
2864
2865
2866
2867 4076
2868
2869
2870 3002
2871
2872
2873
2874
2875
2876 3137 3501
2877
2878 4232
2879
2880
2881
2882
2883
2884
2885
2886
2887 4742
2888
2889
2890
2891
2892 3285
2893 4056
2894
2895
2896
2897
2898
2899
2900
2901
2902
2903 4131
2904
2905 3129
2906
2907 4477 4600
2908 3616 3903 4219
2909 4122
2910
2911
2912
2913 3835
2914
2915 3032 3383 3718 4264 4390
2916
2917
2918 3028
2919
2920 4719
2921
2922 4078
2923 3366
2924
2925 3981
2926
2927
2928
2929
2930
2931
2932
2933
2934
2935 3763
2936 3868
2937
2938
2939
2940
2941
2942
2943
2944
2945 3367
2946 4464
2947
2948
2949
2950
2951
2952
2953
2954 3195
2955
2956 4703
2957
2958
2959
2960
2961
2962
2963
2964
2965
2966 3995
2967
2968
2969
2970 4635
2971
2972 3816
2973
2974 3997
2975 3550 3832
2976 3614
2977
2978
2979
2980
2981 3155
2982
2983
2984
2985
2986
2987
2988 3260
2989
2990
2991
2992
2993 3712
2994
2995
2996
2997
2998
2999
3000 3213
3001
3002
3003
3004
3005 3591
3006
3007
3008
3009
3010
3011
3012
3013
3014 4406
3015 4283
3016 3131 4442
3017
3018
3019
3020
3021
3022
3023
3024
3025
3026
3027
3028
3029 3684
3030
3031 3352 4388 4504
3032 4116
3033
3034
3035 4441
3036
3037
3038
3039
3040
3041
3042 3646
3043
3044
3045
3046
3047
3048
3049
3050
3051
3052
3053 3057 3853
3054
3055 4850
3056
3057
3058
3059 3310 4487
3060
3061 3522
3062
3063
3064
3065
3066
3067
3068
3069
3070
3071
3072
3073
3074
3075
3076
3077
3078 3959
3079
3080
3081
3082
3083
3084
3085 3384
3086
3087
3088
3089 3596
3090
3091 3800 4409 4783
3092
3093
3094
3095
3096
3097
3098
3099
3100
3101
3102
3103
3104
3105 3578
3106
3107
3108
3109 4028
3110 4679
3111
3112
3113
3114
3115 4673
3116
3117
3118
3119
3120 3782
3121
3122
3123
3124
3125
3126 3600 3924
3127
3128
3129 3895
3130
3131
3132
3133
3134
3135
3136
3137 3735
3138
3139
3140
3141
3142
3143
3144
3145
3146 3395
3147
3148
3149 3691
3150
3151
3152
3153
3154
3155
3156
3157
3158
3159
3160
3161
3162
3163
3164
3165
3166 4236
3167
3168
3169
3170
3171
3172
3173
3174
3175
3176
3177 3402
3178
3179
3180
3181
3182 4796
3183
3184
3185 4420
3186
3187 4591
3188
3189
3190 3307
3191
3192
3193 3230
3194
3195
3196
3197
3198 3590
3199
3200
3201
3202
3203
3204
3205
3206 3536 4540
3207
3208 3731
3209
3210
3211
3212
3213
3214
3215
3216
3217
3218
3219
3220 3641 4332
3221
3222 3490
3223 3585
3224
3225
3226 4803
3227
3228
3229
3230
3231
3232
3233
3234
3235
3236
3237
3238
3239 4702
3240
3241
3242
3243
3244
3245
3246 4752
3247 3730 3923 4478
3248
3249 4415 4561
3250
3251
3252
3253 3444 3682
3254
3255
3256
3257
3258
3259
3260
3261
3262 4020 4358
3263
3264 4068 4308
3265 4839
3266
3267
3268
3269
3270
3271
3272 3474
3273
3274
3275
3276
3277
3278
3279
3280
3281
3282
3283
3284 4237 4366
3285
3286
3287
3288 4812
3289
3290 4273
3291 4304
3292 3531
3293
3294
3295
3296 3297
3297 4758
3298
3299 4449
3300 3844
3301
3302
3303
3304
3305 4248
3306
3307
3308
3309
3310
3311
3312 3512
3313
3314
3315 3942 4804
3316 3448 4678 4824 4858
3317
3318
3319
3320
3321
3322
3323
3324
3325
3326
3327 3442 4176
3328
3329 3334
3330
3331
3332
3333
3334
3335
3336
3337 3768
3338
3339
3340
3341
3342 4817
3343 4109
3344
3345 3368
3346 4201
3347
3348
3349
3350
3351
3352
3353
3354
3355
3356
3357
3358
3359 3751
3360
3361
3362
3363
3364
3365
3366 3980
3367
3368
3369
3370
3371
3372
3373 4833
3374
3375
3376
3377
3378
3379 3708
3380
3381
3382 3667
3383
3384 3779
3385
3386
3387
3388
3389
3390
3391 4838
3392
3393
3394
3395
3396
3397 3905
3398
3399
3400 4341
3401 3547
3402
3403 3900
3404
3405
3406
3407
3408
3409
3410 4133
3411
3412
3413
3414
3415
3416
3417
3418 3893
3419
3420
3421
3422
3423
3424
3425
3426
3427
3428
3429 4139 4299
3430
3431
3432
3433 4045 4761
3434
3435
3436
3437
3438
3439
3440
3441 3541
3442
3443
3444
3445
3446
3447
3448
3449
3450
3451 4143 4574
3452
3453
3454
3455
3456
3457
3458
3459
3460
3461
3462
3463
3464
3465
3466
3467 4853
3468 3473
3469
3470
3471 4793
3472
3473
3474
3475
3476
3477
3478
3479
3480
3481 3823
3482
3483 4117 4612
3484 3516 4218 4806
3485
3486
3487
3488
3489 4211 4277
3490
3491
3492 4072
3493
3494
3495
3496
3497
3498
3499 4623
3500 3587
3501 4337
3502
3503
3504
3505
3506
3507
3508
3509
3510
3511
3512
3513
3514
3515
3516
3517 3920
3518
3519
3520
3521 3620
3522 4238
3523
3524
3525
3526
3527
3528
3529
3530 3543 4425
3531
3532
3533 4593
3534
3535
3536
3537
3538
3539
3540
3541
3542
3543
3544
3545
3546
3547
3548
3549
3550
3551 4851
3552
3553
3554
3555
3556
3557 4484
3558
3559
3560
3561
3562
3563
3564
3565 4720
3566
3567
3568
3569
3570
3571
3572
3573
3574
3575 4043 4344
3576
3577
3578
3579
3580
3581
3582
3583 4017
3584
3585
3586 4766 4835
3587
3588
3589
3590
3591 4165
3592 4035
3593
3594
3595 4734
3596
3597
3598
3599 4569 4774
3600
3601
3602
3603
3604 3787
3605
3606 4135
3607
3608
3609
3610
3611
3612
3613 3736
3614
3615
3616
3617
3618
3619
3620
3621
3622
3623
3624
3625
3626
3627
3628
3629
3630
3631 4090
3632
3633
3634
3635
3636
3637
3638
3639
3640
3641
3642
3643
3644 4610
3645
3646
3647
3648
3649
3650
3651
3652
3653
3654
3655
3656
3657
3658 3886
3659
3660
3661
3662
3663 3709
3664
3665
3666
3667
3668
3669
3670
3671
3672
3673 3771
3674
3675
3676
3677
3678
3679
3680
3681
3682
3683
3684
3685 4305
3686
3687
3688
3689
3690
3691
3692
3693
3694 4147 4772
3695 4021
3696
3697
3698
3699
3700
3701
3702
3703 4438
3704
3705
3706
3707
3708
3709
3710
3711
3712
3713
3714
3715 3733
3716
3717
3718
3719
3720
3721
3722
3723
3724
3725
3726
3727 4841
3728
3729
3730
3731
3732
3733
3734
3735 3739
3736
3737 3987
3738
3739
3740
3741
3742
3743 4059
3744
3745
3746
3747
3748
3749
3750
3751
3752
3753
3754
3755
3756
3757 4173
3758
3759
3760
3761
3762
3763
3764
3765
3766
3767
3768 4189
3769
3770
3771
3772
3773 4400
3774
3775
3776 3970
3777
3778
3779
3780
3781
3782
3783
3784
3785
3786
3787
3788
3789
3790
3791
3792
3793
3794
3795
3796
3797
3798
3799
3800
3801 4660
3802 3873
3803
3804
3805
3806
3807
3808
3809 3957
3810
3811
3812
3813
3814
3815 4633
3816
3817
3818 4601
3819
3820
3821
3822
3823 4227
3824
3825
3826
3827 4567
3828
3829
3830 3978
3831
3832
3833 3933
3834
3835
3836
3837
3838
3839
3840 3986
3841
3842
3843
3844
3845
3846
3847
3848
3849
3850
3851
3852
3853
3854
3855 4271
3856 4831
3857
3858
3859
3860
3861
3862
3863
3864
3865
3866
3867
3868
3869
3870
3871
3872
3873
3874
3875
3876
3877
3878
3879
3880
3881
3882
3883
3884
3885
3886
3887
3888
3889
3890
3891
3892
3893
3894
3895
3896
3897
3898
3899
3900 4587
3901
3902
3903 4830
3904
3905
3906
3907
3908
3909
3910
3911
3912
3913 4707
3914
3915
3916
3917
3918
3919
3920
3921
3922
3923
3924
3925
3926
3927
3928
3929
3930
3931 4744
3932
3933
3934
3935
3936
3937
3938
3939
3940
3941
3942
3943
3944
3945
3946
3947
3948
3949
3950
3951 3983
3952
3953
3954
3955
3956
3957
3958
3959
3960
3961
3962
3963
3964
3965
3966
3967
3968
3969 4309 4451
3970
3971
3972
3973
3974
3975
3976
3977 4624
3978
3979
3980
3981
3982
3983 4029
3984
3985
3986
3987
3988
3989
3990
3991
3992
3993
3994
3995
3996
3997
3998
3999
4000 4006 4663
4001
4002
4003
4004
4005 4324
4006
4007
4008
4009
4010
4011
4012
4013
4014
4015
4016 4053
4017
4018
4019
4020 4731 4799
4021
4022
4023
4024
4025
4026
4027
4028
4029
4030
4031
4032
4033
4034
4035
4036
4037
4038 4354
4039
4040
4041
4042
4043
4044
4045 4206
4046
4047
4048
4049
4050
4051
4052 4677
4053
4054
4055
4056
4057
4058
4059
4060
4061
4062
4063
4064
4065 4798
4066 4602
4067
4068
4069
4070
4071
4072
4073
4074
4075
4076
4077
4078
4079
4080
4081
4082
4083
4084
4085
4086
4087
4088
4089
4090
4091
4092
4093
4094
4095
4096
4097 4607
4098
4099
4100
4101
4102
4103
4104
4105
4106
4107
4108
4109
4110
4111
4112
4113
4114
4115
4116
4117
4118
4119
4120
4121
4122
4123
4124
4125 4526
4126
4127
4128
4129
4130
4131
4132
4133
4134
4135
4136
4137
4138
4139
4140
4141
4142
4143
4144
4145
4146
4147 4468
4148
4149
4150
4151
4152
4153
4154
4155
4156
4157
4158
4159
4160
4161
4162
4163
4164
4165
4166
4167 4615
4168
4169
4170
4171
4172
4173
4174
4175
4176
4177
4178
4179
4180
4181
4182
4183 4417 4701
4184
4185
4186 4687
4187
4188
4189
4190
4191 4407
4192
4193
4194
4195
4196
4197
4198
4199
4200
4201
4202
4203
4204
4205
4206
4207 4521
4208
4209
4210
4211
4212
4213
4214
4215 4319
4216
4217
4218
4219
4220 4467
4221
4222
4223
4224 4780
4225
4226
4227
4228
4229
4230
4231
4232 4735
4233
4234
4235
4236
4237
4238
4239
4240
4241
4242
4243
4244
4245 4408 4756
4246
4247
4248
4249
4250 4316
4251
4252
4253
4254
4255
4256
4257
4258 4658
4259
4260 4695
4261
4262
4263
4264
4265
4266
4267
4268
4269
4270
4271
4272
4273
4274
4275
4276
4277
4278
4279
4280
4281
4282 4779
4283
4284
4285
4286
4287
4288
4289
4290
4291
4292
4293
4294 4794
4295 4577
4296
4297
4298
4299
4300
4301
4302
4303
4304
4305
4306
4307
4308
4309
4310
4311
4312
4313
4314
4315
4316
4317
4318
4319
4320
4321
4322
4323
4324
4325
4326
4327
4328
4329
4330
4331
4332
4333
4334
4335
4336
4337
4338
4339
4340
4341
4342
4343
4344
4345
4346
4347
4348
4349
4350
4351
4352
4353
4354
4355
4356
4357 4672
4358
4359
4360
4361
4362
4363
4364
4365
4366
4367
4368
4369
4370
4371
4372
4373
4374
4375
4376
4377
4378
4379
4380
4381
4382
4383
4384
4385
4386
4387
4388
4389
4390
4391 4395
4392
4393
4394
4395
4396
4397
4398
4399
4400
4401
4402
4403
4404
4405
4406
4407
4408
4409
4410
4411
4412
4413
4414
4415
4416
4417
4418
4419
4420
4421
4422
4423
4424
4425
4426
4427
4428
4429
4430
4431
4432
4433
4434
4435
4436
4437
4438
4439
4440
4441
4442
4443
4444
4445
4446 4648
4447
4448
4449
4450
4451
4452
4453
4454
4455
4456
4457
4458
4459
4460
4461
4462
4463
4464
4465
4466
4467
4468
4469
4470
4471
4472
4473
4474
4475
4476
4477
4478
4479
4480
4481
4482
4483
4484
4485
4486
4487
4488
4489
4490
4491
4492
4493
4494
4495
4496
4497
4498
4499
4500
4501
4502
4503
4504
4505
4506
4507
4508
4509
4510
4511
4512
4513
4514
4515 4608
4516
4517
4518
4519
4520
4521 4604
4522
4523
4524
4525
4526
4527
4528
4529
4530
4531
4532
4533
4534
4535
4536
4537
4538
4539
4540
4541
4542
4543
4544
4545
4546
4547
4548
4549
4550
4551
4552
4553
4554
4555
4556
4557
4558
4559
4560
4561
4562
4563
4564
4565
4566
4567
4568
4569
4570
4571
4572
4573
4574
4575
4576
4577
4578
4579
4580
4581
4582
4583
4584
4585
4586
4587
4588
4589
4590
4591
4592
4593
4594
4595
4596
4597
4598
4599 4832
4600
4601
4602
4603
4604
4605
4606
4607
4608
4609
4610
4611
4612
4613
4614
4615
4616
4617
4618
4619
4620
4621
4622
4623
4624
4625
4626
4627
4628
4629
4630
4631
4632
4633
4634
4635
4636
4637
4638
4639
4640
4641
4642
4643
4644
4645
4646
4647
4648
4649
4650
4651
4652
4653
4654
4655 4700
4656 4696
4657
4658
4659
4660
4661
4662
4663
4664
4665
4666
4667
4668
4669
4670
4671
4672
4673
4674
4675
4676
4677
4678
4679 4792
4680
4681
4682
4683
4684
4685
4686
4687
4688
4689
4690
4691
4692
4693
4694
4695
4696
4697
4698
4699
4700
4701
4702
4703
4704
4705
4706
4707
4708
4709
4710
4711
4712
4713
4714
4715
4716
4717
4718
4719
4720
4721
4722
4723
4724
4725
4726
4727
4728
4729
4730
4731
4732
4733
4734
4735
4736
4737
4738
4739
4740
4741
4742
4743
4744
4745
4746
4747
4748
4749
4750 4818
4751
4752
4753
4754
4755
4756
4757
4758
4759
4760
4761
4762
4763
4764
4765
4766
4767
4768
4769
4770
4771
4772
4773
4774
4775
4776
4777
4778
4779
4780
4781
4782
4783
4784
4785
4786
4787
4788
4789
4790
4791
4792
4793
4794
4795
4796
4797
4798
4799
4800
4801
4802
4803
4804
4805
4806
4807
4808
4809
4810
4811
4812
4813
4814
4815
4816
4817
4818
4819
4820
4821
4822
4823
4824
4825
4826
4827
4828
4829
4830
4831
4832
4833
4834
4835
4836
4837
4838
4839
4840
4841
4842
4843
4844
4845
4846
4847
4848
4849
4850
4851
4852
4853
4854
4855
4856
4857
4858
4859
4860
4861
