#/opt/homebrew/Caskroom/miniconda/base/envs/hack25/lib/python3.12/site-packages/ipykernel_launcher.py --f=/Users/jpinney/Library/Jupyter/runtime/kernel-v3ac080a14eaeb55c9e3e4df9b8f7b4105c740d26c.json
# GMT Wed Jul  2 15:43:52 2025
# 
0 5935 8669
1 4869 9067 10119
2 8596
3
4
5
6 4756
7
8
9
10 4702 8653
11
12
13
14 5228
15 4407
16
17 7876
18 1146 2042
19 5549 5626
20 6936
21
22
23 6816 8912
24
25 8975
26
27
28
29 657 7665
30 7079
31
32
33
34 4149
35 6086
36
37 9087
38
39 7077
40 4178
41 10050
42 1615 5899 9899
43 4649 7485 8630
44 8514
45
46 1891 3720 4356
47 8090
48
49
50 5609
51
52 9948
53
54 2487 9124
55
56
57
58 2344
59 6879
60 2145
61 9884 10230
62
63
64
65 1033 4267
66
67 2171
68 5841
69 4249 4278 4804
70 1071 8417 9091
71 2426 5121
72 2611 2704
73 157
74
75 2565 6033
76
77 2080 4010
78
79 5659
80
81 5570
82
83 9374
84 5290
85
86 8953
87
88 4367
89 2628
90
91
92 1091
93
94 1981 5541
95
96
97 2068
98 7501
99 5617
100 3038
101
102
103
104
105 3920
106
107
108
109 8543
110 2601
111
112 8144
113
114
115
116 2188
117
118 1211
119 5443
120 7400 7523
121
122 8805
123
124 4290
125
126
127 3160
128 3623
129 5189 6954 7331 8807
130 7045
131 4737
132
133 3823
134
135
136 7663
137 6972
138
139 2914
140 9139
141
142
143
144
145
146 8343
147
148 4936 6627
149 4615
150
151 5001
152
153
154
155 9105
156
157
158 312
159 4206 7079
160 1630
161
162 435
163
164 6817 7873
165
166
167
168
169 696 6691
170 4597
171 4442 9986 10014
172 395 10225
173 1623 4015 5065
174 6423
175 10216
176 1705 9449
177 457
178
179
180 10191
181
182 920 2802 4778 6013
183
184 1366
185 6742
186
187
188 1117 9076
189
190
191
192 1108 5607
193
194
195 4944
196 6434 10152
197 6150
198 323
199
200 1810
201
202 8985
203 6135
204 7946
205
206 541
207 2772
208 1457 1927
209
210 10033
211 5173
212
213 7004 9909
214
215 1584
216 303
217 1447 6212
218
219
220 7342 9876
221
222 4004 8474
223
224 7240
225 6921
226
227
228 5413 6239
229 2497 4708 5908
230 7982
231 592
232 2984
233
234 905 3971
235
236
237 3344 6901
238 2378
239 2206 7692
240 3944
241 1116
242
243
244
245
246 9064
247
248 5158
249 6457
250
251 8497
252
253 2034
254
255 10617
256
257 1843 7794
258 783
259 262 7233
260
261 3727
262 7233 7646
263 3241
264 1136
265 2983
266
267 2467 4168
268 3333 4606 6583
269 10564
270 7178 7622
271 538
272 9587
273
274 1811 4637
275
276
277
278 8003
279
280
281
282
283
284
285
286 1701 10124
287 5889
288
289 4191
290
291
292 4971 8513
293 529 6296
294 4888
295 6974 9046
296
297 8299
298 7702 9588
299 8383
300
301
302 4454
303
304
305
306 4616
307 4489
308
309 1171 3380 8512
310 2037
311 457
312
313
314 4931
315 4232
316 1092 1717 2071 6728
317
318 4477 7274
319
320 9891
321
322
323
324
325 3658
326 3979 6523
327
328
329
330 1917
331 6244
332 2556
333
334 6548
335 1690
336
337 1719 8586
338 3388
339 2202
340
341 7236
342
343 3770
344
345
346
347 5318
348 2896 7431 8265
349
350
351 4070
352 3292
353 7087 9277
354
355 5128 8636
356
357 2777 10157
358 653
359 4695
360 9031 9903
361 1450 4981 9167 9484
362
363
364 9308
365
366 1012 2480
367 3151 4988 9296
368
369 806 5186 6509
370
371 9227
372 3472
373
374
375 9088
376
377
378 6171
379 2751
380
381
382
383 1149 4818
384
385 557
386 5278 8894
387 7016 7825
388 6723
389 5511
390
391 3789 4080 4250 10129
392
393 3506
394
395 10225
396
397 4687
398 2826
399 606 1503
400 4394
401 4270
402 7387
403 10560
404
405 2154
406 3985
407
408 1514
409 4521
410
411 667 4698 10545
412
413 8276
414
415
416 5039
417
418 7099
419 1715
420 4542
421 9053
422 1238
423 4885
424 732 6354 8207
425 8118
426 5378 7948
427 644 1382 5491
428 4579
429 7455 8303
430
431
432 10635
433
434 5513
435
436 593
437 4891 7619
438
439 715
440
441 624
442
443
444 2137
445 4523 8831 10338
446
447 8663
448
449 5846 10234
450 5393 5784
451
452
453
454
455
456
457
458 8675
459 6259
460
461 4289
462 2650
463 5332
464
465 6989
466 1463 5212
467
468 4512 5764
469 8656
470 10201
471 766
472 2166
473
474 5232
475
476 8913
477 1342 8518
478 3654
479 7363
480 3285
481
482
483
484
485 7401
486
487
488 6624
489
490
491
492
493
494 4588
495 5158
496 7242 9308
497 9364
498
499 921 4848
500
501 1211
502 2414
503 2726 4161
504 6264 7260
505 2295 3686
506
507 5874
508 3631
509
510 8518
511
512 1265 6392
513 2286
514 9278
515
516
517
518
519 2108
520
521 578 2014 4139 7132
522 1279
523
524
525
526 3833
527 4385 9005 9848
528
529 6296
530
531 6866 8682
532
533
534 6502
535
536 2188
537
538
539
540 6101
541
542 1936
543
544 10231
545 9633
546
547 1423
548
549 861
550
551 1956
552 2393
553
554 10377
555
556
557
558 2134 4734
559 3401 5253
560 8418
561 3374
562 8355
563 968
564 1461 3273 4176
565
566
567 983 3249
568 8243
569
570
571 5000
572 5137
573 9836
574
575 6336
576
577 5594
578 2014 7132 7962
579
580 6681
581 2935
582 2241 3288 3718
583 5890 9293 9318
584
585 9740
586
587 6762
588
589
590
591
592 2269
593 5403
594 6441
595
596 8573
597 2639 4058
598 5513
599
600 1235
601 3455
602 5878
603
604
605
606
607 5987
608 8018
609
610 5225 7272
611 8363
612
613
614 9375
615
616
617 5870
618
619
620 1561
621 8106 9968
622
623
624 2356
625 5752
626 8702
627
628
629
630 3637 6963
631 9307
632
633 2871 3220 9119
634 1368 5150
635 5156
636 3532
637
638
639
640 3211 5255 5845
641
642
643 8235
644 5491
645 2384
646
647
648 1439
649 8273
650
651
652 10563
653
654 6114
655 788 8437
656
657 1696
658 1222 5879
659 4777
660 3565 7901
661
662
663
664 4052
665 5909
666 1533 2409 3291 10128
667 4698
668 6054
669
670 7389
671
672 1006
673
674 8755
675
676 9207
677
678 4845
679 4529
680 5112
681 1923
682 7509 10062
683 3189 6222
684 8705
685 3299
686 2203 5740
687 1157 6609 8753
688 4019
689 2011 9547
690
691 2371
692
693
694
695 5123
696
697
698
699
700 6167
701
702 4743
703 2846
704
705
706
707
708 1864 9345
709 1662
710
711 1289 5620
712 4130 4746
713 1356 6608
714
715 4034
716
717 6794
718 2680
719 9884
720 1329 6383
721
722 3332 5064
723 9811
724
725
726
727 3373 4875 6614 6640
728
729 2824 8087
730
731
732 6354
733 2289
734 6759
735
736
737 5761
738 5452 6316
739
740
741
742 9270
743
744
745 4201
746 5457
747 10599
748
749 2542 8569
750 3599
751
752 5207
753 3211 5056 5255 6847 8425
754 6574
755
756 2345
757
758 4065 10288
759
760
761
762 2215
763
764 9254
765 4625
766
767 5768
768 4241
769 7102
770 1458 8873
771 6065
772
773
774 2112
775
776
777 1143
778 9699
779 10406
780 2081
781 2111 8291
782
783
784
785
786 1478
787 902
788
789 6746
790
791 8478
792
793
794 6084
795 4220 7844
796
797 5805
798
799 2780
800 4523
801
802 2444
803
804
805 9982
806
807
808 1951 4171 6124
809 3692
810 1745
811
812
813
814
815 5110
816
817
818 3223 4810
819
820
821 1513 5479
822
823 1622 2843 6468
824
825 3307
826
827 8057 10028
828
829 3542
830 8593
831 2679
832 3604 5008
833
834 2433
835 6230
836 8624
837
838 4120
839 5759 9045
840 3574
841
842
843 3664
844
845
846 2808 8797
847
848 8812 9253
849 6603
850 9607
851 10310
852
853 5832 7489
854
855 6399 9697
856 8017 8284
857 1859
858 6933
859 2218 3104 3801 7647
860
861
862
863 5703
864 5411 6428
865 6291
866
867 3677 8229
868
869 5645
870
871 1196
872
873 2339 6786
874
875
876
877 6887 10077
878 9069
879
880 3558
881 6968
882 8942 10468
883 2502
884
885
886
887
888 7304
889
890
891
892 5485
893 4240 5398
894
895
896
897
898
899
900
901 6746
902
903 3153
904 3673 3716 8760 9376 9924
905 1715 3971
906 1613 8931
907 5786 9766
908 1271
909 8021 9089
910 7918
911 8588 9680
912
913 6944
914 1452
915 2589
916
917 3765 5682
918
919 4126
920
921
922 5814
923
924 7193
925
926 1674
927 1969
928
929 9530
930 2549
931 8208
932 2591
933 7377
934 2482
935 5111
936
937
938 1448 6667 7874
939 1944
940
941 1698 6224
942 9834
943 1231 5767
944 3023 7285
945
946 4361
947
948
949
950 5903 7606
951
952
953
954 4395 6813
955
956
957
958 8746
959 8536 9787
960
961 1391 3055 6584
962 7480
963
964 2888
965 8050
966 8543
967
968
969 4915
970 1365 2504 9926
971 1462
972
973 4105 4663 6668 7104 7713
974
975 5626 8053
976 4811 5136
977 2754
978 8893
979 5742
980
981
982 2059
983
984
985 4414
986 5844
987 3203
988 1139
989 3953 8263
990
991 5926
992
993 2817 8789 9479
994 9662
995 2381 6862 9107
996 5568
997
998 10622
999
1000 4055
1001
1002 1026
1003
1004 1343 8577
1005
1006
1007 10266
1008 4732
1009
1010
1011
1012 6547 9497
1013
1014 3396
1015
1016
1017 10579
1018
1019
1020
1021 7512
1022
1023 3689
1024 7636
1025
1026
1027
1028 5203
1029
1030
1031 5336 9752
1032 6087 8094
1033
1034 10251
1035
1036
1037
1038 8154
1039 1326 8323
1040 3037
1041 1083 7566 10242
1042
1043 2103
1044 6543
1045
1046
1047 5303 5483
1048 10341
1049
1050
1051
1052
1053
1054 8165
1055 9279
1056
1057 4073
1058 1391
1059
1060
1061 5091
1062 7618
1063 3615 6655 9723
1064 2220
1065
1066
1067
1068
1069 5582
1070
1071 9091
1072
1073
1074 3250
1075 4876
1076
1077
1078 6600 10535
1079
1080
1081 1603 3758
1082 8580 9244
1083 7566 10242
1084 4923
1085 4225
1086 5172 8678
1087
1088
1089 3011
1090 5384 8743
1091
1092 2071
1093
1094
1095
1096 4820
1097
1098 3338
1099
1100
1101 4256 9577 9772
1102
1103
1104
1105
1106
1107
1108
1109 2677 3027 6369
1110
1111
1112 3057 5690
1113 3791 9033
1114 1216
1115
1116 9846
1117 5160
1118 8982
1119
1120 3309 9736
1121
1122 1544
1123
1124 5464
1125
1126
1127
1128 3454
1129
1130 3935
1131 2634 4672 8642
1132
1133 2854 6721
1134 3993
1135 7023
1136
1137 10643
1138 3256
1139
1140
1141
1142
1143
1144
1145
1146 2042
1147
1148 7514
1149 4818
1150 2394
1151
1152
1153 6368
1154 3596
1155 4997 6654 8936
1156 7789
1157 6609 8753
1158 2671
1159
1160
1161
1162
1163 7940
1164
1165
1166 2769 4515 5485
1167
1168
1169
1170 9451
1171 2663
1172 4264
1173 2210 2605 8775 9682
1174 2660
1175 4931
1176 7045
1177 7113
1178
1179
1180
1181 1283
1182
1183
1184 4069
1185
1186 8852
1187 2919
1188 8144
1189
1190 1345 2643 5040 8692
1191
1192 8064
1193 5181
1194 5628
1195 6854
1196
1197
1198 5754
1199 8352 8996
1200
1201 2762
1202
1203
1204 2551
1205
1206 2359
1207
1208
1209 3432 7601
1210 5480
1211
1212 3510
1213 4411
1214 6882
1215 3783
1216
1217 6381
1218
1219 9871
1220 3752
1221 8523
1222 5879
1223
1224 3979 6523 8313
1225
1226 1788 2304 2334 5316
1227 3554 5991
1228
1229
1230
1231
1232
1233 3966 9747
1234
1235
1236 2262 7313
1237
1238 9265 10661
1239 1511 7453
1240
1241
1242 3810
1243 2572
1244
1245
1246 6325 8147
1247
1248
1249
1250
1251 3154
1252 7225
1253 10271
1254
1255 1747
1256
1257 2986
1258
1259 4895
1260
1261 4142
1262 1909
1263 10432
1264
1265
1266 2480 6925 8686
1267
1268
1269
1270 8707
1271
1272
1273 4589 9209
1274 3932
1275
1276 7240
1277 4719
1278 5736
1279
1280 3431 8587
1281 8270
1282 7747 8071 10494
1283
1284 8481
1285
1286 3535 6504
1287
1288
1289 5620
1290 8311
1291
1292
1293 8623 8773 9667
1294 8500 9539 10086
1295 2219 3796
1296
1297
1298 7269
1299
1300 2540 7958
1301
1302
1303
1304
1305 3056 8146
1306
1307 6731
1308 4156
1309
1310 2742 4300 9398
1311 1659 5128
1312 8413
1313 1639 2168 7184
1314 4060
1315 1436
1316
1317
1318 2775 7898
1319 2202
1320
1321
1322
1323 3536 10121
1324
1325 1430
1326 8323
1327
1328 2941
1329 5770 6141
1330
1331
1332
1333 7136
1334 4112
1335 6838 8548 10566
1336
1337
1338 1919 8737
1339
1340
1341
1342 4864 9704
1343 8577
1344 5242 8876
1345 2643 5040 8692
1346
1347
1348 5675 8911
1349
1350 4680
1351
1352
1353
1354 6163
1355 10233
1356
1357 6937
1358
1359 5858 5998
1360
1361 3187 7979 9047
1362 2686
1363 6099
1364 1593 5830
1365 2504 9926
1366
1367
1368 2192
1369
1370
1371 7635 7887 10315
1372 1486
1373 1921
1374
1375
1376 3051
1377
1378 7097
1379
1380 9170
1381
1382
1383
1384 5447
1385
1386
1387 3018 4347 7907 10353
1388 7710
1389 4134
1390
1391
1392
1393
1394
1395 9057
1396 6464
1397 6558
1398
1399
1400 3032
1401 3305
1402
1403
1404 5507
1405 1925 3824
1406
1407
1408
1409
1410
1411
1412
1413 9645
1414
1415 5622
1416
1417 2714 9546
1418
1419
1420 7831
1421
1422
1423
1424
1425
1426
1427
1428 4568
1429
1430
1431 5101
1432 1801 6450
1433 1862
1434
1435 5951
1436
1437
1438 2048
1439 4629
1440
1441
1442 2316 4638 6037 8681
1443
1444 5081
1445 2153 5836 6770
1446
1447
1448 7874
1449 1795 2827 7194
1450 9484
1451 1998 6703
1452 2054
1453
1454 4932
1455 4068
1456
1457 2575
1458 8873
1459
1460 8317
1461 5220
1462
1463 5212
1464 3282 5269
1465
1466 5983
1467 6962
1468 9768
1469
1470 5545 6634
1471 9437
1472 7910
1473 5288
1474
1475 4030 6035
1476
1477
1478
1479
1480
1481 8512
1482
1483
1484
1485 7996
1486
1487 6243
1488 8460
1489
1490 4157
1491
1492 3678
1493
1494 6335 8990
1495
1496
1497 9590
1498
1499 5919
1500
1501 2047 6672
1502
1503
1504
1505
1506
1507
1508 3875 6500 10632
1509 5482
1510 1797
1511 7453
1512
1513 5479
1514
1515 3659
1516
1517 7742
1518
1519
1520
1521
1522 5345
1523 5145
1524 1705 3405 7670
1525 3593 5511
1526
1527
1528
1529 8449
1530
1531 6828
1532 2316 4638
1533 2409 10128
1534 3600
1535 10629
1536
1537 8168
1538 9642
1539
1540
1541 3812
1542 8583
1543
1544
1545 2741
1546
1547
1548
1549 2136
1550 3058
1551 2491 4942
1552
1553
1554
1555
1556 5816
1557 4519 5147
1558
1559
1560
1561
1562 4990 7346
1563
1564 1805 9572 10574
1565 5037
1566 7689
1567 7674
1568 1578 3361 7109
1569 8502
1570 5601 6263
1571
1572 3768
1573 6121
1574 7291
1575
1576
1577 3478
1578 3361 3682 7109
1579 1995
1580 4397
1581
1582
1583
1584
1585
1586 8727
1587
1588
1589 3365
1590 2966 5654
1591 7084
1592 3838 6277
1593 2623
1594
1595
1596 6743
1597 3048
1598 1992
1599
1600
1601 4317
1602 5725
1603
1604
1605 9936
1606
1607
1608
1609
1610 4835 6513
1611
1612
1613 8931
1614
1615 9899
1616
1617 4619 9036 9093
1618 2435
1619 3162 3790
1620
1621 6707
1622 2843 3055 6584
1623 3762
1624 4259
1625 1663
1626 6931
1627 8589
1628 7721
1629
1630
1631 1942 8581 10456
1632
1633 3904
1634 8887
1635 8401
1636
1637
1638
1639 2168
1640
1641 9737
1642 3973 4694 7174
1643 5199 6119
1644 2505 4753
1645
1646
1647 2755 7732 10427
1648
1649
1650 7325
1651
1652 2618 9745
1653
1654 8832
1655 3049 5079
1656
1657
1658 6716
1659 10221
1660 3909 7219
1661 4115 8989
1662
1663
1664 1724 10286
1665
1666
1667
1668
1669
1670
1671
1672
1673 10434
1674
1675
1676 4569
1677
1678
1679
1680 3715 4602 7294
1681
1682 4099
1683 8517
1684
1685
1686
1687
1688 3164
1689 5992
1690
1691
1692
1693
1694
1695 2443
1696
1697 5351
1698 6224
1699 6283
1700
1701 10124
1702
1703
1704
1705 3405 7670 10110
1706 8262
1707 5124
1708
1709
1710
1711
1712 3543
1713
1714
1715
1716 2917
1717 2071 6728
1718
1719
1720 7303
1721 6641
1722 4025
1723 4330 10497
1724 10286
1725
1726
1727 4855
1728
1729
1730 4309
1731 7928
1732
1733 6303
1734 1750
1735
1736 2305 3712
1737 2087
1738 6871 7454
1739 2312
1740 5122
1741
1742 4288 10522
1743
1744 8885
1745
1746
1747
1748 9797
1749 6836 9175
1750 5896
1751 10083
1752 4047
1753
1754
1755 10508
1756
1757
1758 8561
1759
1760
1761 6970 10442
1762
1763 5243 6011
1764 2336 7503
1765 4453
1766 7551
1767 4518 6643 9372
1768
1769
1770
1771 6418
1772
1773
1774 10436
1775 4751 8354
1776
1777
1778
1779
1780 7564
1781
1782
1783 7114
1784 10168
1785 7870
1786
1787 3991
1788 2304 5316
1789 4771 9621
1790
1791 2358
1792
1793
1794
1795 2827 7194
1796 6673
1797
1798
1799 9817 9875 10073
1800
1801 6450
1802
1803 8457
1804
1805 9572 10574
1806 2691 3865
1807
1808 2195
1809 2603
1810 5329
1811 4637
1812 10158
1813 5168 5563
1814 4527
1815 6137 10179
1816 1914
1817
1818 7021
1819
1820
1821
1822
1823 6007
1824 2152 4603 7895
1825
1826
1827 8105
1828 3143
1829 2874 10558
1830 5890 9293
1831
1832 3960
1833
1834 2315 3084
1835
1836 5724
1837
1838 4129
1839 2106
1840
1841 2789
1842 7724
1843
1844
1845 3729
1846 8331
1847 10412
1848
1849 6517
1850
1851 7575
1852
1853 9549
1854
1855 5376
1856
1857 1983 10090
1858 7005 7311 8498
1859
1860 3580
1861
1862
1863
1864 9345
1865
1866
1867
1868
1869
1870
1871 8533 9213
1872
1873 8203
1874
1875
1876 5800 7318 8389
1877
1878
1879
1880 4173 5242
1881
1882 8409
1883 1898
1884
1885
1886
1887 3740 9850
1888
1889 10486
1890
1891 4356
1892
1893 2413 6386 6408
1894 2178 9743
1895 8951
1896 4298
1897
1898 2771 5460
1899
1900 3571 3606
1901
1902
1903
1904 3694 8317
1905
1906 9418
1907
1908
1909
1910 3585 7774
1911 2271
1912 4413 8809
1913
1914
1915
1916
1917
1918 7150
1919 8737 9435
1920
1921 7720
1922 6348 7657
1923
1924 4967 5063 5901
1925 3824
1926 4486 4759
1927 2418
1928 8891
1929 3311
1930
1931
1932 3114
1933 5516
1934
1935 4728
1936 10415
1937
1938
1939 10095
1940
1941
1942 8581 8921 10456
1943 6428
1944 2220
1945 8508 9062
1946
1947 7614
1948 6769
1949
1950
1951 4171 6124
1952
1953
1954
1955
1956
1957
1958 4967 8903
1959 7396
1960 4484
1961 7007
1962 8441
1963 7869
1964 8861
1965 3853
1966
1967 4566 4947
1968 7467
1969
1970
1971
1972
1973 9011
1974
1975
1976 10585
1977 9492
1978 9757 10018
1979
1980 6641
1981
1982
1983 10090
1984 2566
1985 2885 3411
1986
1987 2377
1988
1989 2005 6365
1990
1991
1992
1993 9098
1994
1995 4171
1996 7531
1997 3680 10264
1998 6703
1999 4184
2000 3427
2001
2002
2003
2004
2005
2006
2007
2008 3717 6669 8427
2009
2010
2011 9547
2012
2013 5027
2014 7132
2015
2016 10091
2017
2018
2019
2020 7649
2021
2022
2023 4151 8890
2024 6854 9775
2025
2026
2027
2028
2029 6956 9508
2030
2031
2032 8149
2033
2034
2035
2036
2037
2038 2639
2039
2040
2041
2042
2043
2044
2045 7676 10307
2046 4710
2047 6672
2048 5721
2049 6477 8164
2050 6028 6870
2051
2052
2053
2054
2055 8750
2056
2057 8951 9876
2058 9018
2059
2060 2230 3276 5744
2061
2062
2063 2534
2064 2318
2065 3573 6048
2066
2067 5277
2068
2069 3317
2070 8770
2071 6728
2072 10061
2073 9007
2074 5083
2075
2076 5723 6705
2077
2078
2079
2080 4010
2081
2082
2083 9952
2084 2146 4632 5385
2085
2086
2087 7560
2088 6297
2089
2090 7473
2091
2092
2093 4373
2094
2095
2096
2097 6259
2098 8340
2099 7541
2100 9482
2101 3880
2102
2103
2104 9010
2105
2106 9518 9943
2107
2108
2109
2110
2111
2112 4794
2113 3319
2114
2115
2116 8524
2117
2118 9715
2119
2120
2121 5163 10067
2122 5201 9795
2123 7407
2124
2125
2126 9902
2127
2128
2129 8469
2130
2131
2132
2133
2134 4734
2135
2136 2761
2137
2138
2139
2140
2141 9149
2142
2143
2144
2145
2146
2147 10648
2148 3467
2149 4852
2150
2151
2152 7895
2153 4701 6770
2154
2155 4655
2156
2157
2158
2159 7297 8999
2160
2161 9585
2162 7846
2163 2875
2164 9623 10319
2165
2166 7148
2167 3524
2168
2169
2170 8539
2171
2172
2173 2446
2174 10231
2175 5035 7322
2176
2177
2178 4586
2179 3378
2180
2181
2182
2183 3331 3556 4712
2184 3612
2185
2186
2187
2188 4549
2189 2535
2190
2191
2192
2193 4555 9432
2194
2195
2196
2197 2372 4691
2198
2199
2200 8126
2201
2202
2203 5740
2204
2205 7819 10490
2206 7692 7728
2207 4501
2208
2209
2210 6605 8775 9682
2211 9589 9735
2212
2213 10229
2214
2215
2216 9590
2217
2218 3104 3801 6759
2219
2220
2221 7752
2222
2223 6248
2224 7476
2225
2226 7163
2227
2228 3486
2229 8490 9388 9610
2230 3276 5744
2231
2232
2233
2234
2235 5270
2236
2237 10340
2238
2239 10312
2240 8924
2241
2242 9384
2243
2244
2245 5913
2246
2247
2248 4179 10641
2249
2250 9910
2251 4223
2252
2253 7538
2254 5198 10057
2255 10075
2256
2257 5980 9830
2258
2259 5660 10002
2260 5837
2261 5735 5745
2262 7313
2263
2264 4345 9879 10047
2265 9804
2266
2267
2268
2269
2270 7367
2271 2653
2272 3077 10509
2273 4162
2274 6856
2275
2276 6181
2277
2278
2279 8320 9857
2280 4742
2281
2282 8865 9437
2283
2284
2285
2286
2287 7128
2288
2289 9885
2290 2903
2291 2475 4194 5877
2292 6391
2293
2294
2295 7218
2296
2297
2298 4182
2299
2300
2301
2302
2303
2304 2334 5316
2305
2306 5171
2307
2308
2309
2310
2311 5566 8848
2312 3876
2313 9319
2314
2315 3084
2316 4638 6037
2317 5718
2318
2319
2320
2321 3494 6048 10222
2322 5806
2323
2324
2325
2326 7284
2327 5462
2328
2329
2330
2331
2332
2333 8890
2334 3594
2335 2969 8694
2336 7503
2337 7093
2338
2339 6786
2340 4185 5293 8211
2341 5194
2342 7928
2343 7985 9004
2344
2345
2346 8476
2347 2727
2348 5935 10007
2349 5517 6696 10046
2350
2351
2352 2530
2353
2354 5224
2355
2356
2357 4376
2358 9353
2359
2360
2361 5723
2362 3249
2363 9143 10123
2364 4233
2365
2366 3760
2367
2368
2369
2370 7112 7955
2371
2372 4691
2373
2374 4198 5540
2375
2376 2576
2377
2378
2379
2380
2381 6862 9107
2382
2383
2384
2385 10641
2386 4419
2387 6909
2388
2389
2390
2391 7121
2392 6176
2393
2394
2395
2396
2397 9594
2398
2399
2400
2401 7570 8159 10607
2402
2403
2404 6902
2405 10418
2406 8416
2407
2408
2409 10128
2410
2411 10644
2412
2413 6386 6408
2414
2415
2416
2417
2418
2419 3280
2420
2421
2422 2597
2423 6795
2424
2425
2426 5121
2427
2428
2429
2430
2431 9118
2432
2433
2434
2435
2436 9955
2437
2438 8563
2439 3325
2440 9511
2441 4049 10125
2442
2443
2444
2445
2446
2447 3330
2448
2449 10527
2450
2451 5432
2452
2453 9481
2454
2455
2456
2457
2458
2459
2460 5143 7987
2461 5720 10498
2462 3210
2463 7546
2464
2465 5295 7101 9199
2466
2467 4168
2468 2637 6674
2469
2470
2471
2472 2511
2473 5688 9765
2474
2475 4194 5877
2476
2477
2478
2479 3179
2480
2481 8259
2482
2483 3025
2484 8863
2485 4008
2486
2487 6651
2488 2757
2489 2675
2490 3350
2491
2492
2493 7662
2494
2495
2496 7413
2497
2498 4260
2499 8761
2500
2501 6046
2502
2503
2504 9926
2505 4753
2506
2507 7631
2508
2509 8068
2510
2511
2512
2513
2514 3471
2515
2516
2517
2518 8172
2519 2879 10411
2520 3688 6267
2521
2522 7355
2523 6440 8001
2524 2737 3887 4337 4704
2525 2977
2526 5695 7374
2527
2528 9472 10163 10655
2529
2530
2531
2532
2533
2534
2535
2536
2537
2538
2539 3718
2540 7958
2541
2542 8569
2543
2544
2545 9985
2546
2547 7358
2548 6175 9262
2549
2550 9590
2551 3883
2552
2553 6524
2554
2555
2556
2557
2558
2559
2560 5688
2561 7258 8744
2562 7765
2563
2564 2699 2863
2565 6033
2566 3664
2567
2568 5137
2569 6539
2570 4838
2571
2572 5893 9397
2573
2574
2575
2576 7993
2577
2578
2579 9456
2580 6470 8859
2581 7110
2582
2583 8119
2584
2585 9330
2586
2587 3255
2588
2589
2590 3835
2591 5985 9946
2592 10414
2593 5312
2594
2595 6880 7620
2596
2597 10517
2598
2599
2600 6008
2601 6407
2602 5244
2603
2604 3357
2605 3768
2606
2607
2608 6202
2609 10635
2610
2611
2612
2613
2614
2615
2616
2617 8676
2618 9745
2619 2935
2620 9449
2621 8544
2622
2623
2624 6337
2625 8445
2626
2627 8808
2628 4805
2629
2630 6261
2631
2632
2633
2634 4672 6658 8642
2635 5871 9014
2636
2637
2638
2639 4058
2640 8235
2641
2642
2643 5040 8692
2644 3583 10464
2645 7967 8368
2646
2647
2648
2649
2650
2651 4020
2652 3190 7395
2653
2654
2655
2656
2657 3610
2658 7505
2659 8323
2660 4572
2661
2662
2663
2664 6127 9403
2665
2666 2676
2667 5307
2668
2669 2683 3813
2670
2671
2672 7215
2673
2674 4045
2675 6521
2676
2677 6369
2678 6099
2679
2680
2681 10022
2682
2683 3813
2684
2685 9964
2686
2687 4221 7758
2688
2689 3685
2690
2691 3865 5316
2692
2693
2694 6485
2695
2696 5815
2697
2698
2699
2700 5613
2701
2702 9612
2703 5232 6661
2704
2705
2706 8823
2707
2708
2709
2710 5883 9223
2711 4865
2712 5096
2713 6025
2714 9546
2715
2716 9371
2717
2718
2719 6733
2720
2721
2722
2723 9334
2724
2725 4041
2726 6923
2727
2728 2980
2729
2730 8603
2731 5233 9077
2732
2733
2734
2735
2736
2737 3829 3887 4337 4704
2738
2739 5338
2740 3513
2741 4219
2742 4300 9398
2743
2744 7415
2745
2746
2747
2748
2749
2750
2751 3072 6939
2752
2753
2754
2755 7732 9177 10427
2756
2757 6319
2758
2759
2760
2761 3046
2762
2763
2764
2765
2766 7259
2767 4516
2768
2769 4515 5485
2770 3849
2771
2772
2773
2774 4992
2775 7898
2776
2777 7750 10157 10450
2778
2779 3313
2780
2781
2782 4921 8821
2783
2784 3336
2785 7959
2786
2787
2788
2789
2790 10254
2791
2792 5892
2793
2794 7536
2795 4428
2796
2797 4434 4776
2798
2799
2800 9010
2801
2802 4778 6013
2803
2804
2805
2806
2807 9432
2808 8797
2809 6573
2810 5102
2811
2812 8428
2813
2814
2815 6947
2816 6073 6700
2817 8789 9479
2818 5949
2819 6771
2820
2821
2822 10003
2823
2824
2825 9020
2826
2827 7194
2828
2829 7693 9901
2830 10269
2831 4431
2832
2833 4444
2834 9317
2835 7007 8016
2836
2837
2838
2839
2840 7129
2841 2870 6093
2842 9753
2843 6468
2844
2845 6058
2846
2847 4792
2848
2849
2850
2851
2852
2853 4711
2854
2855
2856
2857
2858
2859
2860
2861
2862 3632
2863
2864 3743
2865
2866 6761 8023
2867 3478
2868
2869 8740
2870 6093
2871
2872 5155
2873 6836 9175
2874 10558
2875
2876 7804
2877
2878
2879 6832 10411
2880
2881 9220
2882
2883 4100 7479 8139
2884 9571
2885
2886
2887 3447
2888
2889
2890
2891
2892 3463 4096
2893
2894
2895
2896 7431 8265
2897
2898 6249
2899 3112 6927
2900
2901 6400 6865 8525
2902
2903
2904 8986
2905
2906
2907
2908
2909 6384 6676
2910
2911 5748
2912
2913
2914
2915 9659
2916
2917
2918
2919
2920
2921
2922 9818
2923 4634 8541
2924
2925
2926
2927
2928 9917
2929 9098
2930 9770
2931
2932
2933
2934
2935
2936
2937
2938
2939
2940 5251
2941 5735 5745 7459
2942
2943 9661
2944
2945 7448
2946 9650
2947 3097
2948 4010
2949
2950 6684
2951
2952
2953
2954
2955 7076
2956 2993 7766
2957 6362
2958 4576
2959
2960
2961 10305
2962
2963 5727
2964 4081 4684 10550
2965
2966
2967
2968
2969
2970 7201
2971 6863 9110 10031
2972 3441
2973 6219
2974 9971
2975 10126 10448
2976 10633
2977 5274
2978
2979
2980 7443
2981
2982
2983 5528
2984
2985
2986 7963
2987 8641
2988
2989 5992
2990 7572 8579
2991 4660
2992 4283 6491
2993 7766
2994 4611
2995
2996
2997 5311
2998 4651 6790
2999 9938
3000 6327
3001
3002
3003 5280
3004 7064
3005 7026
3006 6689
3007
3008
3009
3010
3011
3012 5051
3013
3014 5580 9580
3015 7190
3016
3017 4858
3018 4347
3019
3020
3021
3022
3023 5302 7285
3024
3025
3026
3027 6369
3028 6534
3029
3030
3031
3032 9985
3033
3034 6849
3035
3036 8879
3037 4405
3038 9551
3039
3040
3041
3042 7945
3043
3044
3045
3046 3868
3047
3048
3049 5079
3050 5120 6168
3051
3052 4049
3053 10504
3054
3055 6584
3056 8146
3057 5690
3058
3059 8570 10624
3060
3061 5409
3062 4237
3063
3064 7708
3065
3066 7623
3067 9908
3068
3069 5849 9273
3070 10301
3071
3072 6939
3073 7036
3074
3075
3076
3077 10509
3078 4322
3079 3335 5429
3080
3081
3082 7969
3083
3084
3085 6521
3086
3087
3088 6940 9121
3089
3090
3091
3092 5434 9448
3093
3094 10619
3095
3096 7679 8390 8951 10085
3097
3098
3099 5372 9649
3100
3101
3102
3103
3104 3801
3105
3106
3107 6665 7912
3108
3109 4606
3110
3111 7497
3112 6927
3113
3114
3115
3116 6138 9168
3117
3118
3119 3797 4053
3120
3121
3122 7344
3123
3124
3125 7964
3126
3127
3128 3139
3129 4671
3130 8304
3131
3132
3133 3181 3371
3134 6309 6370 10551
3135 6527
3136 7917
3137
3138 4730
3139
3140
3141 6158 10322
3142
3143
3144 6489
3145
3146
3147
3148
3149
3150 6374
3151 4988
3152
3153 5339
3154
3155 9979
3156 8837
3157
3158
3159 4012 10103
3160
3161 7934
3162 3790
3163 6997
3164
3165
3166 7722 9117
3167 4918
3168 6799
3169
3170
3171 8555
3172
3173 6688
3174
3175
3176 7957
3177 4554 7061 7530
3178
3179
3180
3181
3182 7344
3183
3184 6122 10499
3185 4071 10452
3186
3187 7979
3188 3779 7022
3189
3190 6694
3191
3192 4246 5018
3193
3194 10359
3195
3196
3197 5510 6630
3198
3199 5095 5854 7868
3200 4874
3201
3202 3671 5085
3203
3204
3205 10154
3206
3207
3208
3209 10403
3210
3211 5255 5845 6847 8336 8425
3212
3213 9637
3214
3215
3216
3217 7655
3218 9818
3219 4783 8922
3220 9119
3221
3222
3223 4810 6499
3224
3225
3226
3227
3228 6789 8271
3229 9627
3230
3231
3232 9778
3233 9459
3234
3235 7717
3236
3237 3793
3238 10601
3239
3240 5175
3241
3242
3243 7165
3244
3245 5592
3246
3247 6576
3248
3249
3250 9578
3251
3252
3253 6966
3254 4103 5036
3255
3256
3257 5126
3258
3259 6897 7851
3260 3747
3261
3262 8515
3263
3264 6361 6373 6669
3265
3266 9814
3267
3268
3269
3270
3271
3272 6633
3273
3274 5705 10244
3275 6774 7998
3276 5744
3277 9235 10233
3278 4323
3279 10546
3280
3281 10417
3282 5269
3283 8960
3284 3607
3285 4137
3286
3287 6914 8611 9957
3288 3718
3289
3290 7654
3291 7429
3292
3293 3635
3294 4665
3295 3413
3296
3297 7794
3298
3299
3300 5072
3301 5711
3302
3303 9171
3304 3970
3305
3306
3307 9564
3308 5325 9468
3309
3310 5298 9317
3311
3312
3313
3314
3315 8466
3316 9103
3317
3318
3319 6234
3320 6988 7080
3321
3322
3323 7027
3324 4849 6833
3325
3326 6712
3327
3328
3329 10151
3330
3331
3332
3333 6583
3334 3784 4794
3335 5429
3336
3337
3338
3339 6702
3340 6258
3341 9329
3342
3343
3344 6901
3345
3346
3347 7039
3348 6376
3349
3350 3549
3351 4043
3352
3353
3354
3355
3356
3357
3358
3359
3360
3361 7109
3362
3363 4975
3364 10161
3365
3366
3367
3368 10425
3369
3370 3942 4721
3371 3816 5665
3372
3373 4875 6614
3374
3375
3376
3377
3378
3379
3380 8512
3381
3382
3383 4524
3384
3385
3386 6804
3387 8407
3388
3389
3390 5780
3391 9390
3392
3393
3394
3395
3396
3397 9761 10579
3398
3399
3400 10398
3401 5253
3402
3403
3404 10443
3405 7670
3406
3407 10135
3408 9172 10627
3409 10496
3410
3411
3412
3413
3414
3415
3416 4238
3417 4907
3418 4943
3419 8009
3420 6150
3421 5395
3422 4033
3423 4556 8385
3424
3425 3697
3426 6101
3427
3428 9382
3429
3430
3431
3432 7601
3433 7691
3434 6459
3435 7289 8925
3436
3437 10127
3438
3439
3440
3441
3442
3443 4905 7776
3444 3477 5330 10017
3445
3446
3447 6256
3448 6853
3449
3450
3451 8206
3452
3453 9698
3454
3455
3456 10154
3457
3458 7407
3459
3460 6215
3461 10537
3462
3463 4096 6971
3464
3465 6680
3466 3544 5346
3467
3468
3469
3470
3471 10392
3472
3473
3474 7108
3475
3476 3748 6406 8540
3477
3478
3479
3480 6286
3481 6045 10275
3482
3483
3484 5007
3485 8860
3486
3487 6965
3488
3489 4099 4683 6820 7965
3490
3491
3492 6103 8046
3493 4935 9408
3494 10222
3495 4307
3496 9109
3497
3498
3499
3500
3501
3502 5093 10237
3503 7395
3504 5487
3505
3506
3507 10391
3508 9950
3509
3510
3511
3512 7391
3513
3514 6472 8549
3515 7179 10327
3516
3517 4699
3518
3519
3520
3521
3522
3523 5300 8427
3524
3525
3526
3527 10347
3528 5401 6117
3529 5961
3530
3531
3532
3533 8011
3534
3535 5947 6504
3536 5917 10121
3537 9557
3538 6415
3539 4217
3540 9831
3541
3542
3543
3544 5346
3545
3546 5309 9648
3547 4028 10377
3548 4208
3549 6200
3550
3551
3552
3553 5704
3554 5991 7780
3555 8853
3556 4712
3557
3558 4982
3559
3560 7741 8210
3561
3562
3563
3564
3565
3566 6182 10189
3567 6737
3568
3569
3570
3571 3606
3572 9689
3573
3574 6328
3575
3576 5686 7553
3577
3578
3579 4878
3580
3581 4371 6637
3582 6354
3583 4745
3584
3585
3586 7961 8366
3587 4641
3588 10383
3589
3590
3591
3592 3884
3593
3594
3595
3596 10338
3597
3598 5522
3599
3600
3601 10071
3602
3603 6565 8072
3604
3605
3606
3607
3608 6252
3609
3610
3611 4236 8628
3612 10276
3613
3614
3615 6456 6655
3616 4955
3617
3618
3619
3620 8804
3621 5341 10346
3622 3624
3623 5404 8568
3624
3625
3626
3627 9175 10016
3628
3629 7069
3630
3631
3632 3706
3633 5555 10051
3634 10453
3635 8648
3636
3637 6963
3638 6191 6546
3639
3640
3641
3642
3643 7786
3644 6781
3645 7086
3646
3647
3648
3649
3650
3651
3652
3653
3654
3655 7715
3656
3657
3658 5177
3659
3660
3661
3662
3663
3664
3665 9878
3666
3667 10534
3668 5377
3669
3670 9712
3671 5085 5086
3672
3673 3716 9376
3674 8318
3675
3676
3677 8229
3678
3679
3680
3681 6319
3682 7109
3683
3684 8705
3685
3686
3687
3688 6267 8837
3689
3690
3691 7036
3692
3693
3694 8317
3695
3696 5574 6027
3697 10474
3698
3699
3700
3701
3702
3703 7054
3704
3705
3706
3707
3708
3709
3710
3711
3712
3713
3714
3715
3716 8760 9376
3717 6669
3718
3719
3720 4356
3721
3722
3723
3724
3725
3726
3727
3728
3729
3730 6164
3731
3732 5180
3733
3734
3735
3736
3737
3738 3769
3739
3740
3741
3742 6599
3743
3744
3745
3746 8282
3747
3748
3749
3750 7943
3751
3752
3753 9190
3754 5826 9718
3755
3756 5472 8814
3757
3758
3759
3760
3761
3762
3763
3764
3765
3766
3767
3768
3769
3770
3771 5559
3772
3773 9280
3774
3775
3776 8707
3777
3778
3779 6734
3780
3781
3782
3783
3784
3785 4560
3786
3787 6812 8174
3788
3789 4080 4250
3790
3791 9033
3792 10357
3793 4595
3794
3795
3796
3797 4053
3798
3799
3800 8739
3801
3802
3803 7280
3804
3805
3806
3807
3808 9760
3809
3810
3811
3812
3813
3814 9644
3815 10241 10379
3816
3817 4829
3818
3819 5095 7222
3820 6206
3821
3822 9942
3823 6525
3824
3825
3826 5894
3827 10407
3828 8728
3829
3830
3831
3832
3833
3834
3835
3836
3837
3838 6277
3839 8530
3840
3841
3842
3843 9666
3844 10417
3845 7505
3846 6798 10285
3847 7149
3848
3849
3850 7153 7408
3851
3852
3853
3854 7685
3855 6349
3856 9354
3857
3858
3859 8629
3860
3861 6241
3862 4301
3863
3864
3865
3866 5371
3867 5546 8338
3868
3869
3870
3871 4391
3872
3873
3874 8477
3875 6500 10632
3876 6860
3877
3878 3919
3879
3880
3881
3882 4402
3883
3884
3885
3886 8364
3887 4337 4704 8428
3888
3889 7808
3890 4195
3891
3892
3893
3894
3895
3896 8858
3897 7025
3898
3899 4129 9295
3900 7779
3901 5800
3902
3903
3904
3905
3906
3907
3908
3909 7219
3910
3911
3912
3913 5543 6117 8055
3914
3915
3916
3917 7227 9115
3918 5802
3919
3920
3921
3922
3923
3924
3925 9972
3926 8854
3927
3928 9694
3929 6932
3930 6365
3931 9044
3932
3933
3934
3935
3936 6917 7381
3937 8322
3938
3939
3940 5292
3941 4697
3942 4721
3943 5542 6250
3944 10626
3945
3946 8294
3947 7576
3948
3949 6870
3950 6536
3951
3952
3953 8263
3954
3955
3956 8977
3957
3958 4006
3959
3960
3961
3962 4221
3963
3964
3965
3966 9747 10082
3967 10510
3968
3969
3970
3971
3972
3973 7174
3974
3975
3976
3977 4802
3978
3979 6523
3980
3981
3982 7604
3983 5730
3984
3985
3986
3987 5806
3988 7472
3989 10319
3990
3991
3992 6372
3993
3994
3995
3996
3997 7456
3998 5678
3999
4000
4001 8267 8994
4002
4003 5444
4004 8474
4005
4006
4007
4008 7997
4009
4010
4011
4012 4586 10103
4013 7907
4014
4015 5065
4016
4017 8407
4018
4019
4020
4021 7145
4022 9996
4023
4024 8718
4025
4026
4027 5023
4028 5329
4029 6601
4030 6035
4031
4032 9059
4033 8560
4034 10428
4035 8955
4036
4037 6858
4038
4039
4040
4041 7121
4042 10068
4043 4161
4044
4045
4046
4047
4048
4049 10125
4050
4051
4052
4053
4054 5721
4055
4056 5788
4057 6959
4058
4059 5261
4060
4061
4062 8479
4063
4064 10220
4065 10288
4066 5621 7103
4067
4068
4069
4070
4071 10452
4072 5588 5933 9142
4073
4074
4075
4076 4353
4077
4078 8553
4079
4080 4250 10129
4081 6687 10550
4082
4083 5402
4084
4085
4086 8350
4087
4088
4089 9193
4090
4091 7532
4092 4680
4093 6632
4094 9536
4095 6434
4096
4097
4098
4099
4100 7479
4101
4102
4103 5036
4104
4105 6668 7104 7713
4106 7113
4107 6976
4108
4109 8173
4110 7735 8122
4111
4112
4113
4114 5973 8920
4115 8989
4116
4117 7337 8721
4118
4119 4934 9731
4120
4121
4122
4123
4124
4125
4126 5502
4127
4128
4129 9295
4130
4131
4132
4133 5505
4134
4135 6578
4136
4137 5849
4138
4139 7132
4140 7916
4141
4142
4143
4144
4145 6912
4146
4147
4148 10266
4149
4150 8888
4151
4152
4153 4910 9184 10548
4154
4155 9681
4156
4157
4158
4159 5667 6290
4160
4161
4162
4163
4164 7778
4165
4166
4167 4169 10451
4168
4169 8398 9258
4170 9261
4171
4172 6950
4173
4174
4175
4176
4177 8885
4178
4179 9194 10641
4180 4949 5587 8733
4181 9994
4182
4183
4184
4185 8211
4186 10194
4187
4188
4189
4190 4868
4191
4192 4552
4193
4194 5877
4195
4196
4197
4198
4199 7062
4200
4201
4202 7201
4203
4204
4205 4645
4206
4207 6418
4208
4209 5078 9178
4210
4211 6269 9746
4212
4213
4214
4215
4216
4217
4218 5352 6778
4219
4220 7844
4221 7758
4222 10258
4223
4224 6104
4225
4226
4227 6004
4228 8440
4229
4230
4231 8795
4232
4233
4234 8100
4235 9597
4236 8628
4237
4238
4239
4240
4241
4242 7600
4243 8838
4244
4245
4246 5757
4247 4725 10640
4248
4249 4278 4804 6123
4250 10129
4251 9165
4252
4253 5442
4254 10328
4255
4256 9772
4257
4258
4259
4260
4261
4262
4263 7161
4264
4265 4695
4266 8533
4267 7621
4268 4282
4269 5995
4270
4271
4272 4994 8231 10662
4273
4274
4275
4276
4277 10273
4278 4804 6123
4279 5639
4280
4281
4282
4283
4284 6339 10478
4285 10610
4286
4287
4288 10522
4289
4290
4291
4292
4293
4294
4295 10234
4296
4297
4298
4299 5119
4300 9398
4301 6154 9984
4302
4303
4304 6292
4305
4306
4307
4308 8647
4309 6285 10537
4310
4311
4312 4944
4313 9188
4314
4315
4316
4317
4318
4319
4320
4321 9234
4322 9005
4323
4324
4325
4326
4327 7830 8359
4328 5616 6756
4329 7402
4330 10497
4331
4332
4333
4334 9227
4335 10144
4336 6003
4337 4704
4338
4339 10369
4340
4341
4342 5912 10117
4343
4344
4345
4346
4347 7907 10353
4348
4349 9367
4350 10176
4351
4352
4353 8693
4354 4740
4355
4356 6409
4357
4358
4359 9427
4360
4361
4362
4363 9782
4364
4365 10302
4366
4367 7717
4368
4369
4370 6915 7059
4371
4372
4373
4374
4375
4376
4377 4829
4378 7671
4379 10299
4380
4381
4382 8745
4383
4384 4678 6729 10289
4385
4386
4387 10308
4388
4389 6736
4390
4391
4392
4393
4394 7782 8222
4395 4550
4396
4397
4398 7686
4399
4400
4401
4402 10340
4403
4404
4405
4406 4964
4407
4408
4409
4410
4411
4412
4413 8809
4414
4415
4416 7404
4417
4418
4419
4420
4421
4422
4423
4424 8482
4425 8074
4426 4497
4427 9480
4428
4429
4430 6982
4431
4432 5938
4433
4434
4435
4436
4437
4438
4439 8040
4440 10578
4441 4783 8922
4442 9986 10014
4443
4444
4445
4446
4447
4448
4449
4450
4451 5504 7384
4452 10106
4453
4454
4455 6357
4456
4457
4458
4459
4460 10113
4461
4462 6417 7927 10118
4463
4464 5970
4465
4466
4467
4468
4469
4470
4471
4472 5412 6413 6819
4473
4474 8731 10619
4475
4476
4477 7274
4478
4479
4480 4727
4481
4482
4483
4484 8034
4485 8137
4486 4759
4487
4488
4489
4490 9481
4491 7225
4492
4493
4494
4495
4496 7857
4497
4498
4499 7769
4500
4501
4502 5759
4503 7081 7908
4504
4505
4506 9273
4507 6080
4508
4509
4510 7848
4511
4512 5764
4513
4514
4515
4516
4517 7314
4518 6643
4519
4520
4521
4522
4523 8831
4524
4525 8921
4526
4527
4528 8459 10116
4529
4530
4531 5025 7461
4532
4533
4534 7164
4535 5771
4536
4537
4538
4539
4540 9966
4541
4542
4543 6734 7425
4544 5696 8156 10494
4545 8906
4546 6779
4547
4548 10219
4549
4550
4551 9006
4552
4553
4554 7061 7530
4555 9432
4556 8385
4557
4558
4559 6658
4560
4561
4562
4563
4564 6056
4565
4566 4947 5865
4567
4568
4569
4570 9977
4571
4572 7273
4573
4574 7446
4575
4576
4577
4578
4579
4580 9824
4581
4582 4631 5470 5776
4583
4584
4585 9675
4586 10103
4587 7424 7690
4588 9719
4589 9209
4590
4591
4592 9685
4593
4594
4595
4596
4597
4598
4599
4600
4601
4602 7294
4603
4604
4605 7083
4606
4607 5993
4608
4609
4610 9838
4611
4612
4613 5031
4614 5593
4615
4616
4617
4618
4619 9036
4620
4621
4622 8928
4623 5168 5563
4624 8391
4625
4626
4627 8620 10074
4628
4629 9491
4630
4631 5470 5776
4632
4633
4634
4635 7878
4636
4637
4638 6037 8681
4639
4640
4641
4642 8293
4643 6872
4644 7802
4645 8465
4646 6751
4647
4648
4649 8630
4650
4651 6790
4652
4653 5451
4654
4655
4656 7493
4657
4658
4659
4660
4661
4662
4663
4664
4665
4666 10019
4667
4668 5217 6645 10262
4669 7143 10334
4670 5803
4671
4672 6658 8642
4673
4674
4675
4676
4677
4678 10146 10289
4679
4680
4681 9373
4682
4683 7965
4684 6687
4685
4686 8401 9881
4687
4688 7494
4689 7405 7762
4690
4691
4692
4693 5862 6597
4694 7174
4695
4696
4697
4698
4699
4700
4701
4702
4703
4704
4705
4706
4707 7491 9868
4708 5908
4709
4710
4711
4712
4713
4714 6009
4715
4716
4717
4718
4719
4720
4721
4722
4723
4724 7349
4725 10640
4726 4769
4727 8220
4728
4729
4730
4731
4732
4733
4734
4735
4736 9252
4737
4738
4739 7919 9538
4740 4760 9989
4741
4742
4743 8625 10005
4744
4745 5422
4746
4747 6808
4748
4749 10232
4750 5553 7099
4751 8354
4752 9487
4753
4754
4755 7673
4756
4757
4758
4759
4760 9989
4761
4762
4763
4764 6371
4765
4766
4767
4768
4769
4770
4771 9621
4772 5859
4773 6257 8839
4774 9318
4775 9015
4776
4777
4778
4779 6332 7152
4780
4781
4782 10516
4783 8922
4784
4785
4786 6454 8491
4787
4788
4789
4790
4791
4792 7932
4793
4794
4795
4796
4797
4798
4799
4800
4801
4802 8303
4803
4804 6123 7046
4805 8101
4806
4807
4808 7008
4809
4810
4811
4812
4813
4814 6453
4815
4816
4817 6782 8857
4818
4819
4820
4821
4822
4823
4824
4825 5618
4826 7674
4827
4828
4829
4830
4831
4832
4833 7051 7242 8027
4834 6209
4835
4836 5390
4837
4838 7600
4839
4840 5387
4841
4842 8651 10007
4843
4844
4845 7287
4846
4847
4848
4849
4850
4851
4852 9355
4853 9985
4854
4855
4856 6620 9531
4857 7184
4858
4859 10531
4860 7358
4861
4862
4863 6400
4864
4865
4866
4867
4868 5851
4869 9067
4870
4871
4872
4873
4874
4875 6614 6640
4876
4877 9246
4878
4879
4880
4881
4882
4883
4884 4973
4885
4886 6041
4887
4888 8296 10243
4889
4890
4891 7619
4892
4893 5926
4894
4895
4896
4897
4898
4899
4900
4901
4902
4903
4904
4905
4906
4907
4908
4909 5466 8346 10420
4910
4911 6266 7921
4912 6305
4913
4914
4915
4916 5554 6204
4917
4918 5907
4919 8536
4920
4921 5480 8821
4922 8937 10652
4923 9489
4924 9041
4925 7340
4926 6497
4927 6563
4928
4929 10116
4930
4931
4932
4933
4934 9731
4935 9408
4936 6627 7017
4937
4938 5449 9947
4939 5291
4940 10501
4941
4942
4943
4944
4945
4946
4947 5865
4948
4949 8733
4950
4951
4952 7669
4953
4954
4955
4956 7381
4957
4958 5646
4959 9991
4960
4961
4962
4963
4964
4965
4966 6206
4967 5063
4968 8441
4969
4970
4971 8513
4972
4973
4974
4975
4976
4977 8874
4978 8221
4979 5159 9208
4980 5216 9896
4981
4982
4983
4984 9618
4985
4986
4987
4988
4989
4990 7346
4991
4992
4993 10314
4994 8231 10662
4995
4996
4997 8936
4998
4999
5000
5001
5002
5003
5004 6569
5005
5006 6976 7979 9047
5007
5008
5009 7166 10305
5010 10220
5011
5012
5013 7087
5014
5015
5016
5017 5997
5018
5019 8245
5020
5021
5022 9025
5023
5024
5025 7461
5026
5027
5028
5029
5030 5835
5031
5032
5033
5034 7221
5035 7322
5036
5037
5038
5039
5040 8692
5041
5042
5043
5044
5045
5046
5047 7871
5048 9129
5049 7650
5050
5051
5052
5053
5054 6636
5055 5773
5056 6847 8425
5057 6309 6370
5058 6202 7869
5059
5060
5061 7167
5062 5702
5063 5901
5064
5065
5066
5067 7223
5068
5069
5070 10447
5071 6984 10557
5072
5073
5074 8177
5075
5076
5077
5078 9178
5079
5080
5081
5082
5083
5084
5085
5086
5087 7547
5088 9240
5089
5090 8495
5091
5092 9869
5093 10237
5094
5095 5854 7868
5096
5097
5098 6739
5099
5100 7342
5101
5102
5103
5104
5105
5106 9101
5107 8161
5108 10457
5109
5110
5111
5112 8982
5113
5114 9990
5115
5116
5117
5118
5119 5708
5120
5121
5122 8178
5123 9415
5124 10459
5125 7630
5126
5127
5128
5129
5130
5131 8679
5132
5133
5134
5135
5136
5137
5138
5139
5140
5141
5142
5143 7987
5144
5145 10270
5146 7354
5147
5148 5160
5149
5150 7073
5151
5152
5153
5154
5155
5156
5157 5181
5158
5159 9208
5160
5161
5162
5163 10067
5164 8907
5165 8159
5166
5167
5168 5563
5169 7515
5170
5171
5172 6155 8678
5173
5174
5175
5176 8084
5177
5178 10540
5179
5180
5181
5182
5183 8446
5184
5185 7175 7968
5186 6509
5187
5188 8070 9528 9567
5189 6954 7331 8807 9130
5190
5191
5192 8226 10187
5193
5194 10399
5195
5196 6088
5197
5198 10057
5199 6119
5200
5201 9795
5202
5203
5204
5205 9945
5206 7615 9794
5207
5208
5209 6137
5210
5211
5212
5213
5214
5215 5471
5216
5217 6645 6851 10262
5218
5219
5220
5221 8234
5222 9347
5223
5224
5225 7272
5226 7543
5227
5228
5229
5230 9494 9747
5231
5232 6661
5233 5411 6428 9077
5234
5235 8145
5236 5978
5237
5238
5239
5240 5598
5241
5242
5243 6011
5244
5245
5246
5247
5248
5249
5250
5251
5252 9445
5253
5254 5857
5255 5845 6847 8336 8425
5256
5257
5258
5259
5260
5261 5962
5262
5263
5264
5265
5266
5267
5268 6431
5269
5270
5271
5272 6537
5273 8858
5274
5275 7058
5276 9420
5277
5278
5279
5280
5281 10035
5282 8908
5283 9153
5284
5285
5286 6451
5287
5288
5289
5290 10252
5291
5292
5293
5294
5295 7101 9199
5296
5297
5298 9317
5299
5300
5301
5302
5303 5483
5304 7038
5305 9377
5306
5307
5308 10511
5309 9648
5310
5311
5312
5313
5314
5315
5316
5317
5318
5319
5320
5321 8713
5322
5323 9750 10003
5324 6582
5325 9468
5326
5327
5328 6560
5329
5330 10017
5331 10020
5332
5333 6427
5334 9096
5335
5336 9752
5337
5338
5339 9754
5340
5341
5342
5343
5344 10538
5345
5346
5347
5348 6396
5349
5350
5351
5352 6778
5353 8283
5354
5355 5503 9417 10133
5356
5357 5751 5782 6240
5358
5359
5360 5424 7409
5361 5477
5362
5363
5364
5365
5366
5367 6279
5368
5369 7746
5370
5371
5372 9649
5373
5374
5375
5376
5377
5378 7948
5379 8943
5380
5381 6527 7451
5382
5383
5384 8743 10203
5385
5386
5387
5388
5389
5390
5391
5392 6235
5393
5394
5395
5396
5397
5398
5399 5713
5400
5401
5402
5403
5404 8568
5405
5406 6067 10171
5407
5408
5409
5410
5411 6428
5412 6413 6819
5413
5414
5415 7547
5416 9028 9829
5417 10608
5418
5419
5420
5421 9363
5422
5423
5424
5425
5426
5427
5428
5429
5430 8138
5431 9080
5432
5433
5434 6053
5435 7815
5436
5437 10149
5438 9070
5439 7786
5440
5441
5442
5443 10298
5444
5445 6441
5446 7200
5447
5448
5449 9947
5450
5451
5452
5453
5454
5455 6326
5456
5457
5458 8736
5459 6710
5460
5461
5462
5463
5464 6304
5465 8161
5466 6937 8346 9639 10420
5467
5468
5469 7543
5470 5776
5471
5472 8814
5473
5474 7542
5475
5476 8578 8719
5477
5478
5479
5480
5481 7506
5482
5483
5484
5485
5486
5487 9786
5488 7165
5489
5490 10406
5491 7946
5492
5493
5494 9862
5495
5496 7577
5497 8396 8643
5498 10084 10587
5499 9865
5500
5501
5502 9495
5503 9417 10133
5504
5505
5506
5507
5508
5509
5510 6630
5511
5512
5513
5514 7475
5515
5516
5517 7872
5518
5519
5520
5521
5522 6951
5523
5524
5525
5526
5527 6780
5528 9160
5529
5530
5531
5532
5533 5700
5534 7942 10072
5535
5536
5537
5538
5539
5540
5541
5542 6250
5543 6117
5544 9658
5545 6634
5546 8338
5547
5548 9543
5549
5550 5909
5551
5552 7843
5553
5554
5555 10051
5556 6799
5557
5558
5559
5560
5561
5562
5563
5564
5565 10462
5566
5567
5568
5569
5570
5571
5572
5573 7485 7761
5574
5575
5576
5577
5578
5579
5580
5581
5582
5583
5584
5585 5842
5586
5587
5588 5933 9142
5589
5590
5591
5592
5593
5594 7731
5595 7106
5596 9537
5597 7449 8022
5598
5599
5600
5601
5602
5603 8588 9680 9762
5604 10362
5605
5606 7842
5607 10268
5608
5609
5610
5611
5612
5613
5614
5615
5616 6756
5617
5618 6199
5619 6138 8037
5620
5621 7103
5622 9762
5623
5624
5625
5626
5627
5628
5629 6706
5630
5631 7082
5632
5633
5634 6794
5635
5636
5637
5638 7369
5639
5640
5641
5642
5643
5644 9646
5645
5646
5647 9696
5648 9295
5649
5650
5651
5652
5653
5654
5655 5665
5656
5657
5658
5659 8453
5660 6350 10134
5661 8509 9567
5662 6752
5663
5664
5665
5666
5667 6290
5668
5669
5670 5986 6619 7421
5671
5672
5673 7856
5674 8616
5675
5676
5677
5678
5679 6810
5680 7992
5681
5682
5683
5684
5685
5686 7553
5687
5688 9765
5689
5690 9692
5691 8223 8554
5692
5693 7681
5694 8881
5695
5696 8156 10494
5697
5698
5699
5700
5701
5702
5703
5704
5705 10244
5706
5707
5708
5709
5710
5711
5712
5713
5714 8232
5715
5716 10625
5717
5718
5719
5720 10498
5721
5722
5723 6705
5724
5725
5726 8264 9625
5727 7784
5728 8503
5729
5730
5731
5732 10297
5733
5734 6252
5735 5745
5736
5737 8914 8994
5738
5739
5740
5741
5742
5743 7357
5744 9422
5745
5746 10288
5747
5748 6754
5749 9565
5750
5751
5752
5753
5754
5755 5988
5756
5757
5758
5759 9045
5760
5761
5762 5904
5763 10586
5764
5765
5766
5767
5768
5769
5770 6141
5771
5772
5773 9027
5774 9134
5775 6570
5776
5777
5778
5779
5780 7464
5781 6902
5782 6240
5783 10531
5784 6159
5785
5786
5787
5788
5789
5790
5791
5792
5793
5794
5795
5796
5797
5798 10279
5799
5800 7318
5801 7172
5802
5803
5804 9714
5805
5806
5807
5808 7914
5809
5810
5811
5812 5898
5813
5814
5815 8456
5816
5817
5818 7707 9969
5819
5820
5821
5822
5823
5824 8895
5825
5826 9718
5827
5828
5829
5830
5831
5832
5833
5834 10664
5835
5836 10054
5837
5838
5839 8140 9874
5840
5841
5842 7107
5843 10166
5844
5845 6847 7945 8336
5846
5847
5848
5849 6318
5850 8671
5851
5852 7361
5853
5854 7868
5855
5856 9225 9362
5857
5858 5998
5859
5860 8645
5861
5862 6597 8843
5863 6604
5864
5865
5866
5867
5868
5869 7374
5870
5871
5872
5873 8447 9255
5874
5875
5876
5877
5878
5879
5880 9022
5881 7066
5882 7644
5883
5884 6914 8611 9095
5885
5886
5887 5928
5888
5889
5890 9293 9318
5891
5892
5893 9397
5894
5895
5896
5897
5898 7144
5899
5900
5901
5902
5903
5904
5905 9973
5906 8510
5907
5908
5909
5910
5911
5912
5913
5914
5915
5916
5917 10121
5918
5919 7120
5920
5921 9462
5922
5923
5924
5925 8776
5926
5927
5928
5929
5930
5931
5932
5933 9142
5934
5935 8669
5936
5937
5938
5939
5940
5941
5942
5943
5944 9933
5945
5946
5947
5948
5949 7504
5950
5951
5952
5953
5954 7671
5955
5956
5957
5958
5959
5960
5961
5962
5963 10651
5964
5965 7316
5966
5967
5968 10488
5969
5970
5971
5972
5973 8261 8920
5974
5975
5976
5977 6302
5978
5979 8409
5980 9830
5981
5982 7821
5983
5984
5985 9946
5986 7421
5987
5988
5989
5990 6016
5991
5992
5993 6063 10310
5994
5995
5996
5997
5998
5999 6463
6000 6353 7429
6001 9647
6002
6003
6004
6005
6006
6007
6008
6009
6010
6011
6012
6013
6014
6015
6016
6017
6018
6019 8837
6020
6021
6022
6023 8319
6024 7462
6025 8190
6026
6027
6028 6870
6029 8339
6030 6223
6031 7250
6032 7014
6033
6034
6035
6036
6037 8681
6038
6039 8538
6040
6041
6042 8285 10317
6043
6044
6045 10275
6046
6047 6594
6048 10222
6049
6050
6051
6052
6053
6054
6055
6056
6057
6058
6059
6060 9847
6061 8225
6062 9019
6063 10310
6064
6065 6955
6066
6067 10171
6068
6069 9587
6070
6071 9526
6072 7640
6073 6700 10108
6074
6075
6076
6077
6078 7542
6079
6080
6081
6082
6083
6084
6085
6086 7990
6087
6088
6089
6090
6091 6515
6092
6093
6094
6095 8004
6096
6097
6098 6379
6099
6100
6101
6102
6103 8046
6104
6105
6106 9903
6107
6108 7463
6109
6110
6111
6112
6113 8048
6114
6115
6116 10263
6117 8055
6118
6119
6120
6121
6122 10499
6123 7046
6124
6125
6126 6826
6127
6128
6129
6130
6131 6390
6132
6133
6134
6135
6136
6137
6138 8037 9168
6139
6140 10257
6141
6142
6143 10562
6144
6145
6146 7828
6147
6148
6149
6150
6151
6152 8078
6153
6154 9984
6155 8678
6156
6157
6158
6159
6160 6611
6161 7036
6162
6163
6164
6165
6166
6167
6168
6169 10278
6170
6171
6172
6173
6174
6175 9262
6176
6177 10198
6178
6179
6180
6181
6182 10189
6183
6184
6185 7434 7730
6186 6245
6187
6188 7012 7755
6189
6190
6191 6546
6192
6193
6194
6195
6196
6197 8412
6198 6782 8857 8867
6199
6200 9112
6201
6202
6203 10465
6204 9207
6205
6206 7457
6207
6208
6209
6210 7373
6211
6212
6213
6214
6215
6216
6217
6218
6219
6220
6221
6222
6223
6224
6225
6226
6227
6228
6229
6230
6231 6512
6232
6233
6234
6235
6236
6237 8647
6238
6239
6240
6241
6242
6243
6244
6245 7292
6246 8043
6247
6248
6249
6250
6251
6252
6253 7263
6254
6255
6256
6257 7388 8839
6258
6259
6260
6261
6262 9441
6263 7425 10245
6264
6265 8437
6266 9024
6267
6268
6269 9746
6270
6271 9734
6272
6273 8125 9220
6274
6275
6276 9381
6277
6278 7556
6279
6280
6281 6371
6282 9611 9643
6283 10015
6284
6285 10537
6286
6287
6288 8190
6289
6290
6291
6292
6293
6294
6295 6436
6296
6297
6298 9556
6299
6300
6301
6302
6303 9014
6304
6305 10396
6306 7251
6307
6308 10170
6309 6370
6310 7054
6311
6312 7368 8715
6313
6314
6315
6316
6317
6318
6319
6320
6321 6793
6322
6323
6324 6555
6325 8147
6326 9678
6327
6328
6329
6330 7668
6331
6332
6333
6334
6335
6336
6337
6338
6339
6340
6341
6342
6343
6344
6345 10408
6346
6347
6348
6349 8268
6350
6351
6352
6353
6354
6355 10469
6356
6357
6358
6359
6360
6361 6373
6362
6363
6364
6365
6366
6367
6368 8583
6369
6370
6371
6372 10358
6373
6374
6375
6376
6377 10477
6378
6379 6679
6380
6381
6382
6383
6384 6676
6385
6386 8817
6387 6481
6388
6389
6390
6391
6392
6393
6394
6395
6396
6397
6398 7362
6399
6400 6865
6401 7205
6402
6403 7760 9148
6404
6405
6406 8540
6407 8073
6408
6409
6410
6411 9538
6412
6413 6819
6414 7360
6415
6416
6417 10118
6418
6419 7024 10373 10405
6420
6421 8562 9299
6422
6423
6424 9238
6425
6426
6427
6428
6429 9114
6430
6431
6432
6433
6434
6435 9803
6436
6437
6438
6439 7736
6440
6441
6442
6443
6444
6445
6446
6447
6448 8730
6449 9340
6450
6451
6452 9671 10309
6453
6454 8491
6455
6456 7140
6457
6458
6459
6460 9557
6461
6462
6463
6464
6465
6466
6467
6468 8264
6469
6470 8859
6471
6472 8549
6473 10538
6474
6475
6476 9892
6477 8164
6478
6479
6480
6481
6482
6483
6484
6485 7983
6486 8269
6487
6488
6489
6490 7845
6491
6492
6493
6494 6881 8171
6495 7255 8166
6496
6497
6498
6499 10317
6500 10632
6501
6502
6503
6504
6505
6506 8029 9548
6507
6508
6509
6510 7535
6511 9235
6512
6513
6514 8006
6515
6516
6517 10339
6518
6519 8565
6520
6521
6522
6523 8313
6524
6525
6526
6527
6528 7742 8579
6529
6530 8828
6531 9599
6532
6533
6534 9878
6535
6536 7452
6537
6538
6539
6540 8825 9953
6541
6542
6543
6544 9078
6545
6546
6547
6548 9552
6549
6550
6551 6756
6552 9688 10571
6553
6554
6555 6960
6556
6557
6558
6559
6560
6561
6562
6563 9839
6564 8633
6565
6566
6567 7596
6568
6569
6570
6571
6572 8571
6573
6574
6575
6576
6577
6578
6579
6580
6581 6823
6582
6583
6584
6585
6586
6587 7063 8379
6588 10208
6589
6590
6591
6592
6593
6594
6595
6596
6597 8843
6598
6599
6600
6601
6602
6603
6604
6605 8775 9682
6606
6607 9803
6608
6609 8753
6610
6611 8752
6612 9215
6613
6614 6640
6615 6767
6616
6617
6618
6619 9884
6620 9531
6621
6622 8189
6623
6624
6625
6626 7952
6627
6628
6629
6630
6631 10586
6632
6633
6634
6635
6636 7397
6637 8066
6638
6639
6640
6641
6642 6662
6643 9372
6644
6645 10262
6646 9421
6647
6648
6649
6650
6651 10296
6652
6653 8439 8480 10321
6654 8936
6655
6656
6657
6658
6659
6660
6661
6662
6663
6664
6665 7912
6666
6667
6668
6669 9174
6670
6671
6672
6673 7611
6674
6675
6676
6677
6678
6679 10510
6680
6681
6682 7774
6683 10421
6684
6685
6686
6687
6688
6689 7846
6690
6691
6692
6693 8998
6694
6695
6696
6697
6698
6699
6700 10108
6701 9230
6702
6703
6704
6705
6706
6707
6708 7281 7704
6709 8007
6710 10424 10512
6711
6712 9859
6713
6714 10311
6715
6716
6717
6718
6719 7628
6720
6721
6722
6723
6724
6725
6726
6727
6728
6729 10289
6730
6731
6732
6733
6734 7425
6735 7503
6736
6737
6738
6739
6740
6741
6742
6743
6744
6745
6746
6747
6748
6749
6750
6751
6752
6753
6754
6755 9404
6756
6757 7195
6758
6759
6760
6761
6762
6763 7102
6764
6765
6766
6767 8780
6768
6769
6770
6771 7501
6772
6773
6774
6775
6776 9635
6777
6778
6779
6780
6781
6782 8857 8867
6783 8422
6784
6785 7918
6786
6787
6788
6789 8271
6790 9419
6791
6792
6793
6794
6795
6796
6797
6798 10285
6799
6800
6801
6802 10138 10613
6803
6804
6805 9597
6806
6807
6808
6809
6810
6811 10108
6812 8174
6813
6814
6815
6816
6817 7371
6818
6819
6820 7965
6821
6822
6823
6824 7359
6825 7154
6826 10071
6827
6828
6829
6830
6831
6832 10411
6833 9774
6834 7376
6835
6836
6837
6838 8548
6839
6840
6841
6842 7128 7303
6843
6844
6845
6846
6847 8336 8425
6848
6849
6850
6851 10262
6852
6853
6854 9775
6855
6856
6857
6858
6859
6860
6861
6862 9107
6863 10031
6864
6865
6866 8682
6867 8183
6868
6869
6870
6871
6872
6873 7716
6874 8786
6875
6876 6969
6877
6878
6879
6880 7620
6881
6882
6883
6884
6885 8432 10318
6886
6887 10077
6888
6889
6890 8247
6891 9081
6892
6893
6894
6895
6896
6897 7851
6898 10200
6899
6900 9233
6901
6902
6903
6904
6905 7988
6906
6907
6908
6909
6910
6911
6912
6913
6914 8611
6915 7059
6916
6917 7381
6918 7408
6919
6920
6921
6922
6923
6924
6925 8686
6926
6927
6928 7738
6929 7465
6930
6931
6932
6933
6934
6935
6936 8734
6937
6938
6939
6940
6941
6942 9242
6943
6944
6945
6946 10604
6947 9730
6948
6949
6950
6951
6952
6953
6954
6955
6956 9508
6957
6958 8030
6959
6960
6961
6962
6963
6964
6965
6966
6967
6968
6969
6970
6971
6972
6973
6974 9046
6975 8449
6976
6977
6978
6979 8209
6980
6981 9634
6982
6983 7159
6984 10557
6985 9937
6986
6987 7213 7282 10535
6988
6989
6990
6991
6992 7174
6993
6994
6995
6996 8597
6997
6998
6999
7000
7001
7002 7563
7003 7589 10250
7004
7005 7311
7006
7007
7008
7009
7010
7011
7012 7755
7013
7014
7015
7016 7825
7017
7018 7100
7019
7020
7021 10376
7022
7023
7024 8551 10405
7025
7026 9856
7027
7028
7029
7030 9722
7031 9032
7032
7033
7034 8819
7035
7036
7037 8622
7038
7039
7040
7041
7042
7043
7044
7045
7046
7047
7048
7049
7050
7051
7052
7053
7054
7055
7056
7057
7058
7059
7060
7061 7530
7062
7063 8379
7064
7065
7066
7067
7068 8606 9104
7069
7070
7071
7072
7073
7074
7075
7076
7077
7078
7079
7080
7081
7082
7083
7084
7085 7659
7086
7087
7088 10529
7089 7884
7090
7091
7092
7093
7094
7095
7096 8096
7097
7098
7099
7100
7101 9199
7102
7103
7104 7713
7105
7106
7107
7108 9737
7109
7110 7310
7111
7112 7955
7113
7114
7115
7116
7117 9154
7118
7119
7120 9951
7121
7122
7123
7124 7952
7125
7126
7127
7128 7303
7129
7130 9185
7131
7132
7133 7783
7134
7135
7136
7137
7138
7139
7140
7141 7517
7142
7143 8197 10334
7144
7145
7146
7147
7148
7149
7150
7151
7152
7153
7154
7155
7156 10267
7157 10382
7158
7159 9164
7160
7161
7162
7163
7164
7165 7456 10444
7166 10305
7167
7168
7169
7170
7171 10139
7172
7173
7174
7175 7968
7176 7249
7177
7178 7622
7179
7180
7181
7182
7183
7184
7185
7186
7187
7188
7189
7190
7191 9681
7192
7193
7194
7195
7196
7197
7198
7199 10169
7200
7201
7202
7203 8111
7204
7205
7206
7207
7208
7209
7210
7211
7212
7213 7282
7214
7215
7216
7217 8621
7218
7219
7220 9348
7221 9995
7222
7223
7224 7433
7225
7226
7227 9115
7228
7229
7230
7231
7232
7233 7646
7234
7235
7236
7237
7238
7239
7240
7241
7242 9308
7243
7244
7245
7246
7247
7248
7249
7250
7251
7252 7500 8089
7253 8557 10248
7254
7255 8166 9777
7256
7257 8179 8253
7258 8744
7259
7260
7261
7262
7263
7264
7265
7266 9174
7267
7268
7269 10223
7270 8455
7271
7272 9260
7273
7274
7275
7276
7277 9151
7278
7279 8337
7280
7281 7704
7282 10535
7283
7284
7285
7286 10092
7287
7288
7289 8925 9934
7290
7291
7292
7293
7294 9663
7295
7296
7297 8999
7298
7299
7300
7301
7302
7303
7304
7305
7306
7307
7308
7309 9687
7310
7311
7312
7313
7314 9944
7315
7316
7317
7318
7319
7320
7321 8747
7322
7323
7324
7325
7326
7327
7328
7329 9569
7330
7331 8807 9130
7332
7333 8258
7334
7335 10049
7336 7718 9871
7337 8721
7338
7339
7340
7341
7342 9876
7343
7344
7345 9711
7346
7347
7348
7349
7350
7351
7352
7353
7354
7355
7356
7357
7358
7359
7360
7361
7362
7363
7364 9386 9764
7365
7366
7367 8395 9861
7368 8715
7369
7370
7371
7372
7373 8272
7374
7375
7376
7377
7378
7379
7380
7381
7382 8059 9919
7383
7384
7385 10432
7386 8811
7387
7388 8839
7389
7390
7391
7392 10328
7393
7394
7395
7396
7397
7398 8178
7399
7400
7401
7402
7403
7404
7405 7762
7406
7407
7408
7409
7410
7411
7412
7413
7414
7415
7416
7417
7418
7419
7420
7421
7422 9901
7423
7424 7690
7425 10245
7426
7427
7428 9106
7429
7430
7431 8265
7432 7727
7433 9056 9741
7434 9756
7435 9157
7436
7437 8793
7438 9656
7439
7440
7441
7442
7443
7444
7445
7446
7447
7448
7449 8022
7450
7451
7452
7453
7454
7455 8303
7456 10444
7457
7458
7459
7460
7461
7462
7463
7464
7465
7466
7467
7468
7469
7470 9814
7471
7472
7473
7474
7475
7476
7477
7478
7479
7480
7481 9525
7482
7483 10642
7484
7485 8630 9286
7486
7487 10009
7488 7736
7489
7490
7491 9868
7492
7493
7494
7495
7496
7497
7498
7499
7500 8089
7501
7502
7503 9802
7504
7505
7506
7507
7508
7509
7510
7511
7512
7513
7514
7515
7516
7517 8117
7518 9807
7519
7520 8306 8685
7521
7522
7523
7524
7525
7526
7527
7528 9679
7529
7530
7531
7532
7533
7534
7535
7536
7537
7538
7539
7540
7541
7542
7543
7544
7545
7546
7547
7548
7549
7550
7551
7552
7553
7554
7555 10433 10477
7556
7557 7632
7558
7559
7560
7561
7562
7563
7564
7565 10260
7566 10242
7567
7568
7569 9839
7570 8159 10607
7571 8834
7572 8579
7573
7574
7575
7576
7577 8439 9677
7578 9810
7579
7580
7581 9656
7582
7583
7584 9125
7585
7586
7587
7588
7589
7590
7591 9963
7592
7593 8901
7594
7595
7596
7597
7598
7599
7600
7601
7602
7603
7604
7605
7606
7607 8610
7608
7609
7610
7611
7612
7613
7614
7615 9794
7616 8770
7617
7618
7619
7620
7621
7622
7623
7624
7625
7626
7627
7628
7629 9383
7630
7631
7632 9933
7633
7634
7635 7887 10315
7636
7637
7638 8483
7639
7640
7641
7642 10553 10555
7643
7644
7645 10292
7646
7647
7648 8945
7649 7930
7650
7651 10476
7652
7653 9192
7654
7655
7656
7657
7658
7659
7660
7661
7662
7663
7664
7665
7666 10330
7667
7668
7669
7670
7671
7672
7673
7674
7675
7676 10307
7677
7678
7679 8390
7680
7681
7682 7972
7683
7684
7685
7686
7687 9758
7688
7689
7690
7691
7692 7728
7693
7694
7695
7696 9438
7697
7698
7699
7700
7701
7702 9588
7703
7704
7705
7706 9276
7707 9969
7708
7709
7710
7711 9186
7712
7713
7714 9284
7715
7716 8880
7717
7718 9871
7719 9593
7720
7721
7722 9117
7723
7724
7725
7726
7727
7728
7729 8568
7730
7731
7732 9177 10427
7733 9744
7734
7735 8122 9180 10239
7736
7737
7738
7739
7740
7741 8210
7742
7743
7744
7745 9394
7746
7747 8071
7748
7749
7750 10450
7751 8711
7752
7753
7754
7755 9025
7756 9420
7757
7758
7759 8663
7760
7761
7762
7763 7962
7764
7765
7766
7767
7768 9163
7769
7770 10040
7771
7772 7859
7773
7774
7775
7776
7777
7778
7779
7780
7781
7782 8222
7783
7784
7785
7786
7787
7788
7789
7790
7791
7792
7793
7794
7795
7796
7797
7798 8872
7799
7800
7801
7802
7803
7804
7805
7806
7807
7808
7809
7810
7811
7812
7813
7814
7815
7816
7817
7818
7819
7820
7821
7822
7823 9628
7824
7825
7826 10518
7827
7828
7829
7830 8359
7831
7832
7833
7834
7835
7836
7837
7838
7839
7840 8709
7841
7842
7843
7844
7845
7846
7847
7848
7849
7850
7851
7852
7853
7854
7855
7856
7857
7858
7859
7860
7861 8350
7862
7863
7864 9268
7865
7866 8193
7867
7868
7869
7870
7871
7872 10046
7873
7874
7875
7876
7877
7878 8929
7879
7880
7881
7882 8309
7883
7884
7885
7886
7887 10315
7888
7889
7890
7891
7892
7893
7894
7895
7896
7897 8847 9732
7898
7899
7900
7901
7902
7903
7904
7905
7906
7907
7908
7909
7910
7911
7912
7913
7914
7915
7916
7917
7918
7919
7920
7921
7922
7923
7924
7925 9738
7926
7927
7928
7929 8536
7930 9360
7931 8785 10485
7932
7933
7934
7935
7936
7937
7938
7939 10214
7940
7941 7977
7942 10072
7943
7944 10295
7945
7946
7947
7948 9375
7949
7950
7951
7952
7953
7954
7955
7956
7957
7958
7959
7960
7961
7962
7963
7964
7965
7966
7967 8132
7968 8397
7969
7970
7971
7972
7973
7974
7975 9287
7976 10438
7977
7978 9474
7979 9047
7980
7981
7982
7983
7984
7985 9004
7986
7987
7988
7989
7990
7991
7992
7993
7994
7995
7996
7997
7998
7999
8000
8001
8002
8003
8004
8005
8006
8007
8008
8009
8010
8011 9294
8012
8013
8014
8015
8016
8017 8284
8018
8019
8020
8021
8022
8023 9430
8024
8025
8026
8027
8028
8029 9548
8030
8031
8032
8033
8034
8035 10205
8036
8037 9168
8038 8803
8039
8040
8041
8042 10345
8043
8044
8045
8046
8047
8048
8049
8050
8051
8052
8053
8054
8055
8056
8057
8058
8059 9919
8060
8061
8062
8063
8064
8065 9531
8066
8067
8068
8069
8070 9528
8071
8072
8073
8074
8075
8076
8077
8078
8079 9292
8080
8081
8082
8083
8084
8085
8086
8087
8088 9224
8089
8090
8091
8092
8093
8094
8095 8516
8096
8097
8098
8099
8100 10202
8101
8102
8103 10611
8104
8105
8106
8107
8108
8109 9840
8110
8111
8112 8918
8113
8114 9070
8115
8116
8117
8118
8119
8120
8121
8122
8123
8124
8125 9220
8126
8127
8128
8129
8130
8131
8132
8133
8134
8135
8136
8137
8138
8139
8140 9874
8141
8142
8143
8144
8145
8146
8147
8148
8149
8150
8151
8152
8153 8896
8154
8155
8156 10494
8157
8158
8159
8160
8161
8162
8163
8164
8165
8166 9424
8167 8779
8168
8169 8953
8170 10278
8171
8172
8173
8174
8175
8176
8177
8178
8179
8180
8181
8182 10590
8183
8184
8185 8956
8186
8187
8188
8189
8190
8191
8192
8193
8194
8195
8196
8197 10334 10530
8198 8850
8199
8200
8201
8202 8585
8203
8204
8205
8206
8207
8208
8209
8210
8211
8212
8213
8214
8215
8216
8217 9828
8218
8219
8220
8221
8222
8223
8224
8225
8226 10187 10228
8227
8228
8229
8230
8231 10662
8232
8233
8234
8235
8236 8670
8237 8631
8238
8239
8240
8241
8242
8243
8244
8245
8246 8356
8247
8248
8249
8250 9363
8251
8252
8253
8254
8255
8256
8257
8258
8259
8260
8261
8262
8263
8264
8265
8266
8267 8994
8268
8269
8270 9502
8271
8272
8273
8274 10106
8275
8276
8277
8278
8279
8280
8281
8282
8283
8284
8285 10317
8286 10516
8287 9592
8288
8289 9130
8290
8291
8292
8293
8294
8295 9472 10655
8296
8297 10203
8298 10293
8299
8300
8301
8302
8303
8304
8305
8306 8685
8307
8308
8309
8310
8311
8312
8313
8314
8315 10354
8316
8317
8318
8319
8320
8321
8322
8323
8324
8325
8326
8327
8328
8329 9626
8330 8650
8331
8332 9874
8333
8334
8335
8336
8337
8338
8339
8340
8341
8342
8343
8344 8451
8345
8346 9639 10420
8347 9478
8348
8349 8434
8350
8351
8352
8353
8354
8355
8356
8357 8360
8358
8359
8360
8361
8362
8363
8364 8772
8365
8366
8367
8368
8369
8370
8371
8372
8373
8374
8375
8376
8377
8378
8379
8380
8381
8382
8383
8384 8886
8385
8386
8387 9707
8388
8389
8390 10085
8391
8392
8393
8394
8395 9861
8396 8643
8397
8398 9258
8399
8400 9720 10065
8401 9881
8402
8403
8404
8405
8406
8407
8408
8409
8410
8411 8459
8412
8413 8507
8414 8473
8415
8416
8417 9091
8418 9477
8419 9198
8420
8421
8422 9694
8423 8795
8424
8425
8426
8427
8428
8429
8430
8431
8432
8433 9655
8434
8435
8436
8437
8438
8439 10321
8440
8441
8442
8443
8444 9855
8445
8446
8447
8448
8449
8450
8451
8452
8453
8454
8455
8456
8457
8458 10403
8459
8460
8461
8462 9610
8463 8507
8464
8465
8466
8467
8468 9012
8469
8470
8471
8472
8473
8474
8475
8476
8477
8478
8479
8480 10321
8481
8482
8483
8484
8485
8486
8487
8488
8489
8490 9388 9610
8491 9094
8492
8493 9058
8494
8495
8496 8904
8497 10368
8498
8499 10011
8500 9539
8501
8502
8503
8504
8505
8506
8507
8508
8509
8510
8511
8512
8513 10529
8514
8515
8516
8517
8518
8519
8520
8521
8522 10073
8523
8524
8525
8526
8527
8528
8529
8530
8531
8532
8533 9213
8534
8535
8536 9787
8537
8538
8539
8540
8541
8542
8543
8544
8545 9632 10561
8546
8547
8548
8549
8550
8551
8552
8553
8554
8555
8556 9929
8557 10248
8558
8559
8560
8561
8562 9299
8563
8564
8565
8566
8567
8568
8569
8570
8571
8572
8573
8574
8575
8576
8577
8578 8719
8579
8580
8581 10456
8582 10475
8583
8584
8585
8586
8587
8588
8589
8590
8591
8592 9271
8593
8594
8595 9086
8596 9246
8597
8598
8599
8600
8601
8602
8603
8604
8605
8606 9104
8607
8608
8609 8690
8610
8611
8612
8613
8614
8615
8616
8617 9181 9970
8618 9748
8619
8620 10074
8621
8622
8623 8773
8624
8625 10005
8626 9779
8627
8628
8629
8630 9286
8631
8632 9194
8633
8634
8635
8636
8637
8638
8639
8640
8641
8642
8643
8644
8645
8646
8647
8648
8649
8650
8651 10007
8652
8653
8654
8655
8656
8657
8658
8659 9792
8660
8661 9851
8662
8663
8664
8665
8666
8667
8668
8669
8670
8671
8672
8673
8674
8675
8676
8677
8678
8679
8680
8681
8682
8683
8684 9350
8685
8686
8687
8688
8689
8690
8691
8692
8693
8694
8695
8696
8697
8698
8699
8700
8701 9935
8702
8703
8704
8705
8706
8707
8708
8709
8710
8711
8712
8713
8714
8715
8716
8717
8718
8719
8720
8721
8722
8723
8724
8725
8726
8727
8728
8729
8730
8731
8732
8733
8734
8735
8736
8737 9435
8738
8739
8740
8741
8742
8743
8744
8745
8746
8747
8748
8749
8750 9905
8751
8752
8753
8754
8755
8756
8757
8758
8759
8760 9376 9924
8761
8762
8763
8764
8765
8766
8767
8768
8769
8770 9126
8771
8772
8773
8774
8775 9682
8776
8777
8778
8779
8780
8781
8782
8783
8784
8785 10485
8786
8787 9709
8788
8789 9479
8790
8791
8792 9870
8793
8794
8795
8796
8797
8798
8799
8800
8801 10092
8802
8803
8804
8805
8806 8815
8807 9130
8808
8809
8810
8811
8812 9253
8813
8814
8815
8816
8817
8818
8819
8820
8821
8822 10019
8823
8824
8825 9887
8826 10119
8827
8828
8829
8830
8831
8832
8833
8834
8835
8836
8837
8838
8839
8840
8841 9868
8842
8843
8844 9604
8845
8846
8847 9732
8848
8849
8850
8851 10495
8852
8853
8854
8855 9906
8856
8857 8867
8858
8859
8860
8861
8862
8863
8864
8865
8866
8867
8868
8869
8870
8871 9200
8872
8873
8874
8875
8876
8877
8878
8879
8880
8881
8882
8883
8884
8885
8886
8887
8888
8889
8890
8891
8892
8893
8894
8895 9146 9455
8896
8897
8898
8899
8900 9809
8901
8902
8903
8904
8905
8906
8907
8908
8909
8910
8911
8912
8913
8914
8915
8916
8917
8918
8919
8920
8921
8922
8923 10329
8924
8925 9934
8926 10174
8927
8928 10224
8929
8930
8931
8932
8933
8934
8935 9120
8936
8937
8938
8939
8940
8941 9189
8942
8943
8944
8945
8946
8947
8948
8949
8950
8951 10085
8952
8953
8954
8955
8956 10082
8957
8958
8959
8960
8961
8962
8963
8964
8965 8981 10068
8966
8967
8968
8969
8970
8971
8972
8973
8974
8975
8976
8977
8978
8979
8980
8981
8982
8983
8984
8985
8986
8987
8988 9861
8989 9763
8990
8991
8992
8993
8994
8995
8996
8997
8998
8999
9000
9001
9002
9003
9004
9005
9006
9007
9008
9009
9010
9011
9012
9013
9014
9015
9016
9017
9018
9019
9020
9021
9022
9023
9024
9025
9026
9027
9028
9029
9030
9031
9032
9033
9034
9035
9036
9037 9700
9038
9039
9040
9041
9042
9043
9044
9045
9046
9047
9048
9049
9050
9051
9052
9053
9054
9055
9056 9741
9057
9058
9059
9060
9061
9062
9063
9064
9065
9066
9067
9068
9069
9070
9071
9072
9073 10195
9074
9075
9076
9077
9078
9079
9080
9081
9082
9083 9543
9084
9085
9086
9087
9088
9089
9090
9091
9092
9093
9094
9095
9096
9097 9443
9098
9099
9100
9101
9102
9103
9104
9105
9106
9107
9108
9109
9110
9111
9112
9113
9114
9115
9116
9117
9118
9119
9120 10063
9121
9122
9123
9124
9125
9126
9127
9128
9129
9130
9131
9132
9133
9134
9135
9136
9137
9138
9139
9140 9263
9141
9142
9143 10123
9144
9145
9146 9455
9147
9148
9149
9150
9151
9152
9153 9859
9154
9155
9156
9157
9158 9388
9159
9160
9161
9162
9163
9164
9165
9166
9167
9168
9169
9170
9171
9172
9173
9174
9175
9176
9177 10427
9178
9179
9180 10239
9181 9970
9182
9183
9184 10548
9185
9186
9187
9188
9189
9190
9191
9192
9193
9194
9195 10611
9196
9197
9198
9199
9200
9201
9202
9203
9204 9772
9205
9206
9207
9208
9209
9210
9211
9212 10547
9213
9214
9215
9216
9217
9218
9219
9220
9221
9222
9223
9224 9654
9225
9226
9227
9228
9229
9230
9231
9232
9233
9234
9235
9236
9237
9238
9239
9240
9241
9242
9243
9244
9245
9246
9247
9248
9249
9250
9251
9252 10504
9253
9254
9255 10320
9256
9257 9829
9258
9259
9260
9261
9262
9263
9264
9265 10661
9266
9267
9268
9269
9270
9271
9272
9273
9274
9275
9276
9277
9278
9279
9280 9733
9281
9282
9283
9284 10653
9285 10453
9286
9287
9288
9289
9290
9291
9292
9293
9294
9295
9296
9297
9298
9299
9300
9301
9302
9303
9304
9305
9306
9307
9308
9309
9310 10270
9311
9312
9313
9314
9315
9316
9317
9318
9319
9320
9321
9322
9323
9324 9596
9325
9326
9327
9328 10326
9329
9330
9331
9332
9333
9334
9335
9336
9337 10390
9338
9339
9340
9341
9342
9343 9780
9344
9345
9346 10010
9347
9348
9349
9350
9351
9352
9353
9354
9355
9356
9357
9358
9359
9360
9361
9362
9363
9364
9365
9366
9367
9368 9499
9369
9370
9371
9372
9373
9374
9375
9376
9377
9378
9379
9380
9381
9382
9383
9384
9385
9386 9764
9387
9388 9610
9389
9390
9391
9392
9393
9394
9395
9396
9397
9398
9399
9400
9401
9402
9403
9404
9405
9406
9407
9408
9409
9410
9411
9412
9413
9414
9415
9416
9417
9418
9419
9420
9421
9422 9541
9423
9424
9425
9426
9427
9428
9429
9430
9431
9432
9433
9434
9435
9436
9437
9438
9439
9440
9441
9442
9443 9458
9444
9445
9446
9447 9835
9448
9449
9450
9451
9452
9453
9454
9455
9456
9457
9458
9459
9460
9461
9462
9463 9611 9643
9464
9465
9466
9467 9786
9468
9469
9470 10045
9471
9472 10163 10655
9473
9474
9475
9476
9477
9478
9479
9480
9481
9482
9483
9484
9485
9486
9487
9488
9489
9490
9491
9492
9493
9494 9747
9495
9496
9497
9498
9499
9500
9501
9502
9503
9504
9505
9506
9507
9508
9509
9510
9511
9512
9513
9514
9515
9516
9517
9518 9943
9519
9520
9521
9522
9523
9524
9525
9526
9527
9528
9529
9530
9531
9532
9533
9534
9535
9536
9537
9538
9539 10086
9540
9541
9542
9543
9544
9545
9546
9547
9548
9549
9550
9551
9552
9553
9554
9555
9556
9557
9558
9559
9560
9561
9562
9563
9564
9565
9566
9567
9568
9569
9570
9571
9572
9573
9574 10623
9575
9576
9577
9578
9579
9580 9957
9581
9582
9583
9584
9585
9586
9587
9588
9589 9649
9590
9591
9592
9593
9594
9595
9596
9597
9598
9599
9600
9601
9602
9603
9604
9605
9606
9607
9608
9609
9610
9611 9643
9612
9613
9614 10284
9615
9616
9617
9618
9619
9620
9621
9622 9961
9623
9624
9625
9626
9627
9628
9629
9630
9631
9632 10561
9633
9634
9635
9636
9637
9638
9639
9640
9641
9642
9643
9644
9645
9646
9647
9648
9649
9650
9651
9652
9653
9654
9655
9656
9657
9658
9659 10483
9660
9661
9662
9663
9664
9665
9666
9667
9668
9669
9670
9671 10309
9672
9673
9674
9675
9676 10345
9677
9678
9679
9680
9681
9682
9683
9684
9685
9686
9687
9688 10571
9689
9690
9691
9692
9693
9694
9695
9696
9697
9698
9699
9700
9701
9702
9703
9704
9705
9706
9707
9708
9709
9710
9711
9712
9713
9714
9715
9716
9717
9718
9719
9720
9721 9890
9722
9723
9724
9725
9726
9727 10235
9728
9729
9730
9731
9732
9733
9734
9735
9736
9737
9738
9739
9740
9741
9742
9743
9744
9745
9746
9747
9748
9749
9750
9751
9752
9753
9754
9755
9756
9757 10018
9758
9759
9760
9761
9762
9763
9764
9765
9766
9767
9768
9769
9770
9771
9772
9773
9774
9775
9776
9777
9778
9779
9780
9781
9782
9783
9784
9785
9786
9787
9788
9789 10503
9790
9791
9792
9793
9794
9795
9796
9797
9798
9799
9800
9801
9802
9803
9804
9805
9806
9807
9808
9809
9810
9811
9812
9813
9814
9815
9816
9817 10073
9818
9819
9820
9821
9822
9823
9824
9825
9826
9827
9828
9829
9830
9831
9832
9833
9834
9835
9836
9837
9838
9839
9840
9841
9842
9843
9844
9845
9846
9847
9848
9849
9850
9851
9852
9853
9854
9855
9856
9857
9858
9859
9860
9861
9862
9863
9864
9865
9866
9867
9868
9869 10449
9870
9871
9872
9873
9874
9875
9876
9877
9878
9879
9880
9881
9882
9883
9884
9885
9886
9887
9888
9889
9890
9891
9892
9893
9894
9895
9896
9897
9898
9899
9900
9901
9902
9903
9904
9905
9906
9907
9908
9909
9910
9911
9912
9913
9914
9915
9916
9917
9918
9919
9920
9921
9922
9923
9924
9925
9926
9927
9928
9929
9930
9931
9932
9933
9934
9935
9936
9937
9938
9939
9940
9941
9942
9943
9944
9945
9946
9947
9948
9949
9950
9951
9952
9953
9954
9955
9956
9957
9958
9959
9960
9961
9962
9963
9964
9965
9966
9967
9968
9969
9970
9971
9972
9973
9974
9975
9976
9977
9978
9979
9980 10628
9981
9982
9983
9984
9985
9986 10014
9987
9988
9989
9990
9991
9992
9993
9994
9995
9996
9997
9998 10064
9999
10000
10001
10002
10003
10004
10005
10006
10007
10008
10009
10010
10011
10012
10013
10014
10015
10016
10017
10018
10019
10020
10021
10022
10023
10024
10025
10026
10027
10028
10029
10030
10031
10032 10313
10033
10034
10035
10036 10361
10037
10038
10039
10040
10041
10042
10043
10044
10045
10046
10047
10048
10049
10050
10051
10052
10053
10054
10055
10056
10057
10058
10059
10060
10061
10062
10063
10064
10065
10066
10067
10068
10069
10070
10071
10072
10073
10074
10075
10076
10077
10078
10079
10080
10081
10082
10083
10084 10587
10085
10086
10087
10088
10089
10090
10091
10092
10093
10094
10095
10096
10097
10098
10099
10100
10101
10102
10103
10104
10105
10106
10107
10108
10109
10110
10111
10112
10113
10114
10115
10116
10117
10118
10119
10120
10121
10122
10123
10124
10125
10126 10448
10127
10128
10129
10130
10131
10132
10133
10134
10135
10136
10137
10138
10139
10140
10141 10400
10142
10143
10144
10145
10146
10147
10148
10149
10150
10151
10152
10153
10154
10155
10156
10157
10158
10159
10160
10161
10162
10163 10655
10164
10165
10166
10167
10168
10169
10170
10171
10172
10173
10174
10175
10176
10177
10178
10179
10180
10181
10182
10183
10184
10185
10186
10187
10188
10189
10190
10191
10192
10193
10194
10195
10196
10197
10198
10199
10200
10201
10202
10203
10204
10205
10206 10370
10207
10208
10209
10210
10211
10212
10213
10214
10215
10216
10217
10218
10219
10220
10221
10222
10223
10224
10225
10226
10227
10228
10229
10230
10231
10232
10233
10234
10235
10236
10237
10238
10239
10240
10241
10242
10243
10244
10245
10246
10247
10248
10249
10250
10251
10252
10253
10254
10255
10256
10257
10258
10259
10260
10261
10262
10263
10264
10265
10266
10267
10268 10524 10533
10269
10270
10271
10272
10273
10274
10275
10276
10277
10278
10279
10280
10281
10282
10283
10284
10285
10286
10287
10288
10289
10290
10291
10292
10293
10294
10295
10296
10297
10298
10299
10300
10301
10302
10303
10304
10305
10306
10307
10308
10309 10375
10310
10311
10312
10313
10314
10315
10316
10317
10318
10319
10320
10321
10322
10323
10324
10325
10326
10327
10328
10329
10330
10331
10332
10333
10334
10335
10336
10337
10338
10339
10340
10341
10342
10343
10344
10345
10346
10347
10348
10349
10350
10351
10352
10353
10354
10355
10356
10357
10358
10359
10360
10361
10362
10363
10364
10365
10366
10367
10368
10369
10370
10371
10372
10373 10405
10374
10375
10376
10377
10378
10379
10380
10381
10382
10383
10384
10385
10386
10387
10388
10389
10390
10391
10392
10393
10394
10395
10396
10397
10398
10399
10400
10401
10402
10403
10404
10405
10406
10407
10408
10409
10410
10411
10412
10413
10414
10415
10416
10417
10418
10419
10420
10421
10422
10423
10424 10512
10425
10426
10427
10428
10429
10430
10431
10432
10433 10477
10434
10435
10436
10437
10438
10439
10440
10441
10442
10443
10444
10445
10446
10447
10448
10449
10450
10451
10452
10453
10454
10455
10456
10457
10458
10459
10460
10461
10462
10463
10464
10465
10466
10467
10468
10469
10470
10471
10472
10473
10474
10475
10476
10477
10478
10479
10480
10481
10482
10483
10484
10485
10486
10487
10488
10489
10490
10491
10492
10493
10494
10495
10496
10497
10498
10499
10500
10501
10502
10503
10504
10505
10506
10507
10508
10509
10510
10511
10512
10513
10514
10515
10516
10517
10518
10519
10520
10521
10522
10523
10524 10533
10525
10526
10527
10528
10529
10530
10531
10532
10533
10534
10535
10536
10537
10538
10539
10540
10541
10542
10543
10544
10545
10546
10547
10548
10549
10550
10551
10552
10553
10554
10555
10556
10557
10558
10559
10560
10561
10562
10563
10564
10565
10566
10567
10568
10569
10570
10571
10572
10573
10574
10575
10576
10577
10578
10579
10580
10581
10582
10583
10584
10585
10586
10587
10588
10589
10590
10591
10592
10593
10594
10595
10596
10597
10598
10599
10600
10601
10602
10603
10604
10605
10606
10607
10608
10609
10610
10611
10612
10613
10614
10615
10616
10617
10618
10619
10620
10621
10622
10623
10624
10625
10626
10627
10628
10629
10630
10631
10632
10633
10634
10635
10636
10637
10638
10639
10640
10641
10642
10643
10644
10645
10646
10647
10648
10649
10650
10651
10652
10653
10654
10655
10656
10657
10658
10659
10660
10661
10662
10663
10664
