#/opt/homebrew/Caskroom/miniconda/base/envs/hack25/lib/python3.12/site-packages/ipykernel_launcher.py --f=/Users/jpinney/Library/Jupyter/runtime/kernel-v3ac080a14eaeb55c9e3e4df9b8f7b4105c740d26c.json
# GMT Wed Jul  2 15:52:06 2025
# 
0 17 60 81 88 90 96 129
1 70
2
3 35 135 143 147 158
4 46 85 119
5 58 69 87
6 121 136
7 52 91
8 30 98 116
9 142 160
10 18 51 77 114 120 173
11 39 49 128
12 23 41 94 102
13 55 95 138 145 164
14
15 63
16 24 92 105
17 60 64 65 90
18
19 176
20 36 55 138
21 37 79 126 175
22 67 94 102 172
23 41 176
24 92 105
25 45 96 129 161
26 42 50 72 76 152
27 66 159 169
28 48 57 135 143
29 147
30 116
31 47 53 115 177
32 40 109 162 167 174
33 104 127 161 162
34
35 67 149 172
36 55 138
37 79
38 44 74 86 125
39 49 128 141
40 109 132 158 174
41 176
42 76 152
43 74 130 156
44 86 125
45 104 161
46 82 85
47 53 177
48 57 135
49 128 141
50 58 76
51 77 101 114 120
52 91 107 122
53 115
54 78 150 155
55 138 145
56 99 124 140 146 170
57 94 135
58 153
59 72 84
60 81 88 90 96 129
61 69 163
62 122
63 97 134 168
64 65 90
65 90 160
66 100 159 169
67 100 102 149
68 140 141 146 152
69 75 87
70 97 134 157
71 111
72 76
73 82 178
74 86 130 156
75 113
76 152
77 101 114 120
78 150
79 133 151
80
81 88 129
82 110 171 178
83 173
84
85
86
87
88 129
89 106 155
90 160
91 107
92 105
93 132
94 102 172
95 145 164
96 129
97 134 168
98
99 140 170
100 149 169
101 114 120
102 172
103 124 178
104 127 161 162
105 108
106 155
107 122
108
109 132 162 174
110 171
111 130 156
112 159
113
114 120
115
116
117 131
118 133 151
119
120
121 136
122
123 139
124 140 146
125
126 154 175
127 161 162
128 141
129
130 156
131
132 174
133 151 176
134 168
135 143 158 172
136
137
138 145
139
140 146
141 146
142 160
143 158
144
145 164
146
147
148 166
149
150
151 175
152
153
154 157
155 165
156
157
158
159 169
160
161
162 174
163 173
164
165
166
167
168
169
170
171
172
173
174
175
176
177
178
