#/opt/homebrew/Caskroom/miniconda/base/envs/hack25/lib/python3.12/site-packages/ipykernel_launcher.py --f=/Users/jpinney/Library/Jupyter/runtime/kernel-v352576b36ed274793969b57d69d8306c9df606370.json
# GMT Sun Jul 20 12:23:42 2025
# 
0 61 177 504 854 879 1267
1 44 134 619 904 922
2 226 307 369 689 822 1027 1062 1240
3 211 389 405 529 806
4 27 97 327 673 794
5 26 231 245 266 782 1037 1142 1192
6 107 161 483 517 704
7 575 639 895 1075 1154 1236 1376
8
9 427 484 520 757 1238
10 222 347 472 687 1117 1261
11 227 494 814 1148
12 174 1200
13 129 451 843 1025 1161 1263 1384
14 759 788 835 1035 1362
15 505 512 740
16 330 796 1275 1330
17 51 151 187 278 1346
18 140 348 424 831 1158 1283
19 827
20 162 987
21 715 718 1174
22 394 811
23 357 372 741 742 874 896 1103
24 42 99 1079 1124 1164
25 365 769 775 776 1015 1054 1320
26 231 245 266 782 1037 1142 1192
27 97 1117 1382
28 642 942 958
29 592 925 994 998 1292
30 402 860
31 303 453 618 1078 1221
32 257 378 1113 1248
33 642
34 814
35 376 742 801 874 967 1162
36 357 693 1303
37 328 629 639 921 1162
38 580 1011
39 274 445 660 729 997 1014 1124
40 123 321 345 410 852 1005 1024 1029 1355
41 81 136 212 393 1116 1220
42 99 662
43 352 538 1189 1291 1334
44 619 904 922
45 705 1105 1203 1300
46 108 362 670 1255
47 384 739 960 1006 1028 1365
48 172 266 581 678 1142 1166
49 542 567 615 882 966 1023 1375
50 142 308 473 497 977 1026
51 151 187 235 278 290 309 416 1346
52 92 387 701 864 946 982 1125 1423
53 329
54 254 1020 1119 1249 1400
55 285 412 660 699 999 1076
56 289 548 744 1036 1239
57 96 223 316 398 926 1141 1226 1255
58 503 833 1021 1138 1294 1308
59 260 291 334 388 605 645 894
60 143 1274
61 177 443 504 679 736 854 1129 1372
62 141 166 237 391 464 790 1284 1286
63 68 163 815 1046
64 425 429 474 714 1173
65 185 214 444 506 601 1114
66 234 246 313 740 1047
67 365 775 949 1127 1376
68 163 815 1316 1343
69 235 552 1143
70 197
71 310 691 975 1199 1386
72 260 264 291 569 668 1186 1264
73 164 405 734 793 1420
74 499 634 1062 1152
75 116 144 361 371 579 1095 1147 1374
76 277 710 1073 1377
77 102 221 688 737 1198 1312
78 650 1060 1253 1404
79
80 200 469 924 976 1358
81 1116
82 253 649 979 1393
83 196 409 467 632 878 1306 1369
84 1118
85 326 527 531 789
86 558 912 1081 1135 1407
87 562
88 885 1353 1392
89 526 561 688 786 1312
90 984 1193 1411
91 149 724 763 821 956
92 182 387 608 864 946 1125 1423
93 283 367 478 564 607 636 669 1070 1105 1363
94 374 574 779 897 913 1251 1297
95 166 237 391 790 1284
96 223 305 398 1083 1106 1141 1405
97 1382
98 112 161 483 485
99 662 1164
100 300 383 509 727 885 932 973 1058 1094
101 801 907 1320
102 221 688 737 1198 1216
103 452 663 1066 1368
104 121 623 640
105 981
106 805 1002 1027 1092 1179 1184 1338
107 161 483 485 704
108 398 670 1255
109 536 1018 1322
110 210 570
111 1087 1158
112 485
113 578 916 1051 1258 1331
114 844 1008 1218 1295
115 651 968
116 125 144 371 1155 1374
117 817 1022
118 168 417 480 858 1307
119 970 1050 1181 1230
120 169 188 297 783
121 132 160 559 623 640
122 390 539 692 886 1357 1410
123 345 852 1355
124 788 1274 1362
125 144 174 371 1155
126 744 1239 1349
127 216 438 1319
128 293 439 1335
129 368 843 996 1161 1235 1263 1384
130 229 312 375 898
131 216 1008 1305 1319
132 138 160 559 623
133 525 547 583 961 969
134 474 948 1247
135 746 876 972 1169 1371
136 212 393 1169 1220 1260 1371
137 410 853 1024
138 559 623 1224 1290
139 359 419 1045 1089 1287
140 831
141 166 790 1284 1286
142 363 497 620 865 1026
143 248 406 447 1321
144 371 1095 1155 1374
145 1027 1092 1338 1394
146 768 951 1215 1361 1396
147 347 472 687 1019 1117 1217
148 153 768 951 1215
149 706 724 1104 1130 1332 1352
150 501 1175
151 187 278 290 309
152 225 1120 1151
153 686 962 1126 1215
154 205
155 703
156 344 612 915 1017
157 252 507 800 981 1323
158 792 820 863 1168
159
160 559
161 483 485 704
162 987 1131
163 815 1046
164 734 793 1417 1420
165 585 698 1031 1208
166 237 391 790 1284 1286
167 824 1091
168 182 1307
169 189 490 783 803
170 224 230 773 1040 1136 1293
171 396 881
172 243 721 767 909 1166
173 323 603 1115
174 1155 1200
175 699 935 1282
176 421 530 1190 1391 1424
177 443 504 679 854 1266
178 578 655 926 1150 1228 1331 1351
179 296 524 711
180 202 456 556 1065 1281
181 207 534 1122
182 608 1307 1423
183 202 377 1281
184 646 824 1004
185 214 506 1107 1114
186 338 1055 1163 1170
187 278 290 309 1346
188 297 783
189 452 803
190 301 850
191 192 708
192 610
193
194 320 710
195 411 609 940 1208
196 632 878 934 1082 1306
197 584 1020 1119 1182 1400
198 255 1131 1257 1337
199 392
200 469 976
201 414 626 950
202 456 556 743 1281
203 272 461 624 720 1107
204 513 595 1120 1234
205 1100
206 242 420 627 849 1109
207 534 1122
208 762 1396
209 1145 1181
210 644 1379
211 247 389 467 529 806
212 393 520 1169 1220 1260 1371 1402
213 280 647 694
214 297 444 506 601 1211
215 339 502 518 752 918 936 1205 1288
216 438 1319
217 516 988
218 473 977 1314
219 273 974 1153 1364
220 546 620 622 635 985 1007 1096 1108 1276 1395
221 561 688 1312
222 1237
223 305 316 398 1083 1106 1141 1226 1255
224 401 675 773 953 1040 1136 1293
225 513 1151
226 307 343 369 582 689 822 1062 1240
227 494 613 814 1148 1341
228 364 735 758 813 1282 1296 1429
229 312 375 1037
230 238 773 1136 1198
231 245 653 782 1037 1142 1192
232 450 488 553 887 1063 1084 1097 1271
233 236 463 755 1010
234 313 574 779 1047 1277
235 278 416 552
236 250 463 849 1010
237 391 464 790 1284
238 373 709 716 737 773 838 1136 1216
239
240 298 438 1007
241 491 748 872 945 947 1069 1139 1195
242 420 627 1109
243 295 721 909 1038
244 696 996 1235
245 266 653 782 1037 1142 1192
246 1221 1277
247 1342
248 1270
249 535 756 828
250 463 849 1080 1383
251 868
252 665 800 952 1323
253 649 979 1393 1421
254 549 903 1033 1119 1249 1400
255 1257 1337
256 856 1043 1427
257 1248
258 286 565 875 931 1309
259 672 677 980
260 291 334 569 645 668 1079
261 518 563 721 955 1156 1288 1344
262 647 694
263 654 1121 1222
264 859 1186 1264 1408
265 325 809 1428
266 678 782 1142 1192
267 394
268
269 759 1035
270 397 656 1112 1242
271 351 449 498 577
272 461 624 720 1107 1114
273 343 369 582 974
274 445 660 729 997 999 1014 1124
275
276 360 433 883 1090 1265
277 710 1073
278 416 1346 1413
279 337 676 751 866
280 733 877
281 597 1418
282 680 1295
283 349 367 478 705 1105
284 356 772 993
285 660 699 729 999 1076
286 479 565 875 931
287 963 1244
288 539 609 692
289 548 754
290 309 462
291 334 569 645 668 1079
292 317 470
293 990 1335
294 379 451 1025 1348
295 767 909 1038
296 524 711
297 601
298 438 1315 1318
299 337 399 676 778 1167 1256
300 509 544 727 885 1058 1094
301 850
302 555 666 1013 1089
303 598 618 1028 1078 1221
304 1052 1299
305 1083 1106 1141 1405
306 324 789 900
307 369 689 822 1027 1240
308 473 497 622 635 977
309
310 923 975 1386
311 486 493 525 583 1268 1283
312 375
313 740 1047
314 596 991 1180
315 611 723 828
316 398 926 1132 1141 1226
317 458 1137
318 927 1146
319 366 509 637 638 1213
320 1185
321 345 829 1005 1029
322 403 1032 1171 1365
323 571 603 781 1115 1241 1269
324 531 900
325 809
326 527 531 789
327 673 794 920
328 907 921 967 1162
329
330 1330
331 375 898
332 419 605 1045
333 562 1049 1245
334 668 894
335 385 543 971 1085 1378
336 1196
337 676 751 778
338 404 1170 1356
339 752 918 936 1205 1288
340 628 638 912 1042 1407
341 823 1262
342 460 495 1270
343 369 499 582 1152 1364
344 1017
345 852 1005 1355
346 700
347 472 687 1019 1117 1217 1261
348 424 1158 1283
349 657 705 1105
350 1042 1407
351 449 498 591 819 857 1358
352 538 1183 1189 1291 1313 1334
353 619 683 726 797 830 1367
354 1270
355 897 913 978 1251
356 772 835 993
357 874 1303
358 462 599 745 1366
359 388 419 1287
360 433 723 1202 1265 1385
361 579 1147 1374
362 655 670
363 1026
364 735 813 1243 1296 1429
365 775 949
366 509 637 638 761 1213
367 478 564 607 636 669 1105 1363
368 868 933 1161 1304
369 582 689 822 1240
370 1427
371 1095 1374
372 741 1103 1278
373 716 737 816 838 1216
374 574 779 1297
375 898
376 489 742 855 874 896
377 519 522 839 1281
378 631 1113 1248
379 1348
380 466 728 937 959
381 508 537 765
382 786 837 1071
383 727 932 973
384 1006 1028 1221
385 543 971 1085 1359 1378
386 533
387 701 864 946 982 1125 1421 1423
388 419 605 894
389 405 529 806
390 539 692 1410
391 790 1284
392 1175
393 1220 1260 1371
394 870
395 556 731 829 984 1065 1411
396 475 1009 1272
397 656 1399
398 1106 1141 1255
399 778 827 1167 1256
400 882
401 1040 1293
402 860 1128
403 1032 1171 1277 1365
404 1170
405 529 793 806
406 447 633 1321
407 619 684 830 1232 1327 1367
408 415 424 441
409 442 695 878 1041 1254
410 853 1024 1029
411 604 940 1208
412 660 999 1076
413 1068 1172 1415
414 1165
415 441
416 552 1298 1346 1413
417 480 858 933 1219 1304
418 593 626 717 950 1123
419 605 1045
420 755 1339
421 530 1190 1391
422 1088 1140 1165
423 465
424 441 1283
425 437 474 684 1173 1247 1340
426
427
428 750 845 869 986 1093
429 714 725
430 685 948
431 554 712 938 959
432 1052 1259 1302 1317
433 611 723 1202 1265
434 1359
435 550 860 1414
436 503 833 861 911 1138 1308
437 684 1173 1340
438
439 1010
440 713 1184 1390
441
442 695 1041 1254
443 679 1047 1129 1266
444 601 1211
445 660 729 997 1014 1061 1124 1164
446 722 983 1036 1187
447 633 1321
448 521 633 944 1311
449 819 857 1358
450 488 626 887 1271
451 1025
452 663 803 1368
453 1078 1221
454 1191
455 832 1188 1237 1261
456 743 812 1281
457
458 1102
459 579 1147 1345
460 495
461 624 720 1328
462 599
463 849 1010
464 1044
465 939
466 959 1225
467 1369
468 701 982 1125 1345
469 976
470 1193
471 543 610 846 910 1378 1430
472 687 1019 1117 1261
473 906 977 1314
474 714 948 1173 1247
475 825 1009 1272
476 732 807 1144 1296
477 534 1187 1203
478 521 564 607 944 1311 1363
479 753 841 1403
480 858 933 1219 1304
481 586 865 1126
482 533 636
483 485
484 491 757 1238
485 704
486 493 525 583 1268 1283
487 719 913 992 1225 1297
488 553 887 1063 1084 1097 1271
489 627 855 896 1109
490 783
491 757 945 1069 1139 1195 1238
492 784 1033 1360
493 525 583 1268 1283
494 814 901 1148 1313
495 1270
496 990
497 620 622 635 1276
498 557 591 857 892
499 582 1152
500 750 845 986 1412
501
502 736 918 1372
503 791 1021 1133 1138 1294 1308
504 854 1267
505 512 879 1267
506 601 818
507 981
508 537 735 765 807 1144
509 637 727 932 973 1058
510 602 625 941
511 781 965 1115 1178
512
513 1191
514 594 796 1354
515 641
516 988
517
518 563 918 955 1288 1344
519 522 774 1212 1281
520 1402
521 607 633 944 1311
522 774 839 1416
523 547 961 969
524
525 583 1003 1268 1389
526 688
527 531 789
528 820 840 886 1077 1168 1316
529 793 806
530 1190 1391 1424
531
532 776 949
533 636 1070 1363
534 657 690 1012
535 756 828
536 1182 1322
537 765 1144
538 1189 1246 1291
539 609 692 698 1357
540 589 1039 1165
541 1224
542 567 615 882 966 1375
543 1359 1378
544 885 1058 1094
545 611 723 1202 1385
546 586 620 622 865 1096 1108 1276 1395
547 961 969
548 754
549 1033 1249 1406
550 1098 1414
551 694 771
552 575
553 876 1063 1084 1097
554 938
555 666 1089
556 725 1065
557 871 892 945 947 1195
558 1081 1135
559 623
560 1289
561 688 786 1312
562
563 581 721 955 1156 1288
564 669 1070 1104 1363
565 875 931 1309
566 572 818 916
567 615 882 966 1375
568 592 925 1292 1349
569 668 1079 1264
570 652
571 785 1190 1241 1269
572
573 798
574 779 1032 1171
575 639 1075 1236
576 1050 1181 1201 1207
577 595 1120 1234
578 818 916 1051 1150 1228 1331 1351
579 1147
580 1011 1386
581 678 721 804 920 955 1156
582 1152 1364
583 1268
584 903 1119
585 1031 1208
586 865 1096
587 706 1352
588
589 1039 1165
590 891
591 857 892 1336
592 925 994 998 1292
593 626 717 950 1123
594 697 1176 1354
595 1234
596
597 1418
598 618 1078 1299 1317
599 745 1366
600 761 780
601
602 625 941
603 781 844 1115
604 940
605 645 894
606 648
607 636 944 1311 1363
608 864 1113 1307 1423
609 698
610 703 846 880 910
611 723 828
612 915
613 1030 1148 1341
614
615 966 1023 1375
616 1360
617 661 722 1300 1350
618 1078
619 683 830 904 1232 1327 1367
620 622 635 865 1108 1276
621 792 863 1209
622 635 1007 1108 1276 1395
623
624 720 1107 1114 1328
625 887 941 1271
626 717 950 1123
627 1109
628 912 1058
629 921 1162
630 1367
631 1202
632 878 1306
633 1311
634 1062 1152
635 1108 1276 1395
636 1070 1363
637 638 761 780 1213
638 1213 1329
639 1075 1236
640 1179
641
642 958
643 1146
644 1379 1397
645 668 1079
646 824
647 675 694 799 953 1067
648 1224
649 979 1393 1421
650 1060
651 930
652
653 1000 1072 1324
654 1121
655 926 1150
656 1112 1218 1242 1399
657 690 1012
658 833 911 1280 1405
659 674 1043 1099
660 729 999 1014
661 1300 1350
662
663 1066 1368
664 681 708 910 1430
665 859 952 1323
666
667 1034 1181
668 1079
669 1070 1104 1105 1130 1332
670 1255
671 680 995 1134 1301 1426
672 677 738 980 1057
673 794 920
674 1043 1099
675 709 799 953 1067 1136 1293
676 751 778 866
677 980 1016
678 920
679 736 1129 1372
680 995 1134 1301 1426
681 910 1359 1430
682 1206
683 726 797 830 1367
684 1173 1232 1247 1327
685 948
686 962 1215
687 1019 1117 1261
688 1312
689 822 1027 1062 1240
690 707 1012
691 1199
692 1357
693
694
695 878 1041 1254
696 996 1235
697 796 1275 1354
698 1031
699 1076
700 808
701 982 1125 1345
702 862 873 1074 1388
703 846 880
704
705 1105 1203
706 724 763
707 1012
708
709 716 773 799 816 1136
710 1073
711 914 919 1258
712 938
713 805 1002 1184 1390
714
715 834 1303
716 737 773 816 838
717 950 1123 1394
718 1143 1174
719 937 992 1038 1225
720 1328
721 1156
722 744 983 1239 1292
723 1202 1385
724 763 1130 1332 1352
725 1065
726 797 830 1367
727 885 932 973 1058 1094
728 937 1214
729 997 1014 1124
730
731 829 984 1411
732 807 1144 1296
733 877
734 1080 1383 1417 1420
735 807 813 1243 1296 1429
736 1129 1372
737 838 1216
738 980 1057
739 960 1006 1259
740
741 826 896 1103
742 855 874 896
743 1281
744 1036 1239
745 1366
746 876 972 1169 1371
747
748 872 947 1069 1139 1195
749 1406
750 845 986 1093 1412
751 778 866
752 836 1205 1288
753 841 1403
754
755 1339
756 828
757 1238
758 813 908 1118 1282 1429
759 835 1035
760 770 906 961 969
761 780 1213
762 1396
763 956
764
765
766 870 893
767 909 1166
768 951 1215 1361
769 775 776 949 1015 1054 1320
770 906 961 969
771 1289
772 835 993 1326
773 1136
774 1212 1281
775 776 949 1054
776 949 1015 1054
777 881
778 1167 1256
779 1171 1277
780 1223
781 844 1115
782 1037 1142 1192
783
784 1033 1360 1406
785 1178 1190 1241 1269
786 837
787 914 919 964
788 835 1362
789 900 1100
790 1284 1286
791 1021 1133 1160 1294
792 863 1209
793
794 920
795 890 1011
796 1275 1354
797
798 873 939
799 953 1067 1136
800
801 855 907 967
802 816 952
803 1368
804 836 920
805 1002 1092 1184 1338 1394
806
807 813 1144 1296
808 942 1086
809 1428
810 817 986 1053 1412
811
812
813 1282 1296 1429
814
815 1046 1316 1343
816 838
817 1230
818 916 1228 1351
819 1358
820 840 1168 1343
821 956
822 1027 1062 1240
823 1262
824 1091
825 1009 1103
826 902 1278
827 1167
828
829 984 1193 1411
830 1232 1327 1367
831
832 1163 1188 1237
833 911 1138 1308 1347
834 1303
835
836 920
837 1071
838 1216
839 1048
840 1077 1168
841 1403
842
843 996 1161 1235 1263
844 1115
845 986 1093 1412
846 880 1022
847 1191
848 1214
849
850
851 883 1090 1263 1384
852 1024 1355
853 1024
854 879 1266 1267
855
856 1043
857 924 1336 1358
858 933 1219 1307
859 1186 1323 1408
860 1128
861 1280
862 1074 1388
863
864 946 1113 1423
865 1096
866
867 1071 1362
868 1304
869 971 1085 1093
870 893
871 892 945 1195
872 947 1069 1139 1195
873 939 1388
874 896
875 931 1309
876 972 1180
877
878 1254 1306 1369
879 1267
880
881
882 1375
883 1090 1263 1384
884
885 1058 1094 1353
886 989 1077 1157 1279 1357
887 1084 1271
888 1227
889 936 1205
890 1011
891 1249
892 945 1195
893
894
895 1075 1154 1236 1298 1376 1413
896
897 913 978 1251 1401
898
899
900
901 1291 1313
902 1278 1339
903 1033 1119 1400
904 922 1327
905 1055
906
907 967 1320
908
909 1166
910 1430
911 1138 1308 1347
912 1042 1407
913 978 1251 1297
914 919 964 1258
915
916 1051 1331
917
918 1288 1372
919 964
920
921 1162
922 1201 1207
923 975 1199 1386
924 1336 1358
925 994 998 1292
926 1141 1150
927
928
929 1179
930 1009
931 1309
932 973 1223
933 1219
934 1082
935 1282
936 1205
937 1038 1214
938 959
939
940
941 1088
942 958
943 947
944 1311
945 947 1069 1139 1195
946 1125 1423
947 1069 1139 1195
948
949 1054 1127
950 1123
951 1215
952
953 1067 1136 1293
954 1302
955 1156 1288
956
957 1110
958 1197
959 992 1225
960 1006 1259 1365
961 969
962 1126 1215
963 1419
964
965 1178 1204
966 1023 1185 1375
967 1162
968 1333
969
970 1050 1053 1207 1230
971 1085
972 1169 1371 1402
973 1223
974
975 1199 1386
976
977 1314
978 1251 1344
979 1393
980 1016 1057
981
982 1125 1345
983 1036 1239
984 1193 1411
985 1007 1108 1395
986 1412
987 1046
988 1098
989 1077 1157 1279
990 1417
991 1180
992 1225
993
994 998 1292
995 1000 1072 1134 1301 1426
996 1161 1235
997 1014 1061 1124
998
999 1076
1000 1072 1301
1001
1002 1092 1179 1184 1338 1390
1003 1389
1004 1387
1005 1029
1006 1028 1259 1317
1007 1108 1276 1395
1008 1218 1295 1305
1009
1010
1011
1012
1013 1089 1159 1177 1409
1014 1061 1124 1164
1015 1054 1320 1342
1016 1053 1057
1017
1018 1064
1019 1117 1217 1261
1020 1119 1400
1021 1133 1138 1294 1308
1022 1285
1023 1375
1024 1029
1025
1026
1027 1092 1338
1028 1221
1029
1030 1341
1031 1208
1032 1171 1365
1033 1249 1360 1406
1034
1035
1036 1239
1037 1142 1192
1038
1039
1040 1293
1041 1254
1042 1407
1043
1044 1101
1045
1046
1047
1048
1049 1194 1245
1050 1181 1201 1230
1051 1258 1331
1052 1299
1053
1054 1320 1342
1055 1356
1056
1057
1058 1094
1059 1194 1370
1060 1404
1061 1079 1124 1164
1062 1152 1240
1063 1084 1097 1271
1064 1322
1065
1066 1100
1067
1068
1069 1139 1195 1238
1070 1104 1332 1363
1071 1362
1072 1134 1301 1324
1073
1074
1075 1154 1236 1376
1076
1077 1279
1078 1221
1079 1164
1080 1383
1081 1135
1082
1083 1106 1405
1084 1097 1271
1085
1086
1087 1330
1088 1140
1089 1159 1287 1409
1090
1091
1092 1338 1394
1093
1094 1353
1095 1374
1096 1108 1276
1097
1098 1414
1099 1157
1100
1101
1102
1103
1104 1130 1332 1352
1105
1106 1405
1107 1114
1108 1276 1395
1109
1110 1325
1111
1112 1218 1242 1305 1399
1113 1307
1114 1228 1328
1115 1241
1116
1117 1382
1118 1429
1119 1400
1120 1151
1121
1122 1325
1123
1124 1164
1125 1345 1421 1423
1126
1127
1128 1190
1129 1372
1130 1332 1352
1131 1373
1132 1226 1347
1133 1160 1294
1134 1301 1377
1135 1407
1136
1137
1138 1308
1139 1195
1140
1141 1226
1142 1192
1143 1174
1144
1145
1146
1147
1148 1341
1149
1150 1228 1351
1151
1152
1153 1364
1154 1298 1376 1413
1155
1156
1157 1279 1357
1158 1283
1159 1177 1206 1287 1409
1160 1294
1161 1235 1263 1384
1162
1163 1188 1379 1397
1164
1165
1166
1167 1256
1168 1250
1169 1220 1260 1371 1402
1170 1356
1171 1277
1172 1415
1173 1340
1174
1175
1176 1354 1375
1177 1206 1409
1178 1204 1424
1179
1180
1181
1182 1322
1183 1189 1211 1334
1184 1338 1390
1185
1186 1264 1408
1187 1203 1300
1188 1379
1189 1334
1190 1391
1191
1192
1193 1411
1194 1245 1370
1195 1238
1196
1197
1198
1199 1386
1200
1201 1207
1202 1265 1385
1203 1300
1204 1424
1205
1206 1409
1207
1208
1209 1431
1210
1211 1334
1212 1281
1213 1329
1214
1215
1216
1217
1218 1242 1295 1305
1219
1220 1260 1371 1402
1221
1222
1223
1224
1225
1226 1347
1227
1228 1331 1351
1229
1230
1231 1244
1232 1327 1367
1233 1337 1373
1234
1235
1236 1376
1237 1261
1238
1239
1240
1241 1269
1242 1305 1399
1243
1244
1245
1246
1247 1327
1248
1249
1250
1251 1401
1252 1416
1253 1404
1254
1255
1256
1257 1337
1258 1331
1259 1317
1260 1371
1261
1262 1273
1263 1384
1264 1408
1265
1266
1267
1268 1389
1269
1270
1271
1272
1273 1422
1274
1275
1276 1395
1277
1278
1279
1280
1281
1282 1296
1283
1284 1286
1285 1378
1286
1287 1409
1288
1289
1290
1291 1313 1334
1292
1293
1294
1295
1296
1297
1298 1346 1413
1299 1317
1300
1301 1377 1426
1302 1419
1303
1304
1305 1319
1306
1307
1308
1309 1425
1310
1311
1312
1313
1314
1315
1316 1343
1317
1318
1319
1320
1321
1322
1323 1408
1324
1325
1326
1327
1328
1329 1431
1330
1331 1351
1332 1352
1333
1334
1335
1336
1337 1373
1338 1394
1339
1340
1341
1342
1343
1344
1345 1421
1346 1413
1347
1348
1349
1350
1351
1352
1353 1392
1354
1355
1356
1357
1358
1359 1378 1430
1360
1361
1362
1363
1364
1365
1366
1367
1368
1369
1370
1371 1402
1372
1373
1374
1375
1376
1377
1378
1379 1397
1380 1398
1381 1392
1382 1426
1383
1384
1385
1386
1387
1388
1389
1390
1391
1392
1393
1394
1395
1396
1397
1398
1399
1400
1401
1402
1403
1404
1405
1406
1407
1408
1409
1410
1411
1412
1413
1414
1415
1416
1417 1420
1418
1419
1420
1421
1422
1423
1424
1425
1426
1427
1428
1429
1430
1431
