#/opt/homebrew/Caskroom/miniconda/base/envs/hack25/lib/python3.12/site-packages/ipykernel_launcher.py --f=/Users/jpinney/Library/Jupyter/runtime/kernel-v352576b36ed274793969b57d69d8306c9df606370.json
# GMT Sun Jul 20 12:27:20 2025
# 
0 1 2 5 7 8 9 11 13 14 15 16 23 27 54 65 73 84 98 103 108 123 131 135 137 138 140 165 169 185 191 193 198 204 205 210 223 237 255 261 303 320 343 344 346 356 394 395 411 417 446 448 459 463 469 495 501 508
1 3 24 34 70 166 247 453
2 20 363
3 4 29 61 130 183 201 244 253 336 425 450 496
4
5 6 10 12 26 30 35 37 45 55 57 58 59 75 96 113 124 127 160 173 184 199 217 239 252 256 300 374 413 445 456 486 526 528
6
7 25 347 438
8
9 17 28 40 43 49 53 67 176 322 345 381 387 408
10 447
11 22 31 36 39 80 102 111 128 141 180 186 195 299 331 520 532
12 112 174 270 396 421 504
13 18 257 481
14 85 93 109 170 181 231 325 327 422 462 467 517
15
16 38 44 62 262 348
17 19 32 42 139 146 153 175 178 196 202 214 245 281 312 337 383 436 522
18 81 154 189 376 488
19 66 367 404 465
20 21 56 389 390 451 464
21 72 79 97 142 144 152 172 212 249 251 268 288 313 326 357 386 403 460 489 515 518
22
23 33 104 158 259
24
25 63 69 110 129 147 156 188 241 258 265 278 315 329 362 375 427 502
26 143 182 226 234 292 435
27 47 273 407
28
29
30 76 77 134 190 194
31
32 52 350 524
33 207 355 415
34 264
35 48 405
36 116
37 46 64 177 339 341 352 452 519
38 41 71 187 248 314 419
39 100 267
40
41 117
42 126
43
44
45
46 282 428
47 51 74 82 89 91 121 211 232 235 266 280 296 372 384
48 50 60 221 306 379 432
49
50 87 305
51
52 391
53
54 443
55 90
56 283
57 83 95 105 360 418
58 309 487
59
60
61
62 118
63 148
64 68
65 192 410 430 490 497
66 88 99 132 133 163 171 208 274 294 319 324 397 402 474
67 78
68 107 155 382 440
69 101 275
70
71
72
73
74 86
75 115 151 197 426
76
77
78
79 168 213 284
80
81 371
82 472 484
83 122 307
84 457
85 179 254 373
86 114 149 161 209 230 398 442 492 494
87
88 94 119
89 368
90 220 483
91 92
92
93 167 431 466
94 269
95 318
96 499
97 120 412 444 493
98
99 136 291 424
100 106 293 302
101
102
103
104
105
106 468 473
107 206 317 523
108
109 159 164 236 359 401
110 219
111
112 454
113
114 308
115
116 125
117
118
119
120 228
121 200 260 310 333 340 353
122 276
123
124 229
125
126
127
128
129 439
130 388
131 150 238 289 516
132
133
134
135
136
137
138
139 157
140 145 162 222 286
141
142 272 393
143 328
144
145 240 271
146 332 358
147 365
148
149 416 503
150 471
151
152
153 476
154
155 323
156
157
158
159 321
160 512
161
162 409
163
164
165
166
167
168 227
169 216 290
170 295
171
172
173
174
175 338 500 531
176 279
177
178
179
180
181 233
182
183
184
185
186
187
188 203 225
189
190 480
191
192 298 330 533
193 218 285 399
194
195
196 215 243 246 455 478 491
197
198
199
200
201
202 400
203 354
204 429
205
206
207
208
209
210
211 277
212
213 242
214
215 475
216 505
217
218
219 334
220
221 316 335
222
223 224 506
224
225
226 366 377 449
227
228
229
230
231
232
233
234
235
236
237 378
238 301
239
240
241 263 287 414
242
243
244
245
246 250
247
248
249
250
251
252
253 304
254
255 369 509 525
256 420
257
258
259 461
260
261
262 351
263
264
265 311
266
267
268
269
270
271
272
273
274 297
275
276
277
278
279
280
281
282
283
284
285
286
287
288
289
290
291
292
293
294
295
296 406
297
298
299
300
301
302 485
303 529
304
305
306
307
308
309
310
311
312
313 370 423 434
314
315 514
316
317
318 441
319 498
320
321 364 513
322
323
324 458
325
326 342
327
328
329
330
331
332
333 349 361 479 507
334
335
336
337
338
339
340
341
342
343
344
345
346
347
348
349 437
350
351
352
353
354
355 511
356
357
358
359
360
361
362 385
363 380
364
365
366
367
368 470
369
370
371
372
373
374
375
376
377
378
379 433
380
381
382
383
384
385
386
387
388
389 477 530
390
391 392
392
393
394
395
396
397
398
399
400
401
402
403 510
404
405
406
407
408
409
410
411
412
413
414
415
416
417
418
419
420
421
422
423
424
425
426
427
428
429
430
431
432
433
434
435
436
437
438
439
440
441
442
443
444
445
446
447
448
449
450
451
452
453
454
455
456
457
458
459
460
461
462
463
464
465
466
467
468
469
470
471
472
473
474 482
475
476
477
478 527
479
480
481
482
483
484
485
486
487
488
489
490
491
492
493
494
495
496
497
498
499
500
501
502
503
504
505
506
507
508 521
509
510
511
512
513
514
515
516
517
518
519
520
521
522
523
524
525
526
527
528
529
530
531
532
533
