#/opt/homebrew/Caskroom/miniconda/base/envs/hack25/lib/python3.12/site-packages/ipykernel_launcher.py --f=/Users/jpinney/Library/Jupyter/runtime/kernel-v352576b36ed274793969b57d69d8306c9df606370.json
# GMT Sun Jul 20 12:27:20 2025
# 
0 1 3 5 6 8 10 23 33 34 36 37 41 43 50 53 54 56 60 68 69 71 73 81 91 102 110 116 135 144 155 170 188 197 224 233 255 261 321 327 369 395 482 510 515 524 532 547 571 669 672 746 748 767 798 801 864 909 946 969 997 1035 1067 1100 1147 1154 1336 1376 1447 1451 1502 1563 1570 1571 1628 1655 1690 1784 1794 1810 1829 1838 1846 1895 1957 2001 2139 2162 2210 2345 2545 2607 2616 2659 2700 2701 2724 2897 2970 2974 3031 3058 3149 3249 3267 3331 3400 3570 3579 3751 3768 3802 3851 3907
1 2 4 7 14 16 47 64 92 145 167 198 208 284 475 481 509 525 728 802 895 1086 1091 1099 1123 1225 1315 1532 1556 2054 2104 2677 3027 3127 3165 3425 3518 3564
2 52 1335 1611 2125
3 20 25 27 28 55 65 70 75 84 86 89 93 96 120 123 137 140 163 226 243 246 260 272 309 344 363 409 416 420 434 438 506 578 593 605 677 794 799 839 952 1157 1240 1264 1286 1303 1337 1431 1476 1596 1676 1687 1707 1789 1792 1848 1862 1891 1900 1909 1958 2198 2203 2369 2376 2384 2442 2498 2552 2660 2687 2738 2771 2779 3069 3142 3281 3437 3446 3613 3760 3819
4 17 21 61 82 151 161 292 333 348 410 526 743 814 977 1012 1077 1369 1472 1648 1681 1727 2082 2138 2238 2274 2678 2683 2830 2834 3006 3022 3221 3357 3706
5 13 15 32 58 97 99 111 162 164 182 219 385 487 520 595 609 624 795 812 934 937 1127 1188 1246 1706 1714 1987 1997 2233 2310 2320 2395 2535 2721 2782 3179 3255 3776 3829
6 12 19 22 24 59 90 154 201 202 206 214 217 221 249 302 376 391 507 563 567 621 629 650 670 727 782 987 1045 1057 1136 1137 1152 1191 1203 1263 1280 1306 1323 1330 1332 1470 1719 1738 1799 1804 1865 1995 2079 2134 2176 2360 2497 2559 2580 2778 2916 3037 3093 3294 3463 3493 3567 3586 3737 3745 3831 3850 3877
7 9 26 35 45 48 83 142 150 190 273 304 364 486 550 711 738 745 785 900 930 933 982 1252 1474 1547 1928 2141 2172 2206 2254 2256 2597 2612 2942 2979 3004 3023 3435 3440 3625 3792 3889
8
9 11 303 429 534 583
10 160 199 446 990 1395 2136 2192 2401 2628 3372
11 30 40 191 285 637 1531 1869 2290 2519 2910 2972 3026 3202 3607
12
13 38 87 257 275 281 328 365 517 529 570 737 774 905 1014 1065 1309 1358 1384 1478 1631 1771 2023 2219 2269 2549 2965 3299 3655 3665 3673 3701 3753 3882 3894
14 212 649 698 1117 1542
15 57 115 251 627 1032 1092 1603 2084 2386 2499 2529 2605 2623 2817 3785
16 18 31 51 311 459 512 1393 2056 3222
17
18 76 136 186 320 332 1146 1519 2652 3175 3653
19 300 310 360 533 889 1015 1258 1544 1734 1743 2672 2918 2921 3091
20 2723
21 172 210 455 816
22 78 130 173 340 453 1224 1539 1705 1849 2257 2312 2338 2350 2996 3854
23 132 189 1889
24 176 253 813 854 1132 1689 2885 3453 3827
25 29 39 49 127 183 225 412 761 915 1436 2547 3041 3439 3898
26 277 1108 1773 2346 3190 3339
27 66 88 413 1120
28
29 118 166 796 1074 1435
30 267 902 1872 1914 2293
31 72 174 545 1049 1087 1870 2171 3005 3741
32 44 67 181 313 472 538 739 1538 1545 2062 2063 2263 3132 3196 3529 3848
33 106 133 193 215 433 633 888 988 1387 1665 1741 2145 2191 2378 2712 2944 3178 3262
34 101 234 262 663 948 1523 1876 1953 2026 2719 3476
35 196 238 247 423 468 597 676 780 1139 1291 1581 2205 2428 2815 3537
36 46 62 368 382 493 837 2267 2511 2731 3232 3682
37 904 1362
38 139 236 995 1300 1311 3089
39 63 80 119 131 294 338 424 449 591 641 823 923 1460 1555 1561 1844 2096 2163 2251 2493
40 297 647 1037 2266
41 42 619
42
43 203 386 414 608 638 644 958 1006 2831 3268 3715
44 124 175 417 792 830 970 1004 1155 1642 1861
45 138 195 276 439 775 820 1251 1304 1487 1815 2430 2708 2787 2966
46 105 315 699 1126 1449 1625 3025 3861
47 184 322 442 519 697 779 966 1141 1618 3217
48 77 342 2270 2854 3046
49 74 1499
50 634 1379 1843 2175 2292 2335
51 79 194 337 890 1238 1386 1520 1639 1908 2110 2152 2189 2337 2695 2893 2939 2951 3097 3843
52
53 947
54 200
55 714 1017 3605
56 218 357 428 687 809 1061 1360 1541 2319 3271 3608 3814
57 125 152 241 282 380 461 527 655 983 1241 2294 3661
58 98 129 159 187 1262 1962 2717
59 85 250 266 296 692 842 880 1533 1686 1842 2111 2262 2307
60 109 126 456 662 964 1685 2003 2500 3014 3510
61
62 171
63 3055
64 244 323 421 652 684 747 3782
65 104 122 168 279 381 742 784 906 959 1268 1751 1803 3274
66 107 180 541 749 1437 1717 2470 2983
67 153 271 307 531 962 996 1013 1260 2596 2927 2971 3460 3477
68
69 656 786 3840
70 268 559 703 715 861 975 1048 1212 1913 2411 3265 3309 3465
71 2575
72 1297 1327 2530
73 94 108 128 147 185 227 228 336 399 530 540 756 1233 1494 1610 1613 1944 2055 2374 2429 2608 2821 2825 2964 3402
74 117 361 1363
75 245 349 375 504 834 2494
76
77 444 569 722 862 1290 2248 2987 3047 3495 3641 3798
78 148 402 617 1787 2541
79 535 2702
80 158 179 358 485 639 920 1029 2296 3343 3384
81 165 229 1672 1790 1852 2213 3789
82 601 1008 3540 3712
83 100 759 860 1113 1216 1646 1759 2641 2988 3028
84 494 1910 3441 3771
85 134 408 960 984 1173 1385 1408 1432 1461 1761 2639
86 178 2634 2679 3104
87 114 733 833 1244 1417 1598 2469 2730 3651
88 926 3700
89 112 207 286 612 1220 2760 2811 3650
90 230 231 967 1723 1875 3020 3875
91 113 696 843 1044 1733 2029 2571 3895
92 254 345 604 700 943 957 2562 3085
93 95 298 343 490 1277 1758 2130 2532 2759 2941
94 149 1030
95
96
97 1673 2426
98
99 465 819
100 390 760 2106 3432
101 103 157 398 556 872 1019 1316 1501 1782 2011 3750
102 121 537 2625 3245
103 242 499 1162
104
105
106 2229
107
108
109 642 1439 1477 1752 2074 3330
110 491
111 379 851 1453 2425
112
113 404 588 1827
114 256 432 883 961 1650 2289 2655 3168
115
116 1042 1975 2554
117 383 1742 2326
118 213 2620 3171
119 223 452 552 680 1548 2525
120 810 1670 2531
121
122 269 366 557 579 721 1118 1722 1850 2280 2380
123 141 362 1791 3908
124
125 768 3862
126 1125 1296
127
128 594 1729 1915
129 598 599 635 1190 1397 1735 2402 3130
130 280 1817 2006 2568 3424
131 287
132 334 600 778 1725
133 1754 2212 3337 3643
134 216 1164
135 2675 2849 3436 3492 3670
136
137 501 867 918 932 1107 1163 1194 1343 1430 1813 2030 2432 2551 3119 3438
138 502 1956
139
140 1351 2536
141 143 240 648 653 732 855 991 1247 1404 1480 1692 1867 2260 2522 2587 2624 2843
142 146 356 457 513 616 3349
143 211 658
144 156 204 274 353 377 503 682 1064 1569 1948 1964 2049 2098 2180 2443 2501 2539 2663 2904 3173 3619 3797 3801
145
146 1151 1823 2769
147 2962 3318
148 374 460 973 1255 1607 2020 2199 2482
149
150 169 237 350 678 725 835 893 1271 1441 2245 2372 2405 3378
151 723 1325 1350 1382 2073 2083 3347
152 422 1301 1468 2989 3066 3485
153 317 1140 3292 3887
154 562 693
155 596 2017
156 205 924 2653 3718 3757
157
158 488
159 479
160 248 544 587 701 764 1275 1324 1446 1496 1775 1882 1893 2945 3147 3541 3830
161
162
163 418 1471 2204
164 192 566 1912 3234
165 1482
166
167
168
169 392 3297
170 2301
171 1796
172 319 359 631 665 863 1066 1095 1176 1580 1927 2589 2798 3398 3800 3828
173
174 177 536 821 1693 2155 2453 3702
175 1486 2035 3847
176 278 2392 3332
177 451 1515 3172
178
179
180
181 293 666 744 1500 2014 2232 2690
182
183 873 1748 2486 2895 3509
184 400 1227 1506 1749 2427 2505 3125 3430 3838
185 347 643 1007 1060 1177 2303 2773 3352 3885
186
187 270
188
189 1851
190 885
191 500 574 868 1153 1597 1599 1691 1881 2278 3301 3562 3844
192 865
193 3240
194 209 308 539 998 1050 2236 3239
195 3488
196
197
198 718 735 825 1256 1312 1339 1557 2010 3734
199 1697 2336 2674 3423
200
201 252 264 283 505 870 1001 1234 1416 2209 3159
202 232 766 1621 2417
203 235 291 1535 1616 2743 3133 3220
204 844 992 2156
205 220 430 1898 1961
206 1305
207 299 316 549 1046 1228 1511 3379 3839
208 441 543 586 927 1464
209 222 239 335 371 384 436 628 688 772 874 985 1334 1826 2072 2112 2488 2758 3248
210 1550
211 846 1208 1623 1656 1980 2194 2851 3103 3186 3581 3809
212 329 330 685 1059 1222 1602 1970 1990 2867 2912 2934 3261
213 1016 3033
214 1090 3210 3533
215 370 466 881 1391 1757
216
217 437 440 582 606 859 1573 1922 2567 3007 3652
218
219 318 1540 1552
220 367 1104 2423
221
222
223 2321 3086 3134
224
225 397 912 2846
226 464 477 954 2455 2746 3029 3519 3906
227 301 575 763 803 1454 2090 2179 2314 2439 2570 3730
228 263 1560 2297 2416
229 483
230 999
231 289 2658
232 518 2076
233 674 1068 2398
234 259 331 584 3444
235 401 573 1389
236 463 2863
237
238 265 314 467 704 931 1413 1528 1769 2279 2644 3356
239 497
240 290 306 351 511 564 581 1259 1295 1357 1553 1992 2187 2727 3013 3543 3585 3788
241 2382 3491
242 435 1076 1801 2619 2736
243 324 528 1282 1578 1695 1888
244
245 1372
246 989 2333 3112 3622 3888
247
248
249 919
250 405 807 1878 3704
251 1863 1967 2184 2450 2720 3779
252 305 325 476 1199 1444 1620 1886 2407 2855 3344
253 561 750 849
254 258 312 346 622 683 841 857 980 1353 1549 1954 1996 2349 2764 3456 3621
255 953 1367 2467 2896
256 394 1178 1644 1702 1764 2151 2272 2733 3531
257 705 1400 1921 1999 2715 3520 3576
258 341 607 789 1003 1047 2599 2601 2943 3635 3869
259 1340 3011
260
261 1298 1505 1779
262 354
263 427 1094
264
265 407 713 832 2288
266 1195 2021 3361
267
268 373 1250 1989
269
270 1469 1991 2507
271 339 1512 2516 2633 2837
272 1172 1976 2197
273 295 2431
274
275 710 1456 2451
276 288 498 3763
277 691
278 731 875 1660 1931 2220 3030
279 770 3654
280
281
282
283 3549
284 469
285 1039 1307 1536 2316 2602
286
287
288
289 470 1529 1925
290 781 1005 2028 3259 3722
291
292
293 1567 1671 2737
294 1171 2144 2911
295 1333 3034
296
297 603 922 1165 2799 2879 3796
298 942 1033 2327
299 521 847 978 1052 1185 1678 2839 3306
300 396 939 2348
301 1025 1184
302 1568 2822 3017
303
304 355
305 431 495 1516 1590 3714 3799
306
307 2324 2585
308 1452 1986 3342
309 419 480 496 554 577 1381 2178 2583 3708
310 850 852 1211 2124 2841 3731
311
312
313 326 645 838 1082 1320 1584 1821 1945 2007 2159 2635
314 447 2956
315 590 1149 3158 3774
316 613
317 387 848
318
319 443 516 1209 2080 2697
320
321
322 1901
323 686
324 1269 1525 3327 3689
325 406 492 553 753 879 1465 2143 2222 2650 2870 3277 3515 3626
326 827 877 1793 1811 3124 3705
327 352 804 1202 1245 1822 2067 2207 2358 3341 3355
328
329 484 1445
330 1054 1348 1798 1919 1963
331 393
332
333 2621
334 1021 1276
335 979 1041 2521
336 1168
337 3604
338 1459 1766 2618
339
340 411 1180 2300
341 845 913 1344 2211
342
343 445 551 1186 1463 2287 2745 3152 3516
344 372 3386 3513
345 3272
346
347 2277
348
349
350 555
351 1124 1134 1366 1978
352 508 646 717 898 945 1009 1081 1322 1396 1401 1527 1626 1746 1756 1938 2094 2446 2460 2557 2574 2598 2643 2917 3588 3787
353 1328 1355 3632
354 1981
355 1183
356 1283 1868
357 2102 3684
358 2844
359
360 542 651 817 1347 3572
361 471 1102 1288 1770 3350
362 2081 2131 3071
363
364
365 614 706 1513 1521 1664 3514 3686
366 671 769 2902 2991
367 388 734 1858
368 986 1419 1462 1946 2169 2174 2865 2915 3042 3045 3903
369
370 389 403 592 730 2215 2772 2933 3009
371 458 1266 1380 2929
372 3805
373 378 580 1359 1443 1834
374 695 1079 1503 2129 3205 3574
375
376 2032
377 891 968 1732 2713
378 448 522 2005 2100 2827 3783
379 473 630 1326 1635 2573 3377 3412
380 548 659 1313 1614 2415 2835 3000 3307 3767
381 2456
382 974 1412 3659
383 1491
384 1026
385
386 981 1495 2550
387 1058 1466 1903
388 1239 1783 3321
389 1836 2818
390
391 1166
392 462 489 626 777 1145 1966 2230 2315 2390 2471
393 426 1221 2133 2393
394 1085 2366 2489 2614
395
396 474 869 1249 3162
397 1409
398 415
399 3736
400
401
402 1281
403
404 690 853 1135 3867
405 425 450 478 618 740 818 2513 3363 3794
406 1833 2462
407 941 1279 2356
408 896 949 1411 1624 1892 2304 3194 3273 3310
409
410 675 2465
411 1440 1638 2889 3289 3611
412 824 971 1546 2173 2906 3360 3778
413 611 886 1024 1485 1737
414 1853 2008 2848
415
416 1765 2485
417 1645 1816 2555 3214 3709
418
419
420 585 897 950 2506
421
422
423 1595
424 681
425 1709 2656 3050
426 2216
427 514 1612 1879 2281
428 790 1000 1121
429 1098 1201 1217 1711 2053
430
431 1083 2132
432 2118 3198
433 568
434 1760 2419
435 1235 2226 2770 3499
436 679 1204
437
438 806
439 454 636 2742
440
441 3584
442
443
444 811
445 1559 1805
446 558 602 1375 3333
447 523 719 938
448
449
450 2351 3512
451 589 1302 2058 2344 2982
452 702 1063 1169 1427 3354
453 1564 2399
454
455
456 3131
457
458 1509 3216
459
460
461
462
463 546 2048
464
465 3252
466 640 757 808 894 1109 1181 1196 2246 2845 3681
467
468
469
470
471
472 1747
473
474
475 858
476 1018 1020 1434
477 1170 2579 3008
478
479
480 623 625 1780 1781 2244 3200
481 1319 1730 1762
482
483 673 776 836 866 1075 1206 1442 1965 2097 3073 3319 3593
484 1114 3043
485 955 1403 1716
486 1493
487
488 576 1667 1696 2291 2688
489 752
490
491
492 771 1767 2593
493
494
495 787 928 1424 1983 2170 2273
496 668 726 1830
497
498
499
500
501
502 1223
503
504
505 1218 2317
506 911 3614
507
508
509
510
511 2922 3211
512 1043 1874
513
514 741 1101 2648
515 1371
516
517 3773
518
519 1577
520 1356 1819 2271 3084 3478
521
522 1285 1314 1806 1831
523 3857
524 956 1115
525
526
527
528 2973 3815 3837
529 840 1197 3615
530 1253 2308 2800
531
532 1392
533
534 560 1198 2164
535 1498 2894
536
537 1388 1880
538 3672
539 708 2095
540
541 660
542
543
544
545 1031 1226 1591 1942 2036 2389 2716 3403 3711 3742
546
547 1112 1475 1488
548
549 632
550 620 3874
551 882 914 1345 1390 1871 3600
552 2796
553 1736 2926 3018 3481
554 935 2120 2680 3890
555 572 610 3668
556
557 565 694 916 1023 1158 2542 3511
558 783
559
560
561 720 1809 1906 2140 2468 2829
562 1937
563
564 3396
565 754
566 661 1128 1207 1668 1854
567 1267
568 1774 1824 1993 3723
569 800 3406
570
571 2891
572
573 654 1423 1679
574 1093
575
576
577 2202
578
579 793 2275
580 1589 1896
581
582
583
584 1955
585
586
587
588
589
590
591
592
593 1215 1425
594
595
596
597 815 1189 1604 1856 2980 3390
598 3285
599
600
601
602
603 921 1011 1078 1636 3174
604 1715
605 1229 1663 2059
606 1657 1855 3278
607 1144 2070
608 667
609 925 2061 2763
610 1187 1721 2329
611 2122
612 615 758 773 1156 1418 1808 2311 2930 3416
613 657 1294 2168 2936 3395 3532 3808
614
615 1450 1777
616
617 707 828 1308 2363 2684
618 2101
619
620
621 887 2518 2524
622
623 2424 3551
624 709 1420 1688 2214 2978 3404
625 716 892 3695
626 2115
627 1890 2437
628 689 729 878 1089 2009 3408 3409
629
630 899 1933 3637
631
632
633
634 1080 1133 1230 1299 1712 2142 2353 2560 2565 2617 3177 3617
635
636 1959
637
638 2086 3552
639
640 736 1284 1368 1615 1694 2385 3169
641
642 1274
643 944
644 1148 2343 2490 3081 3901
645
646 1807
647 1070
648
649 3118
650 1034 1940 2670
651
652 1609 2264 3473
653 1192
654 3417 3589
655
656
657 3609 3756
658
659 664 751 805 1406 1929 2967 3629 3769
660 829 929
661 1270 1814
662
663 2767
664 831 871 3752
665 826 1652
666 2391 2645 3288
667 822 856 1022 1473
668
669
670 1832 2240
671
672 1231
673
674 2231
675 1331 3035 3710
676 724
677
678 1131 2113 2781 3237
679 1106 2071 2103 2239
680 3212
681
682 1056 3899
683 1027 3407
684 1236
685 2365 3207 3904
686 712
687
688
689 1053 1601 1884
690 1422 2748 3276
691 1935 3374 3671
692
693
694 1566
695 2961
696 1338 3057
697
698
699
700 1778
701
702
703 2860 2908
704 1860 2735 3758
705 1934 3804
706
707
708
709 1055 2780
710 1608
711
712
713
714
715 1182 2576
716 2517
717
718
719
720 2375
721
722 791 1410 1497 1641 1776 2265 2631 3161 3482 3658
723 755 2968 3062
724 765
725 3784
726 2582 2875
727 1062 1662
728
729
730
731 1261
732 2722 3195 3226
733
734 2725
735 1105 1119 2809 2824 3640 3703
736
737
738
739 797
740 1278 2190 2328 2510 3056 3061 3772
741 2332 3571
742
743 762
744 2959 3075
745
746
747
748
749 1174 2034
750
751 788 3692
752
753
754
755 1111 2218
756 3187
757 1504
758
759 2237
760
761
762
763
764
765
766
767
768
769
770
771 1490
772 1159 3717
773
774
775
776 884 1936 2217 3698
777
778 1010 2367
779
780
781 1720 2241 2503
782 1683 3311
783 876
784 936 3098
785 972
786 1038 1534
787 1329 2657
788
789 908 2909
790 910 3559
791
792
793 907 1724
794 917 1116 1273 2295
795 2646 3049 3157 3366 3835
796
797 2157 3116
798
799
800 1167 1517 2019
801
802
803
804
805
806 1920
807 1210 1653 1951
808
809
810
811 994 1622
812 1543 2078
813
814
815 1028 1072 1237
816 3427 3612
817
818
819 3610
820
821 2734
822 2276
823 3781
824 1310
825
826
827
828 1923 2149 2566 2862
829
830
831
832
833
834 1069 1175 3603
835 1467
836
837 2794
838 965 1193 1514 1680 3645
839 3012
840
841
842
843
844
845
846 1138 1428
847
848 1518
849 2227
850 2527 3618
851 1977
852 1394 2068
853 3135
854 2234 3109
855 1143 2804
856 1587 1594 1726 3199
857
858
859
860 1949
861 901 1254 3215 3530
862
863 2509
864 1930 2166
865
866 2047 2691 3803
867 2298
868 903 1572
869 940
870 1619 1887 2228 3145
871 1200 2637 2871
872 2065
873
874 1150 3421
875
876
877 1924
878
879
880
881 2714 3823
882
883 1341 1342
884
885 1666 1982 2457 2592 2610 3123 3419 3595
886 2483 3345
887
888 1926 2838
889
890
891 1768 3229
892 2873
893
894 2085
895 1248 1402
896 3691 3905
897 2154 2928
898 3334
899
900 1103
901 2249 2409 2823
902
903
904
905 2313 2661
906 1051 1272 1365 1728 2925 3724
907 2285
908 2890 3024 3108
909
910 3329
911 1483 2126 2807 3415
912
913
914
915
916
917
918
919
920 1753 2704 3467
921
922 3077
923
924
925 1455
926
927 1232
928 1088 2512 3389 3845
929 1097 2444
930
931
932
933 3536
934
935 2394
936
937
938
939 3431 3555
940 1492
941
942
943 963 2105 2923 3359
944
945 1321 1586
946 1161
947
948 1588 1897 2027 2031 2615 3494
949
950 951 1481 3504
951
952 1036 1585 3279 3636
953
954 3241
955
956 1142 1364
957 2158
958
959
960 1040 1257 1605 2039 2792
961 1630
962
963
964 1205
965 976 993 2057 2116 2454 2741
966 2044 2766
967
968 1438
969
970 1071
971 3812
972
973
974 2092
975
976 2127
977 1002 2088 2223 2362 3087
978 2692 2812
979 1318
980
981
982 2859 2993 3521
983
984
985
986 3634
987 1292
988 1554
989 1489
990
991
992
993
994 1096
995 3728
996
997 2514 3129 3253 3765
998
999
1000
1001
1002
1003 1899 3001 3154
1004 2828 3107
1005
1006 1130 2093 2816
1007 2775 3218
1008 1383
1009
1010 1346 1448 2387 2476
1011
1012 2403 3590
1013 1649
1014
1015
1016
1017 2004 2091 3068 3072 3286
1018 2153
1019
1020 1160 2711 3367
1021
1022 2878
1023
1024 1684 2669 2977
1025
1026 3365 3547
1027 1974
1028
1029 2165
1030 1565 1877 3314
1031
1032 1530 1617
1033 1699
1034
1035 1575 1739 2224 3170
1036 3577
1037
1038
1039 1122 1698 1785
1040
1041
1042
1043 1583 3323 3508
1044
1045 2033
1046
1047
1048
1049 1073
1050
1051 3308
1052
1053
1054
1055 1988
1056 3254
1057
1058 2359
1059 1361 2196 2252
1060 3546
1061
1062
1063
1064
1065 1110 2613
1066
1067
1068 1084 2732
1069
1070 3738
1071 2040
1072
1073
1074
1075
1076 1845 2814 3016 3480 3853
1077 2992
1078
1079 1629 1802
1080
1081 1243 2985
1082
1083 1593
1084
1085 1354
1086 1857
1087
1088
1089
1090 2225
1091
1092
1093
1094
1095
1096
1097 3078
1098
1099
1100
1101
1102 2630
1103
1104
1105 1405 2414 2693 3233 3735
1106
1107 1214
1108 1426
1109
1110 1633 2323
1111
1112
1113
1114 1818
1115 2463
1116
1117 2473
1118 1579
1119 2436 3053 3410
1120 2595 3859
1121 1129 1508 1788 3657
1122 1524
1123
1124
1125 1574 2805
1126
1127 2331
1128
1129
1130
1131 2561 3101
1132 1800 1985
1133 3235
1134
1135
1136
1137
1138
1139 2710 2774 3554
1140 2046
1141 2397
1142 2538
1143 2572
1144
1145
1146
1147 1918
1148 1179
1149 2381
1150 1293 1399 2050 2368 2578
1151
1152 1522
1153
1154
1155
1156 1873
1157
1158
1159 3121
1160
1161 1632 1968
1162
1163
1164 2492
1165
1166
1167
1168
1169
1170
1171 1859
1172 3223
1173
1174
1175 3563
1176
1177 1894 3818
1178 2325
1179 1484 1661
1180 1213 2253 2581 2995 3688 3725
1181 1637
1182 3191
1183 1458 2480
1184 3246
1185 1398
1186 2990
1187 2015
1188
1189 1219 1414 2357 2947 3449
1190
1191
1192
1193
1194 1576
1195 1479
1196
1197
1198
1199
1200 3455 3806
1201 1562 1713
1202 1265
1203
1204 1287
1205 1675
1206
1207
1208
1209
1210
1211
1212 1242 3117
1213
1214 3206
1215
1216
1217
1218
1219
1220
1221
1222 2609
1223
1224 1972 2706 3587
1225 3445 3729
1226 1864 2025 2148 2866
1227
1228
1229 2185
1230 1373
1231
1232 2066
1233 1640
1234
1235 1289 2729 2984
1236 1378
1237
1238
1239
1240 1433 2508 3094 3873
1241
1242 2284 2377 2788 3399
1243
1244
1245 1917
1246
1247
1248
1249 2898
1250
1251
1252
1253
1254
1255
1256 1352 2330 3315 3422
1257
1258
1259 1835
1260 3663
1261 2016 2459 2707 3324
1262
1263
1264 1674
1265 3726
1266
1267
1268
1269 2762
1270
1271 1558 3871
1272
1273
1274
1275 2107 2627
1276
1277 2765
1278 2466 2666
1279
1280 2836 2853 3039
1281 1349 1939 3090
1282 2858
1283 1317 2160
1284 1370 2339
1285 2388
1286 1703
1287
1288 3204 3459
1289
1290 1507 2135 2458
1291 1708
1292 2037
1293
1294
1295
1296 1669 2694
1297
1298
1299 3565
1300
1301
1302
1303
1304
1305
1306 2195
1307
1308
1309
1310 3464
1311
1312 2747
1313
1314 2449
1315 2563 3420
1316 1429
1317
1318
1319
1320
1321
1322 1740
1323
1324 2886
1325 1745
1326 2255 3471
1327 2484
1328 2121 3219 3362
1329 2306
1330 1960
1331 3247
1332
1333
1334 2200
1335
1336 2920 3063
1337 2342
1338
1339
1340
1341 2167
1342 1772
1343
1344
1345 1907 3620
1346 2042
1347
1348
1349
1350 1374
1351 1457
1352 1377
1353 2438 3113
1354 3696
1355
1356
1357
1358
1359
1360 1984 2108
1361
1362
1363 2188 2591
1364 2888
1365 3325
1366
1367
1368
1369 1710 2250 2709
1370 2638
1371 2261
1372
1373 1825
1374
1375
1376
1377
1378 3486
1379
1380
1381
1382
1383
1384 3764
1385 3150 3648
1386 2243
1387 1415 1421 2564
1388 3164
1389
1390 3120 3833
1391
1392 1731 3189 3458
1393 1634 1654
1394
1395
1396
1397 2099
1398 3786
1399 1551 1582 2361 2876 3542
1400 1658
1401
1402 1659
1403 2041
1404 3236
1405
1406 1407 2445 2686
1407 1647
1408 3051
1409
1410 3548
1411
1412 1701 2013 2776
1413
1414 2833
1415 1682
1416
1417
1418
1419
1420 3019
1421
1422
1423 2813
1424
1425 3338
1426
1427
1428 3376
1429 2334 2629 3230 3749 3832
1430
1431
1432
1433 2750 3238
1434
1435
1436
1437
1438 1627
1439
1440
1441 3433
1442
1443 1904
1444
1445
1446
1447 2177 3201
1448
1449
1450
1451
1452
1453
1454 1510
1455
1456
1457 2577
1458
1459 1592
1460
1461
1462
1463 2064 2193 2808 3351 3411 3413
1464 1755
1465
1466
1467
1468
1469 3122
1470
1471
1472 3166
1473 3602
1474
1475
1476 3501
1477
1478
1479
1480
1481
1482
1483
1484 1526 2850 3070
1485 1643 3257
1486 2018
1487 2043 2588
1488 1606
1489 1537
1490
1491
1492
1493 1718 3868
1494 2698
1495
1496
1497
1498
1499
1500 2137 2783
1501 2919
1502 3346
1503
1504 1866 2705 2883 2976
1505 2441
1506
1507
1508 2052
1509
1510
1511
1512
1513
1514
1515 1973 3322
1516
1517
1518 2703
1519
1520 1971 2117
1521 2182 2322
1522 3225 3849
1523
1524 2681 3746
1525
1526
1527
1528
1529
1530 1837
1531
1532
1533 1600
1534 2671
1535 2515 3256
1536
1537
1538 1786
1539
1540 1750
1541
1542
1543
1544
1545
1546
1547 3340
1548
1549
1550
1551
1552 2504
1553 2472
1554
1555
1556
1557
1558 1950
1559
1560
1561 2147 3594
1562 3642
1563
1564 1763 3038
1565 3290 3489
1566
1567 3044
1568
1569 3401
1570
1571 2235
1572 2872
1573
1574
1575 2000
1576
1577 2907 3479 3870
1578 2383
1579
1580
1581
1582
1583
1584
1585
1586 1916
1587 3739
1588 2949 3305 3462
1589
1590 1969 2864
1591
1592
1593
1594 2632
1595
1596
1597
1598 2795 2880
1599
1600 2803
1601
1602 2491 3192
1603
1604
1605
1606
1607
1608
1609
1610
1611
1612
1613
1614
1615 1885 2012 3502 3524
1616 2408
1617
1618
1619 1828
1620
1621 1651 3144
1622 1905
1623
1624 2038
1625
1626 2882
1627
1628 2089
1629
1630
1631 2534
1632
1633 1677 1839 2413
1634
1635
1636 2481 2546
1637 2474
1638
1639
1640
1641
1642
1643
1644
1645
1646
1647
1648
1649
1650 2540 3892
1651
1652
1653
1654 2299
1655 2282 2434 2586
1656 1744 2069 2754
1657
1658 2024 2045
1659
1660 2406
1661
1662
1663 2186 2877 3426
1664 1902
1665
1666
1667
1668 2075
1669
1670
1671
1672
1673
1674
1675
1676
1677 2305
1678 2181 2899 3010 3326
1679 2548
1680
1681
1682
1683
1684 1704 2777
1685
1686
1687
1688
1689
1690
1691
1692 2749 2752 2950 3775
1693
1694 2461 3744
1695 1700 2905 3105 3155
1696 2022
1697 2161
1698
1699 2810 3184
1700 1932
1701
1702
1703 2128
1704
1705
1706
1707
1708
1709
1710 3291
1711 1840 2594 3074
1712 2109
1713 3507
1714
1715
1716
1717
1718
1719 1847
1720
1721
1722 1952 2352
1723 2201 2957
1724 3597 3727
1725 1911
1726
1727
1728
1729 2440
1730
1731
1732 2558
1733
1734
1735
1736
1737
1738 2060 2603 3180 3224 3569
1739
1740
1741 1795 2791
1742 2410
1743 1797
1744
1745 2600 2664
1746
1747
1748
1749
1750
1751 3817
1752 3649
1753
1754 2123
1755
1756 2892 3209 3434 3762 3777
1757
1758
1759
1760
1761
1762 1998
1763
1764
1765
1766
1767
1768 2268 3627
1769
1770 1812 1947
1771
1772 2448 2790
1773
1774
1775 1820 2478 3382
1776
1777
1778
1779
1780 2396 2696
1781
1782
1783
1784 2931 3312
1785
1786
1787
1788
1789 3141
1790
1791 3813
1792
1793
1794 1883 2355
1795
1796 3527
1797 3740
1798
1799
1800
1801 2286
1802
1803 1943 2114
1804 3183 3766
1805 3287
1806
1807 2556 2806
1808 1841
1809 3079
1810 3139
1811
1812
1813
1814
1815 2960
1816
1817
1818 2447 2685 2726 2753 2937
1819
1820
1821 3866
1822
1823
1824
1825
1826 2642
1827 3680
1828 2740
1829
1830
1831
1832
1833 1979 3182 3208
1834
1835
1836 3320
1837
1838
1839
1840 3282
1841 2819
1842
1843
1844 3886
1845
1846
1847
1848
1849
1850 3558 3896
1851
1852 2520
1853
1854
1855
1856
1857
1858 3385
1859 2955 3687
1860 2475
1861
1862
1863
1864
1865
1866 2751 2935 3263
1867
1868 2452
1869 2665
1870
1871 2569
1872
1873
1874
1875
1876 2183
1877 3780
1878
1879
1880
1881
1882 2761
1883
1884
1885
1886 2784 2998
1887 2373
1888
1889
1890
1891
1892
1893
1894
1895 2400
1896
1897 3573
1898 2832 3065
1899
1900
1901
1902
1903 3795
1904
1905
1906
1907
1908
1909
1910
1911 3213
1912
1913
1914
1915 1994
1916 2077 2523
1917
1918
1919
1920 2543
1921 2347 2756
1922
1923
1924
1925
1926
1927
1928
1929 1941 3304
1930
1931
1932
1933
1934 2422 3181 3693
1935
1936
1937
1938
1939
1940
1941
1942 2868 3302
1943
1944
1945 2247
1946
1947
1948 2364 3348
1949
1950
1951 3596
1952 3380
1953
1954
1955 3534
1956
1957 2901
1958 2412
1959
1960
1961 2283
1962
1963 3126
1964
1965
1966
1967 2087
1968
1969 3452
1970
1971 2002 3834
1972
1973
1974
1975
1976
1977
1978 2119
1979
1980
1981
1982 3633
1983 3535
1984
1985
1986
1987
1988
1989
1990
1991 2208
1992 3100
1993
1994
1995
1996
1997
1998
1999
2000 2544
2001
2002
2003 3667
2004 3470
2005 3568
2006 2379
2007 2975
2008 3447
2009
2010 3106
2011
2012
2013
2014
2015
2016
2017
2018
2019
2020 3900
2021
2022
2023
2024 2533
2025
2026 3791
2027
2028 2051 2826
2029
2030
2031 2150 2370
2032
2033
2034 2668
2035
2036 3114 3676
2037
2038
2039
2040 3394
2041
2042
2043 2869
2044
2045
2046
2047
2048 2433 2654
2049
2050
2051
2052
2053
2054
2055
2056
2057 3048
2058
2059
2060
2061
2062 3296
2063
2064 3110
2065
2066 2420
2067
2068
2069
2070
2071
2072
2073
2074 3469
2075
2076
2077
2078 2404
2079
2080
2081
2082
2083
2084
2085
2086
2087
2088 2649
2089
2090
2091 2952
2092
2093
2094
2095
2096 3539 3807
2097
2098
2099
2100
2101 3193
2102
2103 2146 3298 3580
2104
2105
2106
2107
2108
2109 3128
2110
2111
2112
2113 3136
2114
2115
2116 3317
2117 2259 3487
2118
2119
2120
2121
2122
2123
2124 3393
2125
2126 3578
2127
2128 3176
2129
2130
2131
2132
2133 3820
2134
2135
2136
2137
2138
2139 3442
2140
2141
2142
2143
2144
2145
2146
2147
2148
2149 3748
2150
2151
2152
2153
2154
2155
2156
2157
2158
2159 3088
2160 2221 2371 3566
2161
2162
2163
2164 2341 2537
2165
2166
2167
2168
2169
2170
2171
2172
2173
2174
2175
2176
2177 3096
2178
2179 3353
2180
2181
2182
2183 2477 2793
2184 2309 2718
2185
2186 2340
2187
2188
2189
2190
2191 2584
2192
2193
2194 3560
2195 2354 3525 3716 3721
2196
2197
2198
2199 2318
2200 2673 3628
2201 2258 3484
2202
2203
2204
2205 3003
2206
2207 2999
2208
2209
2210 3036
2211
2212
2213
2214
2215
2216
2217
2218 2242 3526
2219
2220 3015 3143 3303
2221
2222
2223
2224
2225 2676
2226
2227
2228 2495 2689
2229
2230
2231
2232
2233 3148
2234
2235 2496 3151 3623 3793
2236 2487
2237
2238
2239
2240 2418 2435 2884
2241
2242
2243
2244
2245
2246
2247
2248
2249 2590 3553
2250
2251
2252
2253
2254
2255
2256
2257
2258
2259 2963
2260 2852
2261
2262 2744
2263 3269
2264 3227
2265 3506
2266
2267 2914
2268
2269 2946
2270
2271
2272
2273
2274 3059
2275
2276 3197
2277 3414
2278
2279
2280
2281
2282
2283 2755
2284
2285
2286
2287
2288 3500
2289
2290
2291
2292 2421
2293 3146
2294 2802
2295 2553 3270
2296 2302
2297 2820
2298
2299 2797
2300 3685
2301
2302 3258
2303
2304 3368
2305
2306
2307
2308
2309
2310
2311
2312
2313
2314 2464
2315
2316
2317
2318
2319
2320
2321 3747
2322
2323
2324
2325
2326
2327 2924 3388
2328
2329 3243
2330
2331
2332
2333 3060
2334 2622
2335
2336
2337
2338
2339
2340
2341
2342
2343
2344
2345
2346
2347
2348 2636 3260 3561 3677 3719
2349
2350
2351
2352
2353 2662 3517
2354
2355
2356
2357
2358
2359
2360
2361 3111 3369
2362 2913
2363
2364
2365
2366 2528
2367 3295
2368
2369
2370
2371
2372
2373
2374
2375
2376
2377
2378
2379 3370
2380
2381 2626
2382
2383
2384 2647
2385
2386
2387
2388
2389
2390
2391
2392
2393 3167 3690
2394
2395
2396
2397
2398
2399
2400
2401
2402 3163
2403
2404
2405
2406 2874
2407
2408
2409
2410
2411
2412 2856 3841
2413
2414
2415
2416
2417
2418
2419
2420
2421 2903
2422
2423
2424
2425
2426
2427
2428
2429 3601
2430 3450
2431
2432
2433
2434
2435 2728
2436 3624
2437
2438
2439
2440
2441
2442
2443
2444
2445
2446
2447
2448
2449
2450
2451 3242
2452
2453
2454 2502
2455 3694
2456 3067
2457
2458
2459 2768
2460 2604
2461 3185
2462
2463 3429
2464
2465
2466 2479
2467
2468
2469
2470
2471
2472
2473
2474
2475
2476
2477
2478
2479
2480 3264
2481
2482
2483 3002
2484 2640
2485 2526 3664
2486
2487
2488
2489
2490
2491
2492
2493
2494 2940 3754
2495
2496 3810
2497
2498
2499 2789
2500
2501 3381
2502
2503
2504 2857
2505
2506 2840
2507
2508
2509
2510 3732
2511
2512
2513
2514
2515
2516
2517
2518
2519
2520
2521
2522
2523
2524
2525 3826
2526
2527
2528 3679
2529
2530
2531 2699
2532
2533
2534 2948
2535
2536 3137
2537 3733
2538 2682
2539 3556
2540
2541
2542
2543
2544
2545
2546 2606
2547 3639
2548
2549 3811
2550
2551
2552
2553 2757
2554
2555
2556 2667
2557
2558 2900
2559
2560
2561
2562
2563
2564
2565
2566
2567
2568
2569 3021
2570
2571
2572 2801 3662
2573
2574
2575
2576
2577
2578
2579
2580 3080
2581
2582 3391
2583
2584
2585
2586
2587
2588
2589
2590
2591
2592 3451
2593
2594 3375
2595
2596 2611 3598
2597
2598 2651
2599
2600
2601
2602
2603
2604
2605
2606
2607
2608 3599
2609
2610
2611 3251
2612 2953
2613
2614
2615
2616 3064
2617 3646
2618
2619 3188
2620
2621 2881
2622
2623
2624 3891
2625
2626
2627 2739
2628 3497 3821
2629
2630 2969
2631
2632
2633
2634
2635
2636
2637
2638
2639
2640 3083
2641
2642
2643 2938
2644 2981
2645
2646
2647
2648
2649
2650
2651
2652
2653
2654
2655
2656
2657
2658
2659
2660
2661 3454
2662
2663
2664
2665
2666
2667
2668
2669 3383
2670
2671
2672
2673
2674
2675
2676 2958
2677
2678
2679
2680 3881
2681
2682
2683
2684 3474
2685
2686
2687
2688
2689
2690
2691
2692
2693
2694
2695 3816
2696
2697
2698
2699
2700
2701
2702
2703 2786
2704
2705
2706
2707
2708
2709 3373
2710
2711
2712
2713 2842
2714
2715
2716
2717
2718
2719 3713
2720
2721 3836
2722
2723
2724 3313
2725
2726
2727 2785
2728
2729
2730
2731
2732
2733 3842
2734
2735
2736
2737
2738 2932 3897
2739
2740 3138 3697
2741 3371
2742
2743
2744
2745
2746
2747
2748
2749
2750
2751
2752
2753
2754
2755 3244
2756
2757
2758
2759
2760
2761
2762
2763
2764
2765
2766
2767
2768
2769
2770
2771
2772
2773
2774
2775
2776
2777 2861
2778
2779 2887
2780
2781
2782
2783 3550
2784
2785 3475
2786 3328
2787
2788
2789
2790 3082
2791
2792 3115
2793
2794
2795
2796
2797 3583
2798
2799
2800
2801 3293
2802
2803
2804
2805
2806
2807 3630
2808
2809
2810
2811 2847
2812
2813
2814
2815
2816
2817
2818
2819 3418
2820
2821
2822
2823
2824
2825
2826
2827
2828
2829
2830
2831
2832 2986
2833
2834
2835
2836
2837 3095
2838
2839
2840
2841
2842
2843
2844
2845
2846 3720
2847 3358
2848
2849
2850 3428
2851
2852 3466
2853
2854 3860
2855 3557
2856
2857 3893
2858
2859
2860
2861
2862
2863
2864
2865
2866
2867
2868 3203
2869
2870
2871
2872 2954 3032
2873 3503
2874
2875
2876
2877
2878
2879
2880
2881
2882
2883
2884
2885
2886
2887
2888 2994
2889
2890
2891
2892
2893 3490
2894
2895
2896
2897
2898
2899
2900
2901 3397
2902
2903 3405
2904
2905
2906
2907
2908 3582
2909
2910
2911
2912
2913
2914
2915
2916
2917
2918
2919 3468
2920
2921 3443
2922
2923
2924 3683
2925
2926
2927
2928
2929
2930 3092 3250
2931
2932
2933 3140
2934
2935
2936
2937
2938
2939
2940
2941 3052
2942
2943
2944
2945
2946
2947
2948
2949
2950
2951
2952 3054
2953 3336
2954 3647
2955
2956
2957
2958
2959
2960 3755
2961
2962
2963
2964
2965
2966 3102 3666
2967
2968
2969 3275
2970
2971
2972 3099
2973
2974
2975
2976 3280
2977
2978
2979
2980
2981
2982
2983 3076
2984
2985
2986 3523
2987
2988
2989
2990
2991
2992 2997
2993
2994
2995
2996
2997
2998
2999
3000
3001
3002
3003
3004
3005 3856
3006
3007
3008
3009
3010
3011 3266
3012
3013
3014
3015 3040
3016
3017
3018
3019 3160
3020
3021
3022
3023
3024
3025
3026 3457
3027 3656
3028
3029
3030 3880
3031
3032
3033
3034
3035
3036
3037
3038
3039
3040
3041
3042
3043
3044
3045
3046
3047
3048
3049
3050
3051
3052
3053
3054
3055
3056 3387
3057
3058
3059 3231
3060
3061 3761
3062
3063
3064 3228
3065
3066
3067
3068
3069 3865
3070
3071
3072
3073
3074
3075
3076
3077
3078
3079
3080
3081
3082
3083
3084
3085
3086
3087
3088
3089
3090
3091
3092 3824 3858
3093
3094
3095
3096
3097
3098
3099
3100
3101 3153
3102
3103
3104
3105
3106
3107
3108
3109
3110
3111
3112
3113
3114
3115
3116
3117
3118
3119
3120
3121
3122
3123
3124
3125
3126
3127
3128
3129
3130
3131
3132
3133
3134
3135
3136
3137
3138 3156 3448
3139
3140
3141
3142
3143
3144
3145
3146
3147 3528
3148
3149
3150
3151
3152
3153 3669
3154
3155
3156
3157
3158
3159
3160
3161
3162
3163
3164
3165
3166
3167
3168
3169
3170
3171
3172 3790
3173
3174
3175
3176
3177
3178
3179
3180
3181
3182
3183
3184
3185
3186
3187
3188
3189
3190
3191
3192
3193
3194
3195
3196
3197
3198
3199
3200
3201 3461
3202
3203
3204
3205
3206
3207
3208
3209
3210
3211
3212
3213
3214
3215
3216
3217
3218
3219
3220
3221
3222
3223
3224
3225
3226
3227 3300
3228
3229
3230
3231
3232
3233 3316
3234
3235 3472
3236
3237
3238 3644
3239 3364
3240
3241
3242
3243
3244
3245
3246
3247
3248
3249
3250
3251
3252
3253
3254
3255
3256
3257
3258 3674
3259
3260 3283
3261 3284
3262
3263
3264 3743
3265 3699
3266
3267
3268
3269
3270
3271
3272
3273
3274
3275
3276
3277
3278
3279
3280
3281
3282
3283
3284
3285 3335 3822
3286 3855
3287
3288
3289
3290 3522
3291
3292
3293
3294
3295
3296
3297
3298
3299 3631
3300
3301
3302
3303
3304
3305
3306
3307
3308
3309
3310
3311
3312
3313
3314 3505
3315
3316
3317
3318
3319
3320
3321 3616
3322
3323
3324
3325
3326
3327
3328
3329
3330
3331
3332
3333 3591
3334
3335
3336
3337
3338
3339
3340
3341
3342
3343
3344
3345
3346
3347
3348
3349
3350
3351
3352
3353
3354
3355
3356
3357
3358
3359
3360
3361
3362
3363
3364
3365
3366
3367
3368
3369
3370
3371
3372
3373 3498
3374
3375
3376
3377
3378
3379 3392
3380
3381
3382
3383
3384
3385
3386
3387
3388
3389
3390
3391
3392
3393
3394
3395
3396
3397 3770
3398 3483
3399
3400
3401
3402 3538
3403 3544
3404
3405
3406
3407
3408
3409
3410
3411
3412
3413
3414
3415
3416 3675
3417 3660
3418
3419
3420 3678
3421
3422
3423
3424
3425
3426
3427
3428
3429
3430
3431
3432
3433
3434
3435
3436
3437 3496
3438
3439
3440
3441
3442
3443
3444
3445
3446
3447
3448
3449
3450
3451
3452
3453
3454
3455
3456
3457
3458
3459
3460
3461
3462
3463
3464
3465
3466
3467
3468
3469
3470
3471
3472
3473
3474
3475
3476
3477
3478
3479
3480
3481
3482
3483
3484
3485
3486 3707
3487
3488
3489
3490
3491
3492
3493
3494
3495 3638
3496
3497
3498
3499
3500
3501
3502
3503
3504
3505
3506
3507
3508
3509 3545
3510
3511
3512
3513
3514
3515
3516
3517
3518
3519
3520
3521
3522
3523 3575 3863 3883
3524
3525
3526
3527
3528
3529
3530
3531 3759
3532
3533
3534
3535
3536
3537
3538
3539
3540
3541
3542
3543
3544
3545
3546
3547
3548
3549
3550
3551
3552
3553
3554
3555 3872
3556
3557
3558
3559
3560
3561
3562
3563
3564
3565
3566
3567
3568
3569
3570
3571
3572
3573 3606
3574
3575 3909
3576
3577 3592
3578
3579
3580
3581
3582
3583 3846
3584
3585
3586
3587
3588 3902
3589
3590
3591
3592
3593
3594
3595
3596
3597
3598
3599
3600
3601
3602
3603
3604
3605
3606
3607
3608
3609
3610
3611
3612
3613
3614
3615
3616
3617
3618
3619
3620
3621
3622
3623
3624
3625
3626
3627
3628
3629
3630
3631
3632
3633
3634
3635
3636
3637
3638
3639
3640
3641
3642
3643
3644
3645
3646
3647
3648
3649
3650
3651
3652
3653
3654
3655
3656
3657
3658
3659
3660
3661
3662
3663
3664
3665
3666
3667
3668
3669
3670
3671
3672
3673
3674
3675
3676
3677 3852
3678
3679
3680
3681
3682
3683
3684
3685
3686
3687
3688 3878
3689
3690
3691
3692
3693
3694
3695
3696
3697
3698
3699
3700
3701
3702
3703
3704
3705
3706
3707
3708
3709
3710
3711
3712
3713
3714
3715
3716
3717
3718
3719 3864
3720
3721
3722
3723
3724
3725
3726 3876
3727
3728 3825
3729
3730
3731
3732
3733
3734
3735
3736
3737
3738
3739
3740
3741
3742
3743
3744
3745
3746
3747
3748
3749
3750
3751
3752
3753
3754
3755
3756
3757
3758
3759
3760
3761
3762
3763
3764
3765
3766
3767 3884
3768
3769
3770
3771
3772
3773
3774
3775
3776 3879
3777
3778
3779
3780
3781
3782
3783
3784
3785
3786
3787
3788
3789
3790
3791
3792
3793
3794
3795
3796
3797
3798
3799
3800
3801
3802
3803
3804
3805
3806
3807
3808
3809
3810
3811
3812
3813
3814
3815
3816
3817
3818
3819
3820
3821
3822
3823
3824
3825
3826
3827
3828
3829
3830
3831
3832
3833
3834
3835
3836
3837
3838
3839
3840
3841
3842
3843
3844
3845
3846
3847
3848
3849
3850
3851
3852
3853
3854
3855
3856
3857
3858
3859
3860
3861
3862
3863
3864
3865
3866
3867
3868
3869
3870
3871
3872
3873
3874
3875
3876
3877
3878
3879
3880
3881
3882
3883
3884
3885
3886
3887
3888
3889
3890
3891
3892
3893
3894
3895
3896
3897
3898
3899
3900
3901
3902
3903
3904
3905
3906
3907
3908
3909
