#/opt/homebrew/Caskroom/miniconda/base/envs/hack25/lib/python3.12/site-packages/ipykernel_launcher.py --f=/Users/jpinney/Library/Jupyter/runtime/kernel-v352576b36ed274793969b57d69d8306c9df606370.json
# GMT Sun Jul 20 12:27:20 2025
# 
0 1 24 27 103 226 463 485 748 946 1136 1443 1606 1682 1693 1876 2094 2104 2786
1 2 3 5 9 11 17 31 36 37 53 59 70 78 91 97 98 123 208 227 232 251 256 258 300 404 409 416 447 468 529 538 546 558 630 640 735 763 770 832 904 961 1037 1167 1197 1221 1314 1398 1462 1541 1615 1706 1779 1812 1902 1914 2059 2162 2243 2262 2390 2437 2451 2483 2620 2693 2992
2 4 7 8 12 14 20 23 25 26 34 35 39 46 55 60 76 82 84 85 88 89 90 100 104 114 124 125 126 129 145 174 175 198 211 212 231 233 250 259 277 292 304 314 326 357 366 371 383 405 460 478 482 489 499 507 512 524 536 556 561 567 580 614 638 660 662 713 725 726 731 744 754 777 809 830 841 856 994 997 1027 1081 1127 1131 1157 1170 1175 1185 1222 1270 1297 1322 1346 1349 1420 1429 1480 1496 1643 1679 1686 1688 1712 1721 1782 1785 1793 1830 1868 1874 1900 1978 2181 2185 2312 2372 2460 2584 2618 2637 2662 2727 2839 2840 2862 2932 2933 2970 2980 3000
3 13 40 68 115 142 800 989 1227 1234 1407 1485 1597 1993 2134 2165 2307 2427 2518 2716 2958
4 65 191 194 234 266 343 451 607 618 733 776 963 1047 1676 1814 2129 2249 2853 2925
5 6 32 306 324 680 913 1103 1837 2038 2274
6 21 69 438 687 1121 2702
7 43 146 436 668 1556 1590 1829 2159 2280 2455 2891
8 94 196 225 235 309 325 344 380 497 622 719 1080 1283 1332 1387 1414 1432 1440 1749 1818 1841 1850 1958 1981 1992 2053 2109 2422 2704 2720 2820 2941
9 10 19 33 72 179 207 283 327 389 540 553 573 657 730 831 1193 1278 1798 1959 2466 2671 2863
10 18 22 29 41 54 108 109 135 166 170 199 241 248 249 649 688 694 859 1003 1055 1064 1275 1302 1448 1713 1839 1866 1985 2078 2099 2102 2112 2154 2652 2683 2721 2725 3036
11 45
12 162 276 493 530 775 1438 2147 2347
13 15 57 58 139 840 854 991 1974 2093 2625 2695
14 16 50 52 148 163 176 190 254 264 281 318 401 445 511 570 727 738 1019 1137 1152 1195 1209 1235 1343 1626 1762 1783 1816 1827 2062 2082 2161 2363 2454 2540 2582 2773 2787 2890 2962
15 846 1201 1661 2180 2397 2578
16
17 284 350 514 858 935 968 1295 1389 1540 1770 1883 2337
18 48 765 798 1578 2121 2602
19 30 42 56 62 71 153 188 209 220 230 239 253 335 347 375 442 456 504 518 626 711 977 1043 1110 1156 1204 1224 1392 1427 1521 1585 1601 1658 1708 1766 1789 1887 1913 1919 1927 2011 2047 2100 2114 2242 2285 2335 2448 2550 2553 2569 2682 2686 2729 2811 2911 2961 3013
20 210 421 670 1102
21 28 63 93 164 229 299 355 571 686 783 1166 1190 1317 1390 1391 1459 1607 1855 2486 2689 2738 2913
22 268 534 881 1325 1436 1660 1722 1774 1854 1962 2197
23 150 443 645 851 1124 1218 1301 1464 2490 2899
24
25
26 64 156 426 539 740 973 1236 1345 1517 1796 2152 2435
27 178 1202
28 38 44 167 177 295 303 495 678 708 921 942 1028 1123 1172 1506 1775 1835 1867 2223 2388 2643 2801
29 298 313 601 1261 2087 2239 2945
30 75 99 144 272 301 328 402 410 578 684 704 916 1134 1687 1934 2489 2660 2779
31 66 83 255 282 332 449 836 903 986 992 1046 1097 1445 1534 2056 2577 2599
32 345 801 1040 1964 1995 2995
33 291 415 432 491 587 591 683 996 1008 1382 1460 1543 1573 1604 1652 1750 2227 2909
34 49 110 112 116 200 287 296 312 341 554 734 757 850 965 982 1555 1569 1580 1633 1648 1980 2105 2124 2273 2438 2447 2532 2655 2802
35 47 67 80 113 180 236 273 452 598 827 944 1256 1567 2118 2126 2128 2282 2382 2664
36 51 79 102 221 261 275 293 406 430 469 481 560 826 1035 1336 1951 2170 2303 2406 2488 2823 2826 3004
37 861 981
38 2894
39
40 222 317 470 569 978 2507
41 128 658 2348 2906
42 73 107 117 173 193 274 385 420 479 516 585 659 742 843 1482 1552 1982 2241 3057
43 87 127 323 369 582 648 794 955 958 959 1049 1644 1903 2037 2443 2685
44
45 77 940 1360 1388 1756 2645
46 483 2030 2359 2470 2675 2998
47 412 818 1545 2229 2757
48 245 246 606 663
49 86 149 462
50 111 320 440 559 877 907 970 1200 1471 1518 2083 2634
51 118 823 1045 1066 2403
52 1739
53 358 1455 1500 1933 2145
54 92 121 428 541 608 1288 1553 1564 2934 2954
55 61 161 1451
56 195 265 311 488 564 781 925 998 1169 1329 1673 2747
57 1006
58 186 1108 1744 2004 2434
59 960 1777 1960
60 140 189 213 247 629 644 736 1053 1207 1444 1752 1917 2036 2989
61 1348 2642
62 105 169 197 633 2800 2957
63 367 453
64 1084
65
66 81 96 154 238 545 549 671 1094 1254 1751 1957 2593 2892
67 444
68 119
69 753 855 2659
70 373 1738 2756
71 891 2988
72 165 184 399 471 962 2091
73 74 101 206 584 723 758 780 2308 2559 2616 2777
74 1178 2698
75
76
77
78 349 610 646 721 1179 1828 2107 2260 2271 2450
79 568 715 2092
80 95 712 822 1961
81 151 617 3009
82 975
83 820 915
84 120 155 159 340 376 480 689 722 969 1042 1048 1333 2256 2818
85 106 130 160 182 228 2429 2458
86
87 288 1090
88 315 520 1052 1132 1320
89 2052 2346
90 1646 3058
91 137 152 289 302 500 718 1340 1397 1845 2090 2269 2463 2621 2688 2781
92 181 870 1396 1466 1804 2561
93 217 510 627 654 1249 1291 2696
94 1206
95 168 322 448 1078 1203 1528 1791 1984 2415 2464 2635 2847
96
97 202 774 1685 2713
98 1761
99 348 661 1635
100 789 810 1231 2631
101 132 133 158 286 307 319 574 769 1104 1161 1237 1368 1563 2058 2069 2452 2456 2485 3023
102 122 171 204 218 346 354 359 392 398 413 519 533 557 612 834 868 1715 1870 2386 2947 3022
103 641 2604 2658 2670
104
105 368
106
107
108
109 842 910 2352
110
111 141 270 1146 1764 1988
112
113 172 269 351 379 756 799 1180 1666 1898 2315 2678
114 1353 2333 2594
115
116 806 1126 1405 1529 1596
117 2784
118 429 1086 1214 1437
119 143 187 316 361 702 1159 1294 1586 2186 2555 2795 2974 2991
120
121
122
123 779 2208 2821 3016
124 131 223 619 1018 1187 1290 1413 2329 2617
125
126 329 705 1501 1931 2407 2592
127
128 437 762 875 920 2192 2354 2418
129 2193
130 157 396 459 1033 1372 2017 2211 2405
131 134 310 669 703 737 790 933 1036 1878 1996 2000 2969
132 263 679 901 1453 1703 1730 2077 2313 2343 2487
133 515 548 1461
134 527 797 879 1361 1710 1813 1875 1994 2045
135 136 138 147 285 464 2744 3046
136
137 1352 1612
138 521
139 244 260 2268
140
141 203 308 363 839
142 490
143 3044
144
145
146 185 267 980 1293 1363 2432
147
148
149 446 700 1303 1512 1884 2905
150 2827
151 768
152
153 1051 1551 2775
154
155 1511
156 695 1013 1150 1954
157 503 983 1280 1285 1384 1422 1806 3025
158
159 455 1250 1449 1765
160 377 1039 1467 2080 2482
161 280 496 918 1122 1192 1610 1843 2411
162 183 215 240 271 360 378 382 388 431 525 532 535 759 883 1009 1125 1300 1362 1503 1780 1894 1907 1987 2508 2583 3048
163 356 1411 1492
164
165 1001
166
167 201 279 336 487 1367 2665
168
169
170 1624 1650 1665
171 1680 2763
172 1554
173 771 1434 1546
174 205 2174
175 262 408 634 743 821 1530 2986
176 257 2579 2746 3039
177 950 1034 1130 1335 1385
178 192 216 321 407 1495 2150 2942
179 1168 1488 2656 2982
180 817 1592 1631
181
182
183 330 666 1184 1232 2171 2674
184 767 1069
185 1312 2859
186 1767
187 435 642 655 685 1628
188 2085 2595
189
190 224 237 589 751 2860 2876 2996
191 390 1493
192 337 544 984 1133 1259 1298 1826 2289 2318 2566 2627
193 243 602 1760
194
195 562 611 1457 2420
196 472 475 1825
197 214 362 2034 2188 2552
198 219 423 450 1574 2028 2220 2457
199
200 1117 1844 2745
201 1965 2127
202 1308 1559
203 816
204 242 395 1188 2006
205 465 517 926
206 995 2926
207 697
208 364 505 1956 2141 2766
209 1923 2278
210 1012 1182 1225 1618
211 586 2459
212 494 604 1004 1637 2789
213
214 1847
215 305 928 985 1358 1810 2300 2498 2538 2679 2778
216 1905
217
218 2937 2990
219
220 3019
221
222 609 2021 2509
223 835
224 417 1011
225 717 1714 1991
226 871 1419 2792
227 2712
228
229
230 728 2063
231 342 773 795 1943 2981
232 551
233 603 681 1007 1085 2573 2848
234 852
235
236 594 701 1932
237 339 391 397 424 474 620 890 909 1031 1113 1116 1208 1326 1446 1662 1709 1890 2299 2565 3031
238
239
240
241
242 386 425 441 506 542 576 621 976 1241 1393 1402 1576 1672 2570 2692 2904 2951
243 528 575 1010 1091 2255
244 1073 1784 2281 2758
245 937 1062 1582 2361
246 252 334 467 513 552 600 692 739 747 902 1077 1149 1296 2915
247
248 278 297 1619 2852 3061
249 729 1163
250 1499 2475
251 537 782 2142 2473
252 579 2711
253 2061 2519
254 837
255 2504
256 857
257 1880
258 2523
259 1772 2500
260
261
262 338 772 813 934 941 1063 1319 2138 2597
263 616
264
265 583 1926 2244
266
267 1139 1191 1527
268 523 1016 1338 2374
269 1539
270 414
271 1684
272 501 595 860 1508 1515 1519 1852 2326 2517
273
274 766 847 1990
275 370 1450 2478 2724
276
277
278 3062
279 745 1189 2213
280
281 294 387 403 707 1330 2184
282 864 2479
283 393 418 550 956 1174 1408 2065 2120 2506 2819
284 2164
285 290 331 867
286
287 477 884 2709
288 673 724 786 1059 1183 1891 2703
289 492 623 1707 2562 2706 3021
290 1061
291 384 1674 2697
292
293 419 676 833 888
294
295
296 1041
297 2055
298 853 957 1924 2505 2640
299 828 1141 1247 1394 2258
300 966
301
302 1096 1216 1266
303 672 691 825 2322
304 333 372 1857 2254 2687
305 473
306
307
308
309 653 1248
310 411 1050 1095 1505
311
312
313 433 486 699 1054 1194 2681
314 939 3035
315 1099 1199
316 866 1106
317 922
318
319 1759 2944
320 566 812 2327
321 531 637 677 1032 1339 1967 2793 2831 3052
322 2044
323
324 752 2772
325
326 2984
327 1879 2780 2881
328 365 543 885 1949 2016
329
330 1549 1670 2210 2567
331 2465
332
333 898
334 352
335
336 454 2071
337
338 502 650 1154 1375
339
340 1226
341 2287
342
343 427 2330
344 1781
345 929 1162 1233 1613 2492 2521 2626 2843 2883 2972
346 628 1802
347
348 665 1871 2173
349 1625
350 353 1797 2861
351 1274 2199
352 422 1836 1909
353
354 895
355 1376
356 439 710 1579 1629 2014 2110 2111 2444 2471 2949
357
358 899 1205 1418
359 1950
360
361
362
363 599 632 778 988 1107 1412 1799 2305 2673 2879
364
365 581 764 1383
366 1219 3054
367 1328 1849
368 1015
369
370 2320
371 374 400 509 2587 2776
372 716 1076 1562
373 563
374 1754
375 381 869
376 1755 2549
377 484 605 635 1342
378 394 1728 2424
379
380 1021 1101 1176 1588 2530 2846
381 802 972 1024 1484 2156 2357
382 1115 2516 2804
383
384
385 886 1173 1251
386 664 1129
387 1030
388 1858 2774
389
390 592
391
392 755 1114 2079
393
394 1120 1819
395 1524 2257 2537
396
397 565 1872
398
399 1409 1696 2022 2123 2247 2708
400
401
402
403
404 938 1726 2203 2828
405
406 1271 3018
407
408
409 1851
410
411 1087 1654
412
413
414 639 1112
415
416
417 461
418 815 1056 1469 1491 1566 1817
419 2546
420 954 3064
421 593
422 434 732 1370
423 2762
424
425
426 990 2919
427
428 466 526 588 844 993 1128 1944 2293 2871
429 889 2730
430
431 498 1186
432
433 597 914 1589
434 476 906 1683 1897 2216 2677
435
436 1044 1378 1719 2182 2353 2399 3027
437
438 2938
439
440
441 2200 2301
442
443
444 458 2219
445 577 1848 3065
446 2205 2380
447 457 2261
448 932 2342 2575
449 874 987 1100 1118 1142 1239 1888 2511 2864
450
451 1379
452 508 1244
453 746
454
455 947
456
457
458
459
460 887 1109 2319
461 923 1571 2135
462
463
464 656
465 615 2049 2074
466 2527
467 1334 2230
468 1238
469 690 1160 1424 2334
470 2824
471
472 964
473 894 1568 2204
474 624 1282 1523 1838 1966 2207 2462 2691 2865
475 1364
476
477 547 2760
478 643
479 1262
480
481 1671 2057
482 1211 2027 3017
483
484 667 1395 1473 1583 1645 2298 2325 2389
485 674 793 1318 1374 1904 2663
486
487 1289 1577 2812
488 2375
489
490 863 967 1675
491
492
493 522 652 2999
494 808 1177 2701 2728
495
496 760
497 1229 1426 2033 2089 2286 2433
498 905
499 1070 1983
500
501 2841
502 1538 1659 2029 2064
503 1380
504
505
506
507
508 1075 1608 2001 2541
509 1699 2002
510 1452 2214 2912
511
512 1253
513 555 1145 1148 1311 1366
514
515 693 1057 2718 2968
516 2103 2767
517 2558 2761
518 1260 1331
519
520
521
522 596 636 787 880
523 1605 2136
524 572 647 651 1068 1083 1119 1433 1711 2187 2749
525
526
527 1410 1557 1632 2413
528 1369
529
530
531 1441 2908
532 2917
533
534
535
536
537 1276
538 1542 1638
539
540 1255 1732 1928 2201 2395
541 811
542 706 1701
543 1526
544 720 2765
545
546 1140 2137
547 714
548 1307
549
550
551
552 749
553
554 862
555 1565
556
557 849
558
559
560
561 1611
562 709 927 1757 1788 2206 2884
563
564 1678
565 590
566 896
567 741
568
569
570
571 824 1925
572 631 1213 2095
573
574
575
576
577 2943
578
579
580
581
582
583
584
585 1354 2070
586
587
588
589
590 1135 1347
591
592
593 682 2967
594 1143
595
596 900
597 750 919 1862 2576
598 803
599
600
601
602
603
604
605 882
606
607
608 951
609 613 675 1423 2190
610
611 1217
612
613 625 1072 2167
614 917
615 2148
616
617 1020 1357 2139
618 1901
619 1969 2810
620
621
622
623 1399
624
625 2895
626 1800
627 1344 1456 1724 1863
628
629 1356
630
631
632
633
634 805
635
636 1252
637 2751
638
639 2371 2764 2857
640
641 1584 2160
642 2253
643 1861
644
645 784 2163 2323 2387 2412 2524
646 791
647
648 845 865 1790 2939
649 1975 2039
650
651
652 2868
653
654 1736
655 848 2994
656
657
658 2379 2564
659
660
661
662
663 892 2196
664
665
666
667 2290
668 2032
669 1093 1401
670
671 1029 1801
672 971 1268
673
674
675 788
676
677 1014
678
679 949 1630
680
681
682 2907
683
684 1258 1439
685
686
687 1245
688
689
690
691 2657
692 897 1058 1400
693 1212
694 698
695 696 761 2440 2615
696 1447
697
698
699 2130 2520
700 1273 1840 2277 2885
701
702
703 943
704 945 1497 2176
705 911 2040 2236
706 2785
707 2402
708
709 1092
710
711 1694
712 2376
713 1155 1483 2493
714
715 2010
716 952
717
718 1831
719 1622
720
721
722
723 1111 1478
724
725
726
727
728 838 1165 1458
729 1060
730 2081
731
732 1257
733
734
735 785 974 1079 2291 2385 2590
736 1807
737 1313 1472 1938 2106
738 2252
739
740
741 1089 1651
742
743 1509 1953 2973
744 2108
745 1737
746
747
748 2807
749 1591
750 1723 2194
751
752 792 2283
753 2008
754
755 2536 2983
756
757 936 2246 2366
758
759 2369
760 814 1377
761
762
763
764
765
766 1264 1351 1425 1936 3005
767 1000 1144 1279 2338
768
769 1536 2603
770 1668 2742
771
772 1002 1477
773 2469
774 796 876 1181 1315 1373 1834 2066 2796
775
776
777
778 2752
779
780 1558
781 2845
782 1465 2880
783
784 807 829 1416
785
786 1417 2060 2896 2924
787
788 2297
789 1267 1507 1575
790 1098 1454 2676
791
792 1725
793 804 924
794
795
796
797
798
799
800 1634
801
802
803
804
805 1198 1787 2041
806 979
807 2619
808
809 819 2221
810 878 1581 1939 2143 2499 2591 2610
811 930 1773
812 3053
813
814
815
816
817 2650
818 2178 2292
819 1105
820 1599 1627
821 2547
822
823
824 2116
825
826 1692 2098 3026
827
828
829 2270
830 2025
831 1071 1475
832
833
834
835
836
837 873
838 1309
839
840 1281 1502 1824 1970 2238 2328 2355 2816
841
842
843 2624
844
845
846
847 1487
848 1026 1067
849 2544
850 872 1881
851
852
853 1082 1243
854
855
856
857 2294 2844
858 1138
859
860
861
862
863
864
865
866
867 1976 3024
868 1570
869
870
871
872 1151 1548 2115 2168 2611
873
874 2117
875 953 1337
876
877
878 2439
879 893 948
880 1922
881
882 1892
883
884
885 1740
886 908 2554
887 1641 1910 2237 2542
888
889
890
891 2024
892
893
894 1365
895
896 1669 2825
897
898 1299 1946 2132 2378
899
900 1753 2340
901
902
903
904 1228
905
906 1908
907
908
909 912 2935
910 1005 1074
911
912
913 2158
914
915
916 1310
917 1537
918 2233
919 1470 1510 1667
920 1864 2279
921
922
923 931
924
925 999 1406
926 1242 2234
927
928 1088
929 1705
930
931
932 1921
933 1038 2791
934 2600
935
936 2707
937
938
939
940
941
942
943
944 1404
945
946
947
948 2054
949
950
951
952
953
954
955 1572 1808 2965
956
957
958 2851
959 1220 1700
960 2222
961 1820
962
963 1153 1158 2266 2314
964 2641
965 1513
966
967
968
969
970
971
972 1598
973 1476
974 1025 1929
975
976
977 2526
978
979
980 2088
981
982
983 1636
984
985
986
987 3045
988
989
990
991
992
993 1017
994 2922
995
996
997 1240 2666
998
999
1000
1001
1002
1003 1697 2494 2613
1004
1005 2394 2496
1006
1007 1899
1008 2350
1009
1010
1011
1012 1327 1642
1013 2360
1014 1023 2240
1015
1016 1535 2331
1017 1164 3042
1018 1022 1603
1019
1020
1021 1147
1022 1287 2557
1023
1024
1025
1026
1027
1028
1029
1030
1031 2548
1032
1033 1230
1034
1035
1036
1037 1263 2449
1038 1171
1039 1196 1265 2441
1040
1041
1042
1043 3037
1044
1045 2012 2084 2790 3038
1046 1350 1359
1047
1048 1486 2900
1049 1371 1809
1050
1051 1386 1937 2589 2694
1052
1053 2026
1054
1055
1056
1057 1065 1272 1786 1955 2940
1058
1059
1060
1061
1062
1063
1064
1065
1066
1067
1068
1069 2918
1070
1071 1742
1072 1532 2985
1073
1074
1075
1076
1077
1078 1428 1963 2495
1079 1415
1080
1081 1215
1082
1083 1623 1947
1084 2648 2946
1085 2771
1086
1087 1655
1088
1089 1292 1695 2425 2636
1090 1771
1091
1092 1741
1093
1094
1095
1096
1097 2477
1098
1099 1210 2019 2649
1100
1101
1102 1246 2608
1103
1104
1105 2248
1106 1223 1516
1107
1108
1109
1110
1111
1112
1113
1114 1479
1115
1116
1117 2993
1118
1119 1602
1120 1595
1121
1122
1123 1490
1124 1286
1125 1435 1681 2175
1126
1127
1128
1129 1986 2975
1130
1131
1132
1133
1134 1277
1135
1136
1137
1138 1795 2076 2295 2528
1139 1979 2284 2393
1140 2020
1141
1142 2316
1143
1144
1145
1146 1316
1147 2383
1148
1149 1305 1690 1859
1150 2987
1151 1269 1731 3001
1152
1153
1154 2051
1155
1156
1157 1677 1758 2144 2733
1158
1159 1533 1735 2858
1160
1161 1468 1912
1162
1163
1164 1504
1165 1778
1166 2893
1167
1168
1169
1170
1171 1284 1304 1792 2398 2837
1172
1173 2226
1174
1175
1176 2377
1177 3029
1178
1179
1180
1181 1403
1182
1183 2275 2474
1184
1185
1186 1381 1815 2472
1187
1188 2545
1189 2140 2732
1190 1550 2497
1191 2927
1192
1193
1194
1195
1196
1197
1198
1199
1200 2202 2525
1201
1202 1498
1203
1204
1205
1206
1207 1621
1208
1209 1865
1210
1211
1212
1213
1214
1215
1216
1217
1218
1219 2189
1220
1221
1222 2195
1223
1224 2833
1225 1474 1481 1702 1832 1833 1869 3040
1226
1227 1842 2408
1228 1952
1229
1230
1231
1232
1233 1640 1822 2288
1234
1235
1236 1355
1237 1639
1238 1522
1239
1240
1241
1242
1243 1734
1244
1245
1246
1247 2228
1248
1249
1250
1251
1252
1253
1254
1255 2574
1256
1257
1258
1259
1260
1261
1262 1324 1489
1263 1494
1264
1265 1877 2005
1266
1267
1268
1269
1270
1271
1272
1273
1274
1275 1341 1716
1276 2715
1277 1821
1278 1306 2215 2311 3060
1279
1280
1281 2923
1282
1283 1587
1284 1514 1704 2018
1285
1286
1287
1288 2166
1289
1290
1291
1292
1293 1323 1846
1294 1525 1647 3049
1295
1296
1297
1298
1299
1300 1321 1594
1301
1302 1748 2723
1303
1304 1968
1305
1306
1307
1308 1805
1309
1310
1311
1312 2654
1313 1720
1314 2629
1315
1316 3011
1317
1318
1319
1320
1321 1547
1322 1614
1323 2122 2423
1324
1325 1520
1326
1327
1328
1329
1330
1331 1729
1332
1333 1941 1973
1334
1335
1336
1337 1430
1338
1339
1340 2131 2339
1341 1745
1342
1343
1344
1345
1346
1347 1691
1348 1561
1349
1350
1351
1352
1353
1354
1355
1356
1357
1358
1359 1896 2690 2782 2931
1360
1361
1362
1363
1364
1365
1366
1367 1920
1368 1431 1942
1369
1370 2381
1371 1421
1372 2875
1373
1374
1375 1544 2362 2950
1376
1377
1378 2267
1379
1380 1935 2628
1381
1382
1383 1746
1384
1385
1386
1387 2396
1388 1906 2097 2401
1389 1977
1390
1391 1794 2836
1392 3002
1393
1394 2050
1395 2788
1396 2426
1397
1398
1399 2651
1400 2169 3063
1401
1402 1649 2737
1403 2414 2598
1404 1653 2149 2910 3007
1405
1406
1407
1408
1409
1410
1411 1663
1412
1413
1414 1769 2977
1415
1416 1664 2442
1417 2684
1418 2251 2736
1419 1442
1420
1421
1422 1803
1423 3030
1424
1425
1426
1427
1428
1429 2046 2644
1430 2157
1431 2510
1432 2364
1433
1434
1435
1436 1930
1437 1971
1438
1439
1440
1441
1442
1443
1444 2809
1445
1446
1447 1657
1448
1449 2263
1450
1451
1452
1453
1454 1593 2484
1455
1456
1457
1458
1459 1463 2151 2404
1460
1461 1997
1462 2265
1463 2349
1464
1465
1466
1467 1873
1468
1469 2101
1470
1471 1743
1472
1473 2133
1474
1475
1476
1477
1478
1479 2217 2647
1480
1481
1482
1483
1484
1485
1486
1487
1488 1860
1489
1490
1491
1492
1493
1494
1495
1496
1497
1498 2503
1499
1500
1501
1502
1503
1504
1505
1506
1507 1698 2556
1508
1509
1510
1511
1512 1531
1513
1514
1515 1560
1516 1882 2345 2799 2870
1517 2035
1518
1519
1520
1521
1522
1523
1524
1525 1747
1526
1527 1600
1528
1529
1530
1531 1689 2086 2096 2310
1532
1533
1534
1535 2075 2321 2512 2614
1536
1537
1538
1539
1540
1541
1542
1543
1544
1545 1823
1546
1547
1548
1549
1550 2882
1551 1609
1552 1885 2446
1553
1554
1555 2699
1556
1557
1558
1559 2419
1560
1561
1562 2003 2125
1563
1564
1565 2436
1566 2514
1567 2672
1568
1569 1768
1570
1571
1572
1573
1574
1575
1576
1577
1578
1579
1580
1581 2042
1582 1617 2964
1583 2009
1584
1585
1586
1587
1588 1620
1589
1590
1591 2803
1592 2623
1593
1594
1595
1596
1597
1598
1599
1600
1601
1602
1603
1604
1605 1616
1606 1763 2013
1607
1608
1609
1610
1611
1612 2529
1613
1614
1615
1616
1617 2630 3056
1618 1718
1619
1620
1621
1622
1623
1624
1625
1626
1627
1628
1629 2391
1630 2336 2639
1631
1632
1633
1634 3028
1635 2710
1636 2898
1637
1638
1639 1656 1853 1911
1640
1641 1717 1999 2430 2622 2902
1642
1643 1998
1644
1645
1646 2476
1647
1648
1649 1733 2533
1650
1651
1652
1653
1654 1811
1655
1656
1657
1658 2770
1659
1660
1661
1662 2067
1663
1664
1665
1666
1667
1668 2543
1669
1670
1671
1672
1673
1674 2467
1675
1676
1677
1678
1679
1680
1681
1682 2888
1683
1684
1685 2743
1686
1687
1688
1689
1690
1691
1692
1693
1694
1695
1696 1893
1697 1940 1972
1698 1727 2585
1699
1700 2191
1701 2410
1702
1703 2392
1704
1705
1706
1707 1945
1708
1709
1710
1711
1712
1713
1714
1715
1716
1717
1718
1719
1720
1721
1722
1723 2815
1724
1725
1726
1727
1728
1729
1730
1731
1732
1733
1734
1735 2317
1736
1737
1738
1739 2023
1740
1741
1742 2068
1743
1744
1745
1746
1747 2179
1748
1749 2235 2367
1750
1751
1752
1753
1754
1755 2606
1756
1757
1758 2272 2726
1759 2172
1760
1761 2735
1762
1763
1764
1765
1766
1767
1768 2953
1769
1770 2976
1771
1772 2400 2830
1773 1776 2218
1774 2007
1775 3034
1776
1777
1778
1779
1780
1781
1782 2384
1783
1784
1785
1786 2502
1787 2445
1788 1889
1789
1790
1791
1792
1793
1794
1795 2653
1796
1797
1798 1989
1799
1800
1801 1886 2072
1802
1803
1804
1805
1806
1807
1808
1809
1810
1811
1812
1813 1856
1814
1815
1816 2966
1817 2838
1818
1819
1820
1821
1822
1823
1824
1825
1826
1827
1828 2568 3010
1829
1830
1831
1832
1833 2921
1834
1835
1836 1895 1948 2232 2309 2481
1837
1838
1839
1840
1841
1842 2468
1843
1844
1845
1846
1847
1848
1849
1850
1851 2073
1852
1853
1854 2356 2920
1855 2887
1856
1857
1858
1859
1860
1861
1862
1863
1864 2586
1865
1866
1867 2324
1868
1869 2306
1870
1871
1872 2722
1873
1874
1875
1876
1877
1878
1879
1880
1881 2351
1882
1883 1916
1884
1885
1886
1887
1888
1889
1890
1891 2183
1892 2048
1893 3015
1894
1895
1896
1897 2302
1898
1899
1900 1915
1901
1902 2259
1903
1904
1905 2015 2043
1906 2491 2571
1907
1908
1909
1910
1911 1918
1912
1913 3051
1914 2700
1915
1916
1917 2633
1918
1919
1920
1921
1922
1923 2873
1924
1925
1926
1927 2753
1928
1929
1930
1931 2113
1932
1933
1934
1935
1936
1937
1938
1939 2344
1940
1941
1942
1943
1944 2680
1945
1946
1947 2428 2646
1948
1949
1950
1951
1952
1953
1954
1955
1956
1957
1958
1959
1960
1961
1962
1963
1964 2304
1965 3006
1966
1967
1968 2119
1969
1970
1971
1972
1973
1974
1975
1976
1977
1978
1979
1980 2609
1981 2031
1982
1983 2768
1984
1985
1986 2741
1987 2264
1988
1989
1990
1991
1992
1993
1994
1995
1996
1997
1998
1999
2000 2531 2877
2001 2572
2002
2003
2004
2005
2006
2007 2209
2008 2867
2009
2010
2011
2012
2013
2014
2015
2016
2017
2018
2019
2020
2021
2022
2023 2155 2421
2024
2025
2026
2027
2028 2417
2029
2030
2031
2032 2296
2033
2034
2035
2036 2153
2037
2038
2039
2040
2041
2042
2043
2044 2198
2045
2046
2047 2341 2928
2048
2049
2050 2822
2051
2052 2534
2053
2054
2055
2056
2057
2058
2059
2060
2061
2062
2063
2064
2065
2066
2067
2068
2069 2522
2070 2832
2071 2515
2072 2734 2866
2073
2074
2075 2146
2076
2077
2078
2079
2080 2952
2081 2719
2082
2083
2084
2085
2086
2087
2088
2089
2090
2091
2092
2093
2094
2095
2096
2097
2098
2099
2100
2101
2102
2103
2104 2855
2105
2106
2107 2638 2669
2108
2109
2110 2177
2111 2245 2714
2112
2113 2409 2886
2114 2759
2115
2116
2117
2118
2119
2120
2121
2122 2588
2123
2124
2125
2126 2596
2127
2128
2129
2130
2131
2132
2133
2134
2135 2607
2136
2137
2138
2139
2140
2141
2142
2143
2144
2145
2146
2147
2148 2834
2149 2829
2150 2231 2539 2936 3055 3059
2151
2152
2153
2154
2155
2156
2157
2158 2979
2159 2332
2160
2161
2162 2717
2163
2164
2165
2166
2167
2168
2169
2170
2171
2172
2173 2225
2174
2175
2176
2177
2178
2179
2180
2181
2182
2183 2368
2184
2185
2186 2960
2187
2188
2189
2190
2191 2212
2192
2193
2194
2195
2196
2197
2198 2916
2199 2612
2200
2201
2202
2203
2204 2551
2205
2206
2207
2208
2209
2210
2211
2212 2224
2213
2214 3008
2215
2216
2217
2218
2219
2220
2221
2222
2223 2461
2224
2225
2226
2227
2228
2229
2230 2535
2231 2854
2232
2233 2250
2234 2856
2235
2236
2237
2238
2239 2358
2240
2241
2242
2243 2632 3012
2244
2245
2246
2247
2248
2249
2250
2251
2252
2253
2254
2255
2256
2257 2813
2258
2259
2260
2261
2262
2263
2264
2265
2266 2416
2267
2268
2269 2563
2270
2271
2272
2273
2274 2276
2275
2276
2277
2278 2835
2279 2370
2280
2281 2739 2850
2282
2283
2284
2285
2286
2287
2288
2289
2290 2748 2901
2291 2365 2431
2292
2293
2294
2295
2296
2297
2298
2299
2300
2301
2302
2303
2304
2305
2306
2307
2308
2309
2310
2311
2312 2373
2313
2314
2315
2316
2317 2601
2318
2319
2320
2321
2322
2323 2580
2324
2325
2326
2327
2328
2329
2330
2331
2332
2333
2334
2335
2336
2337
2338
2339
2340
2341
2342 2889
2343
2344
2345
2346
2347 2956
2348
2349
2350
2351
2352
2353
2354
2355
2356
2357
2358 2814
2359
2360
2361
2362
2363
2364
2365
2366
2367
2368
2369
2370
2371
2372
2373
2374
2375
2376
2377
2378
2379
2380
2381
2382
2383
2384
2385
2386
2387
2388
2389
2390
2391
2392
2393
2394
2395
2396
2397 2878
2398 2798
2399
2400
2401
2402
2403
2404
2405
2406
2407
2408
2409
2410
2411
2412 2929
2413 2453
2414 2794
2415
2416
2417
2418
2419
2420 2513
2421
2422
2423
2424 2731
2425
2426
2427 2769
2428
2429 2480
2430
2431
2432
2433
2434
2435 2501
2436 2605
2437
2438
2439
2440
2441
2442
2443
2444
2445
2446 2667
2447
2448
2449
2450
2451
2452
2453 2903
2454
2455 2661
2456
2457
2458
2459 2581
2460 2783
2461
2462
2463
2464
2465
2466
2467
2468
2469
2470
2471
2472
2473
2474
2475
2476
2477
2478
2479 3041
2480
2481
2482
2483
2484
2485
2486
2487
2488 2897
2489
2490 2914
2491 2755
2492
2493
2494
2495
2496 2668
2497 2869
2498
2499
2500
2501
2502
2503
2504
2505
2506
2507
2508
2509
2510
2511 2797
2512 2872
2513
2514
2515
2516
2517
2518
2519
2520
2521
2522
2523
2524
2525
2526 2971
2527
2528
2529
2530
2531
2532
2533
2534
2535
2536
2537
2538
2539
2540
2541
2542
2543
2544
2545
2546
2547
2548
2549 2560 3050
2550
2551
2552 2955
2553
2554
2555
2556 2978
2557
2558
2559 2740
2560
2561
2562
2563
2564
2565
2566
2567
2568
2569
2570
2571
2572
2573
2574
2575
2576
2577
2578
2579
2580 2849
2581
2582
2583 3014
2584
2585
2586
2587
2588
2589
2590
2591
2592
2593
2594
2595
2596
2597
2598
2599
2600
2601
2602
2603
2604
2605
2606
2607
2608
2609
2610
2611
2612
2613
2614
2615
2616
2617
2618
2619
2620
2621
2622
2623
2624
2625
2626
2627
2628 2808
2629
2630
2631
2632
2633
2634
2635
2636
2637
2638
2639
2640
2641
2642
2643
2644
2645
2646
2647
2648
2649
2650
2651
2652
2653
2654 2842
2655
2656
2657
2658
2659
2660
2661
2662
2663
2664
2665
2666
2667
2668
2669 2705
2670
2671 2805
2672 2948
2673
2674
2675
2676
2677
2678
2679
2680
2681
2682
2683
2684
2685
2686
2687
2688
2689
2690
2691
2692
2693
2694
2695
2696
2697
2698
2699
2700 2963
2701
2702
2703
2704
2705
2706
2707
2708 2874
2709
2710
2711
2712
2713
2714
2715
2716
2717
2718
2719
2720
2721
2722
2723 2817
2724 2754
2725
2726
2727
2728
2729
2730 3032
2731
2732
2733
2734
2735
2736
2737
2738 3043
2739
2740
2741
2742
2743
2744
2745
2746
2747
2748
2749 2750
2750
2751
2752
2753
2754
2755
2756
2757
2758 3003
2759
2760
2761
2762
2763
2764
2765
2766
2767
2768
2769
2770
2771
2772
2773
2774
2775
2776
2777
2778
2779
2780
2781
2782
2783
2784
2785
2786
2787
2788
2789
2790
2791
2792
2793
2794
2795
2796
2797
2798
2799
2800 2806
2801
2802
2803
2804
2805
2806
2807
2808
2809
2810
2811
2812
2813
2814
2815
2816
2817
2818
2819
2820
2821
2822
2823
2824
2825
2826
2827
2828
2829
2830
2831
2832
2833
2834
2835
2836
2837
2838
2839
2840
2841
2842
2843
2844
2845
2846
2847
2848
2849
2850
2851
2852
2853
2854
2855 3033
2856
2857
2858
2859
2860
2861
2862
2863
2864 3020
2865
2866
2867
2868
2869
2870
2871
2872
2873
2874 2959
2875
2876
2877
2878
2879
2880
2881
2882
2883
2884
2885
2886
2887
2888
2889
2890
2891 2930 3047
2892
2893
2894
2895
2896
2897
2898 2997
2899
2900
2901
2902
2903
2904
2905
2906
2907
2908
2909
2910
2911
2912
2913
2914
2915
2916
2917
2918
2919
2920
2921
2922
2923
2924
2925
2926
2927
2928
2929
2930
2931
2932
2933
2934
2935
2936
2937
2938
2939
2940
2941
2942
2943
2944
2945
2946
2947
2948
2949
2950
2951
2952
2953
2954
2955
2956
2957
2958
2959
2960
2961
2962
2963
2964
2965
2966
2967
2968
2969
2970
2971
2972
2973
2974
2975
2976
2977
2978
2979
2980
2981
2982
2983
2984
2985
2986
2987
2988
2989
2990
2991
2992
2993
2994
2995
2996
2997
2998
2999
3000
3001
3002
3003
3004
3005
3006
3007
3008
3009
3010
3011
3012
3013
3014
3015
3016
3017
3018
3019
3020
3021
3022
3023
3024
3025
3026
3027
3028
3029
3030
3031
3032
3033
3034
3035
3036
3037
3038
3039
3040
3041
3042
3043
3044
3045
3046
3047
3048
3049
3050
3051
3052
3053
3054
3055
3056
3057
3058
3059
3060
3061
3062
3063
3064
3065
