#/opt/homebrew/Caskroom/miniconda/base/envs/hack25/lib/python3.12/site-packages/ipykernel_launcher.py --f=/Users/jpinney/Library/Jupyter/runtime/kernel-v352576b36ed274793969b57d69d8306c9df606370.json
# GMT Sun Jul 20 12:27:20 2025
# 
0 1 2 3 6 9 11 13 31 41 43 48 51 54 58 60 61 67 74 77 84 89 90 98 120 127 130 145 160 168 180 207 210 223 227 229 233 256 258 278 292 293 305 314 318 334 340 428 478 499 517 560 579 586 617 654 671 683 692 709 733 765 804 824 836 875 928 941 961 973 990 993 1002 1006 1010 1021 1049 1072 1073 1099 1111 1154 1180 1189 1192 1238 1298 1311 1326 1435 1444 1463 1520 1558 1566 1651 1671 1707 1767 1831 1860 1905 1931 1979 1985 2005 2116 2138 2174 2228 2387 2400 2455 2464 2483 2485 2524 2558 2592 2626 2630 2693 2743 2748 2817 2919 2928 3063 3133 3186 3229 3247 3298 3309 3324 3349 3411 3482 3485 3488 3495 3590 3661 3663 3723 3943 3957 4000 4070 4182 4223 4229 4236 4278 4312
1 73 1040 2230
2 5 71 75 85 141 341 352 416 417 425 501 603 645 666 886 1003 1177 1314 1396 1472 1686 1722 1949 1980 2078 2098 2539 2732 2744 2791 3057 3280 3708 3713 3953 4287
3 4 7 8 21 22 25 26 30 32 34 103 124 125 128 133 136 138 195 221 224 234 250 251 257 290 326 356 374 392 410 450 452 459 481 482 631 649 786 840 851 860 995 1012 1169 1322 1366 1488 1697 1842 1920 1959 2271 2355 2361 2588 2746 2899 2909 3113 3211 3260 3321 3377 3390 3442 3494 3522 3604 3865 3920 3958 4085 4114 4317 4379
4 24 871 1206 2320 2365 3956
5 14 81 117 118 178 519 533 759 785 874 1019 1042 1212 1291 1407 1666 1740 1804 2143 2201 2554 2770 2792 2859 2872 2935 3150 3470 3684 3936 4105
6 17 197 429 746 896 2889 3876 4244
7 59 712 748 767 908 917 950 1065 1172 1214 1293 1404 1660 1863 2574 2809 3106 3538 3824 3914
8 10 15 18 63 97 112 126 137 170 252 294 677 689 694 737 862 900 1001 1178 1193 1204 1236 1257 1258 1263 1266 1275 1333 1347 1350 1397 1422 1429 1524 1578 1610 1617 1629 1640 1721 1735 1999 2038 2109 2147 2157 2376 2405 2515 2640 2698 2700 2704 2815 2988 3087 3111 3118 3290 3294 3416 3419 3527 3560 3748 3912 4017 4175 4340
9 64 139 140 151 156 174 182 188 235 245 264 319 589 846 1007 1086 1162 1181 1284 1310 1381 1926 1996 2073 2327 2430 2906 2925 2962 3033 3278 3326 3384 3605 3804 3857 4096 4142 4323 4393
10 12 20 23 101 110 165 187 248 321 440 506 583 672 715 721 732 792 816 899 1091 1146 1231 1349 1687 2126 2270 2548 2841 2896 2939 3110 3159 3252 3264 3521 3807 3924 3994 4090
11 16 96 102 143 149 198 363 388 404 508 590 831 882 1597 1811 2131 2488 2739 2840 3630 3818 4120 4433
12 44 65 179 186 244 273 342 377 537 544 552 564 570 600 687 839 858 971 1062 1140 1270 1378 1609 1716 1963 2122 2724 2894 2977 3092 3115 3654 3940 4191 4194
13 105 106 491 529 1375 1938 2188 2253 2352 2542 2545 3380 3571
14 19 38 53 66 148 222 346 407 480 516 541 612 844 1224 1447 1500 1539 1787 1989 2009 2173 2211 2321 2332 2475 2571 2669 2682 2802 2804 2860 2903 3221 3372 3583 3971 4108 4276
15 88 323 953 1570 2266 2910
16 351 395 460 774 855
17 845 1037 1202 4325
18 93 114 731 3216
19 203 457 688 2877 3439
20 27 29 37 49 72 87 419 443 637 762 842 897 929 1034 1151 1568 1854 1855 2076 2281 2655 2692 3137 3152 3534 3938 4318 4365 4422
21 52 91 211 371 413 888 1413 1984 2064 2070 3399 3490
22 28 35 55 115 933 1080 1866 2573
23 144 200 337 514 707 722 756 1256 1523 1585 3148 3737 3987
24 469 502 1591 1794 2374 3181 3226
25 287 2272 3344
26 46 546 944
27 36 70 86 129 254 307 472 556 866 999 1184 2125 2202 2565 2690 2742 2922 2940 3446 3502 3525 4128
28 2086 2185 2439
29 33 47 50 68 69 122 123 152 185 286 291 296 333 408 432 505 548 629 802 926 935 1022 1057 1097 1196 1209 1235 1338 1412 1561 1948 2366 2373 2596 2773 2789 2844 2875 3135 3612 3706 3791 3822 4352
30 76 1852
31 894 3716
32 40 42 78 82 95 204 261 376 495 766 788 823 880 904 1047 1078 1300 1456 1815 1951 2222 2777 3093 3576 3619 3772 3932 4035 4049 4075 4363
33 313 327 449 512 614 1084 1743 2383 2845 4164
34 3296
35 56 62 131 2008 2628 4217
36 1487
37 39 146 382 405 751 775 909 1438 1489 2215 3036 3127 3274 3383 4060 4321
38 45 521 575 2378 3059 3074 3479 3777
39 92 175 194 272 369 378 467 485 518 623 669 797 910 1043 1170 1288 1408 1534 1552 1694 1822 1844 1893 2301 2417 2721 2820 3431 4170 4198
40
41 578 1633 1916 2615 2794 4451
42 1087
43 135 161 228 282 350 571 903 1054 1337 1525 1565 1677 2997 3097 3108 3241 3285 4452
44 172 249 267 415 887 1641 1881 1911 2703 3132 3725 4303
45 2801 3307
46 424 602 1267 1401 1626 1734 1867 2037 2060 2827 3171 3463
47 434 539
48 100 116 190 727 1244 1615 1933 2652 2711 3611
49 99 461 1930 2349
50 153 311 527 808 830 841 867 957 982 1318 1590 2532 3711
51 83 216 498 662 1278 1334 1778 2058 2384 3386 3584 3798 4097
52 57 1129 1239 2667 3786
53 196 640 885 2881 3288 3998
54 1557 1611
55 384 829 1039 1430 4032 4040 4109
56 1511 4242
57 442 486 632 2107 2293 2297
58 134 157 490 596 1208 1240 1757 1940 2386 2438 2797 2902 3691 4387
59 104 217 265 277 1394 2495 2863 3861 4030 4374
60 80 783
61 315 317 699 1550 2092 2868
62 2707
63 108 167 240 483 497 523 618 619 782 939 985 1070 1105 1255 1406 1582 1924 1991 2380 2385 2463 3378 3739 4265 4320 4394
64 150 173 448 932 1150 1461 1887 2183 2663 2675 2730 3801
65 335 1906 2175 2713 2718
66 171 391 1744
67 79 107 283 302 310 312 347 646 674 913 945 1233 1459 1955 2178 2341 2656 2830 2886 3121 3177 3559
68 298 1790 2676
69 158
70 1494 3710
71 653
72 119 409 923 1549 1631 1679 1766 2629 2905 3849 3989
73 113 206 225 253 266 398 412 414 818 898 907 1029 1616 1865 2052 2155 2164 2476 2865 2876 3991 4045 4328 4335
74 176 237 239 379 421 566 773 1313 2074 2334 4111
75
76 208 1188 1720
77 1384 3745
78
79
80
81 109 177 209 513 648 655 686 892 918 1027 1339 2862 2930 3024 3275 3287 3291 4130 4135
82 121 193 1089 1746 4115
83 634 681 1622 1747 1913 2099 2189
84
85 94 362 621 3536
86 132 719 1286 1371 1839 2111 2314 2382 2457 2460 3044 4145 4272
87 339 492 585 599 658 749 1110 1659 1755 1851 1973 2786 3699 4091
88 790 1775
89 147 184 331 401 2566 3775
90 349 418 682 1217 1834 3480 4310
91 2195 4133
92
93 142 243 574 723 2171 3208 3435 4338
94 1367 1415 1440 2242 2358 2916 3104 3167
95 219 464 515 827 947 1574 1696 2936 3231 3701 3990 4254 4322
96 154 763 2124 2356 2406 3438 3475
97 433 4371
98 111 166 189 447 652 955 1069 1144 1237 1376 1776 1830 1960 2538 2591 4110
99 353 676 946 2768 3434
100
101 1536 3655 4294
102 181 202 274 354 805 881 940 959 1402 1600 2245 2581 2726 3189 3549 3556 4220 4438
103 1164 2426
104 262 322 557 741 905 954 1756 1847 2156 2546 2568 2832
105 1691 2980
106 271 397 868
107 2229
108 191 742 2367 2394 2496
109 420 2343 2784 3693 3981
110 494 1576
111 226 263 358 399 431 704 757 934 952 979 1015 1216 1388 1692 1727 2261 2459 2818 3205 3268 3554 3627 3730 4351
112 4012
113
114 330 702 1420 1843 2088 2642 2660 3833
115 1195 2985 3610
116 288 1505 1658
117 220 295 320 380 475 531 739 770 902 1158 1265 1312 1670 1965 3343 3851 3995 4153 4243
118
119 1779
120 446 565 853 861 915 1145 1654 2236 2955 3331 3643 3977 4346
121 740 1123 2190 2991 3964 4341
122 164 360 370 445 543 627 1186 1685 2154 2256 2393 2685 3295 3367 3586 4027
123 159 169 215 238 306 385 437 473 509 838 977 987 1165 1340 1393 1758 1837 1950 2117 2232 2381 2783 2944 2954 3263 3670 3819 4054 4314
124 241 301 2318
125
126 308 402 435 826 1056 1122 1316 1573 2019
127 162 530 750 1398 1621 2015 2026 2063 2335 2765 3067 4106
128 231 1885
129 297 4227
130 259
131 155 284 803 2468 3443 4205
132
133 387 522 568 685 691 834 1997 3126 3360
134 430 1116 2484 2559 2708 2813 4101
135 1917
136 1495 1808 3473 3929
137 1076 2507
138 1492 1773 2011
139 3432
140 2504
141 4372
142 332 863 1668 4257 4296 4401
143 163 348 606 1020 2287 2756
144 199 247 843 1014 1211 2177 2570 4076
145
146 255 1814
147 778
148 455 717 914 1458 1793 2420 3246 4092
149 183 1018 1637 2780 3458 3657
150 242
151 4213
152
153 393 1304 2006
154 489 789 994 1152 1751 1890 3690 3785 3856 4136
155 597 1147 1464 3461
156
157 591 1879
158 246 1098
159 212 213 214 345 1635 1657 4154
160 1132
161 588 693 920 3064
162 814 1168 1251 1417 2492 3094 3391
163 581 1041 1739 2674 3593 3893
164
165
166 1277 1961 3910 4324
167
168 726 1596 4051
169
170 2725
171 201 626 1608 2300
172
173
174 192 205 411 919 1639 1872 3923
175 232 338 528
176 230 328 364 471 948 1283 1365 1682 1711 2541 3011 3754
177 1052 1532 2715 3041 4146 4161 4206 4411
178
179 4167
180 573 1103
181 3557 3969
182 3299
183 1547 4123
184 667 1945 1992 2084
185
186 1119
187 4038
188
189 280 1443 4283
190 500 1035 1506 2811 3916
191 218 372 396 462 594 644 787 1328 1599 1652 2728 2835 3061 3302 4199 4219
192 697
193 304 357 2943 4228
194 708 1031 4344
195 1441 2071 2520 3410 3565
196 3001
197 361 769 1482
198
199 1067
200 394 635 1829 2315 3795
201 1994
202 542 764 821 1824 3168
203 4144
204 270 996 1478 1897 2022 2550
205 2048
206 3054
207
208 389 438 703 949 1126 1483 1689 1760 3760 3794 3862
209 465 2004 2741 2823
210
211 1108 1342 1605 4118
212 300 743 1008 2264
213
214
215 279 383
216 4286
217
218 1567
219 236 309 365 488 810 943 1066 1529 1870 1882 2153 2186 3068 3245
220 1156 1553 2165
221 879 2290
222 367 4381
223 1175 2113 2395 3700
224 336 403 444 1970 2106
225 960 1528
226 535 1060
227 1355 2050 2425 3103
228 329 343 426 470 1299 2118 3738 4138
229 260 938 1139 1345 2622 3071 3155 3213 3232 3394 3429
230 848 2775 3444 3573
231 2018 2259 4226
232 951 1330 1638 2927 3518 3552
233 1254 1699 2680 3317 3686 4423
234 657
235 545 1858 1932 2254 3437 3744 4218
236 269 673 1873 1927 2206 3656 4168 4190
237 268 503 695 1448 2648 3116
238 276 289 303 324 555 577 705 817 856 1296 1352 1516 1690 1737 1935 2100 2144 2207 2209 2434 2544 2714 2978 3532 3683 3813 4080 4149
239 616 639 819 1518 1978 2959 3234 3381
240
241 1551
242 439 1133 1230 1521 1904 2345 3368
243 608 665 734
244 484
245 2262
246 275 299 366 854 1109 1545 2849 2938 3328 4260
247
248 753 1717 2102
249 359
250
251
252 3049
253 1282 1644
254
255 550 3420 4360
256 406 1297 1789 2077 2217 3215 3750
257
258 355 970 1380 3600 4079 4174 4382
259 625 1947 1966
260
261
262
263 281 479 822 1210 4348
264 285 806 1302 1446 2673 2898 3719
265 1385 1486 2706 3498 3505 3537
266 381 4098
267
268 325 507 832 1684 1883 1888 3829 3918 3931 4137 4345
269
270 427 436 1225 1247 3007 4157 4166 4378 4418
271
272
273 316 1358 4357
274 373 2182 2633 3165
275
276 728 811 1081 1753 2427 3081 4078
277 567 1709
278 458 1294 1356 1730 2087 2231 2265 4386
279 730 3789
280 633 1125 1891 2531 3421 3800
281 1077 3967
282 1336 2097
283 368 580 661 1542 2132
284
285 895 924
286 966 1541 2790 2833 3930
287 800 1102
288
289 3040 3417
290 2952 3731 4066
291
292
293 911
294 400 630 1493 1833 3162 3376 3478 3544 3703
295
296
297 997 2562 3450
298 1512 1693
299 1068 2569 3978
300
301 684
302
303
304 576 2526
305
306 3955
307 525
308 477
309 375
310
311 981 2350 2409
312 466 1379
313
314 1174 1475 1875 2695 3649
315 1106 1403 2727
316
317 561 610
318 2041
319 3259 3705
320 638 1079 1221 2981 3091 3949
321
322 344 2461 3340
323
324 807 1112 1137 2752 2824
325 771 2062 4212
326
327 2625 3098
328 2044 4013
329 3665
330 992 1452 4178
331 474
332
333 611
334
335 390 989 1481 1664 2891 3346 3870 4055
336 536 636 1264 2319 2697 2882 2907 3966 4429
337 1807 3836
338 463 559
339 562 714 872 1613 2435 2763 3507
340 710 1912
341 454 456 532
342 975 1197 1323 1581 2534 2644 4416
343 496 534 643 1509 1943 1986 3400 3418 4026 4448
344
345 1424 1915 2067 2112 2814
346 1474
347
348 3325
349
350
351 2247 3732
352 1306 2803 2834 3015
353 613 812 2716
354 916 1215 2945 3579
355
356 656 700 724 1681 1987 2200 2273 2359
357
358 1061
359
360 572 1674
361 3752
362 422 423 468 1269 1374 1508 1595 2329 3138
363 2235 2471 2769 3596 3835 4427
364 386
365 3427
366 4127
367
368 1942
369
370 510 706 859 1954
371
372 1134 3756
373 487 815 967 2308
374
375 1348 2158 3562
376 2130
377 1176 2582 2846 3117 3847
378 1016
379
380
381
382 554 2486 3338
383 1580 2947 4410
384
385 540 852 1663
386 1673
387 795 813
388 1024 1862
389
390
391 642 1063 2540
392 622 890 1104 1218 2128 3032 3102 3695
393 1630
394
395
396 493 609 791 1801 2712 2982 3195
397 647 650 725 1000 1213 1785 2313 2806 4456
398 1433 2193 3315
399 593 3356
400 3677
401 752
402 1816 2869 3236
403 451 520 624 659 738 1207 1510 2061 2826 2920 3185 3201 4196
404 1131 2918 4337
405 4330
406 1606 1667 2414 3592
407 758 1032
408
409 607
410 664 850 3606 4298
411 476
412 1369
413 711 1603
414
415 441 927 1594 3051
416
417
418
419
420 978
421
422 3017
423
424 1353
425
426 1198 1253
427 3190
428 569 1390 1848 2277 2353 2624 3196 3457 3837
429 1327 1706 1742 2397
430 1143 3257
431 453
432
433 558
434 1864 3456
435
436 2489
437 3578
438 1153 2316 2757
439 1309 1317 1782 2493
440 2014
441 538 547 551 747 768 1556 3244 3996
442 3487
443 779 1088 1219 1535 1974 2285 2643 3140
444 796 2701
445 592 869 1624 2497 2913 3314 3609 3759
446
447 1171 1469 2403 3332
448 563
449 1589 2069
450 1227 1805 1925 3639 3647
451 582 1272 1642 2428 2650 4192
452 3733
453 3796
454 660 1148 1203 1289 2065
455 1094 1308 2856 2932
456 2857 4235
457
458
459 974 1975 2890
460
461 595 2192
462
463
464 798 1090 2451
465 1059
466
467 2852
468 2412 3621
469 2470 2788 2941 3516 3574 3945 4046
470 883 1724 1849 2993 3010
471 2326
472
473 1701 2029 3334
474
475 1033 2346 3199
476
477 1680 1731 2167 4377
478 1823 3084
479
480 1761
481 1619 3594
482 1321 1584 2161 2283
483 876
484 1332
485 598 3210
486
487 651 3414 3638
488 504 2810
489
490
491 524 1466 2246 2603 3279
492
493 678
494
495 998 4185
496 2598 2645 3178 3508
497 825
498 511 3879
499 526 553 615 641 2375 3311 3830 4024
500 2556
501 549
502 809
503 1141 3350
504 1738 1770 1899 2280 2745
505
506 1262
507 1395 2344 2837 3464 3542 3840
508 701 2162 4131 4434
509 1636 2218 3043 3821 3950
510 2120 2339 3468 3841
511 679
512 847 1166 1467 1859 1861 2370 3130 3642 3817 4201
513 849 877 1555 4225
514 820 1480 2342 2798
515 2553 2842 2999
516 1360 1391 1825 3582 3922
517 1361 1952 4414
518
519 718 1232 1409 1526 1676 1796 3009 3652 3827 4359
520 3426 3474
521
522
523
524 1485 1869 2233 3680 3873
525
526
527 761 3422
528
529 1602 3860
530
531 1026 1157 1268 1324 2263 2311 3842 3858
532 1058 1410 1923 1941 2606 2931 4022
533 628 729 1095 1118 2348 2950 3401 3588
534
535
536 3975 4409
537
538 4327
539
540 3678
541 4436
542 781 1315
543 865 1053 1416
544 1719 3207
545
546 1723 2372
547 931
548 1050 1135 3058 4207
549 1499 2307
550 587 604 1023 2462 2466 3608
551
552 963 1937
553
554 925 1048 1736 3370
555
556 601
557 716 2028 2030 2510
558
559 584 1411 2659 3496 4141
560 1507
561
562 620 1903
563
564
565 2537 3471
566 2007
567
568 1114 1200 1248
569
570
571
572 3689
573 3561 4239
574
575 1784
576 906 1161 1450 1857 2678 4420
577 1260
578
579 605
580
581
582 3788
583 3476
584 736 1301 1319 2411
585 1226
586 1614
587 1765 2371 2391
588 1173
589 4285
590
591
592
593 698 755 983 3659 4358
594
595
596 1845
597 680 1370 3904 3965
598 670 760 936 1011 1250 1351 1362 2042 2994 3382 3530 3623
599
600 1359
601 1627
602 1092
603
604 901 2402 4407
605
606 1285 1357 1569 2480 2595 2867 3004
607
608 1373 1389 2764 3164
609
610 668 1201 1828 2179 3100 3906 3984
611
612 663
613 873 1005
614 1501
615 1908 2149 3319 3891 4435
616 3802
617 1946
618 1431
619
620 2584
621 720 776 2984
622
623
624 777 794 969 1055 1113 1514 1795 1818 2251 2500 2948
625 690 696 2617 2787 2974 3272 3486 4065
626
627 1733 3526 4183
628
629 956 2665
630 4398
631
632 1017 1386 2081 2482 3934
633
634
635 1477 1714
636 2145 4028
637
638 675 1167 2861
639 735 972
640 4139
641
642 4037
643
644 3887
645 1646
646
647 828 1075 4402
648 1013
649 1082
650 968 1191 2238
651 1713
652
653 1953 2194
654 2103 2296 2609 2937 3027 3253 4087
655 1588 2055 2399 2408 3641
656
657
658
659 1199 1242 3868
660
661 3233
662
663 1695
664 745 964 1142 2895 3877
665
666 2363
667
668 2490 2552 3509 4350
669 713 1120 1856
670 1838 2601 2965
671 1287 2547
672
673
674
675 1083
676 1895 3902
677
678 1708 3510
679 835 1138 1786 3119 3743 3944 4395
680
681
682 912 3389
683 2163
684 3284
685 1183 2448
686
687
688
689 2589 4187
690
691 1149 1259 1544 3235
692
693 1159 1956 2535 3143 3176 4001
694
695 1732
696 4279
697 1988 2829
698 1473
699 1121 1451
700 2506 3878 4249
701 980 2481 2612 2618 2799 3035 3156 3172 3558
702 986
703 772 1182
704 1649
705 2456 3483 3816
706 864 2278
707
708
709
710 1185 4380
711 1907 2023 3273
712 1871 2416
713 754 2331 2719
714 744 1030 1124 3513 4290
715
716 837 893 1028 4295
717
718
719
720
721 2336
722
723
724 784 3095
725 1445
726
727 3648
728
729 962 1768 1929 2536
730 1036 1434 1497 1601 4230
731 3228 4408
732
733 1465 1898 2025
734 891 1476 3099 3180 3462 3666
735
736
737 1051 1427 1892 1921 2498 3997 4339
738 937 1703 4421
739
740 793 1726 2083 3428 4158
741 1745 4232
742 1276
743
744
745 3624 3805
746 2831 2858 4373
747 780 1354 2364
748
749 2148
750 1074
751 921
752 1683 1800 4361
753 1560
754 1587 3362 3629 4107
755
756 1819 3141 3373
757
758 1405
759
760 1009
761
762 1453 2292 4331
763 1025
764 2172 3815 3885
765 1972 3714
766 2080 3230
767
768 1698
769 3125
770 2398 3300
771 1128 3227 4172
772
773 3757
774 1273 1977 2738
775
776 4163
777 1712
778 801 3014 4424
779 2298
780
781 1046 3406
782 1343
783
784 2013 3718
785
786 3602
787
788 878 1229 1675 2012 2191 2309
789 799 1672 2187
790 2892 3088 3740 4441
791 3726
792
793 2580
794 2843
795
796 1902
797
798 3002 3170
799
800
801
802
803 857 3408
804 1496 2010
805 1662 2330 3262
806 1377 1546 2045 2159 2249
807 1764 1792
808 3047
809
810
811 1436 2234 3090
812 1449
813
814 1688 2017 2213 2508 2904
815 833 1559 1575
816 2396
817
818 1364 2759 2880
819 1305
820 2168
821 1454 2212 2433 4173
822 870
823
824
825 1228 3365
826
827
828 1187
829 884 1163
830
831 1064 2717 2851
832 1085
833
834 4203
835 1045 2923 2987 3028 3214 3453
836 3157
837 1645 2392 3281
838 2819
839 2066
840 1392 1583 1962
841
842 942 4412
843
844
845 2210 2668
846
847
848 2068
849 958 2031 3345 3702 4392
850 2240 3763
851
852
853 2479 2521
854 3075
855
856 2151
857
858 965 2214
859 1419 2079 3096
860
861 1107 2237 2933
862
863
864 889 2681 4391
865 1665
866
867
868 1490 1517
869 2760 3790
870 1280
871 922
872 2525
873
874 1620 1705 3261 3869
875
876 2450
877 1179 1752 3034 3889 3935 4269
878 1749
879 1418 2176
880
881 3005
882
883 2057 3192
884 4210 4450
885 3144
886 1290 1678 2129 2170 2180 2407
887 2020
888 2549 3204 3709
889 2758 3385 3633 3778
890
891 1044 2016
892
893
894
895 2436
896
897
898
899 1543
900 2295
901
902 1661 3056
903
904
905 1634 2053
906 1455 2884 2897 3200
907 1160
908 2501 3826 4188
909
910
911 2072 2108
912
913
914 930 1886 3149
915 1700 2104 2796 3736
916
917
918 1038 1249 1922 2303 3078 3276
919 1428 3500 4121
920 3441
921
922
923 1127 1623
924 2969 3415
925
926
927
928
929
930
931
932 3454 3734 4053
933
934
935
936 2046
937 976
938 2646 2649 3407
939 1261 4009
940
941
942 2429
943 991 3850 3866
944
945
946 2776
947
948 1759 3404 3886
949
950 1729 3472 3591
951
952
953 2611 3911 4307
954 2749
955 3250
956
957 984
958
959 1004 1442
960 1772 2560
961
962
963 1592 1625 1817 3000 3696 4056
964
965 2779
966 2605 2800
967
968
969 1101 1331 2443 3436 3589 3926
970 2686 3398
971 988 1292 2516 2661 3050 3060
972
973
974 1382 1780
975 2637
976 1274 1538 1827 1928 2494
977
978
979 3867 3898
980 1130 1205 1502
981
982 2039 2169 2388 2505 4202
983 1194 2908
984 3163
985
986
987
988 1540
989
990 2227 2289 3632
991
992
993
994
995 3698
996
997 1252 2243 4334
998
999
1000 1117 1363 2105 2389 2587 3175
1001 1246
1002
1003 1803
1004
1005 2204 2753 3146 3364 4042
1006
1007 1100 2312 2477 2836
1008
1009
1010
1011 2137
1012 2196 2413 2710 4159
1013
1014 1190 3528
1015
1016
1017 1572 3392
1018
1019 1612
1020
1021 2623
1022
1023
1024
1025 1093 1222 1769 4088
1026 1462 2657 3072 4015
1027 1234 1457 3503
1028 4077
1029 1515
1030
1031
1032
1033
1034
1035 1155 2379
1036 1439 2390
1037
1038 2001
1039 2323 3316
1040 1598 3194
1041
1042
1043 1320
1044
1045 1071 1910
1046
1047 2369
1048 2807
1049 1096
1050
1051
1052 1136
1053
1054
1055
1056 3651
1057 2269
1058 4043
1059
1060 3242
1061 2377 2563
1062
1063 1383 2059 3151
1064 2282 3048
1065
1066
1067 1220 1846
1068
1069 3266
1070
1071 1531 2995
1072
1073 1115 2304 2487 3337
1074
1075
1076
1077
1078
1079
1080 3625 3783
1081
1082 4020
1083
1084
1085
1086 2911
1087 2533 2812
1088
1089 2453 2983
1090
1091
1092 3894
1093 1522 1537
1094 1725
1095
1096 3308
1097
1098
1099
1100
1101 1426 1607
1102
1103 1335 2239
1104
1105 1896
1106
1107
1108 1241 3239 3511
1109
1110 3147
1111 1840 1900 2449 2878 3753 3773 3921
1112
1113
1114 1513
1115
1116 3679 4083
1117
1118 1307
1119 2734
1120 3322 4069
1121 3120
1122
1123
1124
1125
1126
1127
1128
1129
1130
1131
1132
1133
1134
1135
1136 1586
1137
1138 1628 2415 3123 3913 4073
1139 2291
1140 1990
1141
1142
1143
1144 1372 3289
1145
1146 1498
1147
1148
1149
1150 1243 2767 3283
1151
1152 3109
1153
1154
1155 1530 2002 3793
1156 2723 2976
1157 2299 2683 3555 4160 4246
1158 2208
1159
1160
1161 2114 2219 2275 2762 3018
1162
1163 3105
1164
1165 2887
1166
1167
1168
1169
1170
1171
1172
1173 1295 2555
1174
1175
1176
1177
1178
1179 3166 3369
1180
1181 1421
1182
1183
1184 2220
1185 1479 4025
1186 1303
1187
1188 1245
1189 1850
1190 1399 1914 2979
1191
1192
1193 3597
1194 1788 2075
1195 3844 4094
1196 1880
1197
1198 3455
1199
1200
1201
1202 1656
1203
1204
1205 2509 2647
1206
1207
1208 1344 1971
1209
1210 4266
1211
1212 1223 2467 3112
1213
1214
1215
1216
1217 1648 3371
1218 1571 3855
1219 2127 2305 4366
1220 1368 3193
1221 2671 3402
1222
1223 1579 1748 2441
1224 4403
1225 3645
1226
1227 1832
1228 1604
1229
1230 1813 2244
1231 1271 1718 3070 3179 3347
1232 3828
1233 3823
1234 1810 4063
1235
1236
1237
1238
1239
1240
1241
1242
1243 3448 4267
1244 1325 2226 3022
1245 1548 1563
1246
1247
1248 1484 1799 2040 2198 2709
1249
1250 1562 1643
1251
1252 1281 2121 2850 2953
1253 2445 3142 3440 3735
1254
1255 1835
1256
1257
1258
1259
1260
1261 1279 1341 1423
1262 3003 3286
1263 1346 1471 2003 2047 3293 4326
1264 1425 2036
1265 1781 2085 3139 3445
1266 2523
1267 2357
1268
1269 3758
1270 1983
1271 1491 1503
1272 1593
1273 4193
1274 2465 2636
1275
1276
1277 1468 2747 3396 4277
1278
1279
1280 2754
1281 3771
1282
1283
1284
1285 1554 2491 3085 3348 3905
1286 2599 2632 3249 4062
1287 2401
1288
1289
1290 1741
1291 1400 1632
1292 2917
1293 3751
1294
1295
1296
1297 3797
1298
1299 2590 2679
1300
1301 2166
1302
1303
1304
1305 3477
1306 1976
1307 1647 2990
1308 2043
1309
1310
1311 2091 3046 3351 3403 4430
1312 1329
1313 1774
1314
1315
1316
1317 2585 4031
1318
1319 3780
1320
1321
1322 2658 3329
1323
1324
1325
1326 3900
1327 1504 2893
1328 4171
1329 3888
1330
1331
1332
1333 2608
1334 4237
1335 1868
1336
1337
1338 1771 1939
1339
1340
1341
1342
1343 3524
1344
1345
1346 2267
1347
1348
1349
1350
1351
1352
1353
1354
1355
1356
1357 3806
1358
1359
1360
1361
1362 1802 2782
1363
1364
1365
1366
1367
1368 2051
1369
1370 3129
1371
1372
1373 2418
1374 1387 1414 3131
1375
1376 1650 2093
1377
1378
1379
1380
1381 2454
1382
1383 1998
1384
1385
1386 1533 2094 4103
1387
1388
1389 1969 2561 3742
1390
1391
1392 1958
1393 2268 3361
1394 1432
1395 1653
1396 1527 3493 4148
1397
1398 3202
1399 2288 2874
1400
1401
1402
1403
1404 1710 2302
1405 1618 1884
1406
1407
1408
1409 2972
1410
1411
1412
1413
1414
1415 1437
1416
1417 2119 2670
1418
1419 3519
1420 1577 3038 3122 3673 4082
1421
1422
1423 2821
1424 1470 2421 4288
1425
1426 1836
1427
1428
1429 1460 1783 2279 2310 2958 4245
1430
1431 3765
1432
1433
1434
1435
1436
1437 1763
1438 4104 4262
1439 3023 3928
1440 3086
1441
1442 2551 3042 3393 3413 3466 3577 3613
1443
1444
1445 3306
1446 2000 2664
1447
1448 2096 2404 3269
1449 1894 2184
1450 2216 4383
1451
1452 2720 2838
1453
1454 1519 2139 3636
1455 3449
1456 4156
1457 3304 3492
1458
1459
1460
1461
1462
1463 1826
1464 2740
1465 4125
1466
1467
1468 2136
1469
1470
1471 1655
1472
1473
1474
1475 2110
1476
1477
1478
1479
1480
1481 2619
1482
1483
1484
1485
1486 1936
1487
1488 3767
1489
1490
1491
1492
1493 2152 2522 4186
1494
1495
1496
1497
1498 2284 2478 3939 4432
1499
1500
1501
1502
1503 2733
1504 4256
1505
1506
1507
1508
1509
1510
1511 1909 4362
1512
1513 1820
1514
1515 2324 3983 4270
1516 3312
1517
1518
1519 1841
1520 4006
1521
1522 4247
1523 3634
1524
1525 3363
1526
1527
1528
1529
1530
1531 3062 3553 4189
1532
1533 1750
1534 2056
1535 3145
1536
1537
1538 2518
1539
1540 2975
1541
1542
1543
1544
1545 1981 2141 3237 3831
1546
1547
1548 1919 2082 2133 2181 2469 3013 3055
1549
1550
1551 1564 1964 4396
1552 2864 3238
1553
1554
1555
1556
1557
1558 2351 4181
1559 1715
1560
1561
1562
1563 2224 2600 3501
1564
1565
1566
1567
1568 3903 4029
1569
1570
1571 2115
1572
1573
1574
1575
1576 2514
1577 2225
1578 3323
1579 2502
1580 2035
1581
1582
1583
1584 1762 3962
1585
1586 2252 3025
1587
1588
1589 1797
1590
1591 3424
1592
1593
1594
1595
1596 1889 4304
1597
1598 4311
1599 1754
1600
1601
1602
1603
1604 1669 2021
1605 1878
1606
1607 2444 2973
1608
1609
1610
1611 3968
1612 1918
1613
1614
1615
1616 2684 3270
1617
1618
1619 3569 3770
1620
1621
1622 4332
1623 3960
1624 2258
1625
1626
1627 1728
1628 3020 4089
1629
1630 2579
1631 2134
1632
1633
1634
1635 2260
1636 4385
1637
1638
1639 2666
1640
1641
1642
1643
1644 1853 2828
1645
1646 3587
1647
1648 3012
1649
1650
1651
1652
1653
1654
1655 2934
1656
1657
1658
1659
1660 2638
1661
1662
1663
1664 2410
1665 3741
1666 3076
1667 3333
1668
1669
1670 1877
1671
1672
1673 2360 2639 4445
1674
1675 3352
1676
1677
1678
1679
1680 3832
1681
1682 1798 3567
1683 1982 4129
1684
1685 2276 3465 4370
1686
1687 2699
1688
1689
1690 3124
1691 1702 1704
1692
1693
1694
1695 4275
1696 1901
1697 2338
1698
1699
1700
1701 1809
1702
1703
1704 1968 2593 3564 3872
1705 3859
1706
1707 1791 2847
1708
1709
1710
1711 2586 3222
1712
1713
1714 1812
1715 2442
1716
1717 2140
1718
1719 2306
1720
1721
1722
1723 2160
1724
1725
1726
1727
1728 3327 3650
1729
1730
1731 1806 2795 3489 4102 4204
1732
1733
1734 1777
1735 1995 3375
1736 3899
1737 2274
1738
1739
1740
1741 3792
1742 3271
1743
1744
1745 2101
1746 2090 3459
1747
1748 2095
1749
1750
1751 3810
1752 3388
1753 2594
1754 2854 3675
1755 4052
1756
1757 2567
1758
1759
1760
1761 2513
1762 1821 2440
1763
1764
1765
1766
1767 2737 4180
1768
1769
1770 2855
1771
1772 3187 4375
1773
1774
1775
1776
1777
1778
1779 2458 3687
1780
1781 2517 4349
1782
1783
1784
1785 2337 3212
1786
1787 2049
1788
1789 1874
1790 2437 3504 3548
1791
1792
1793
1794
1795
1796 1876 4369
1797 2199 3662 4248
1798
1799
1800 2205 3467
1801 4355
1802
1803
1804
1805 2142
1806 3491
1807 1944 2032 2447 3481 3601 3986
1808
1809
1810 1934 2432
1811
1812
1813
1814
1815 3030 3469
1816
1817
1818
1819
1820
1821
1822
1823 3160
1824
1825
1826 3961
1827 1957 3896
1828 2089 2325 2871
1829
1830
1831
1832
1833
1834 2033 2473
1835
1836 2885 3173
1837
1838
1839
1840
1841 4291 4405
1842
1843
1844
1845
1846
1847
1848
1849
1850
1851 2362
1852
1853
1854
1855
1856
1857 2808 2900
1858 2423
1859 2557
1860
1861
1862
1863
1864
1865 1967 2755 2915
1866
1867
1868
1869 3617
1870 2634
1871
1872
1873 2328
1874
1875 3354
1876
1877
1878 2866 3169 3336 3952
1879 3203 4074 4200
1880
1881
1882 4221
1883 3008 3692 4413
1884
1885 3514
1886
1887
1888
1889
1890 3946
1891
1892 2241 2722
1893
1894
1895 1993 3341
1896
1897 2024
1898
1899 2992 3814
1900
1901 3182
1902
1903 2614 3664
1904
1905 4241 4263
1906
1907 2967
1908
1909
1910
1911 3191 3635
1912
1913
1914
1915
1916
1917 3220 3882
1918
1919
1920 3153
1921
1922 2651 2848
1923
1924 2203 2248 2322
1925 3724
1926
1927
1928
1929
1930 3079 3433
1931
1932
1933
1934
1935
1936 3598
1937 3128
1938
1939
1940 2223
1941
1942 2528
1943
1944
1945
1946 2635
1947
1948
1949
1950
1951 3423
1952
1953
1954 3566
1955 4095
1956
1957
1958
1959
1960
1961
1962
1963 2511
1964
1965
1966 4419
1967
1968
1969
1970
1971
1972
1973
1974
1975
1976
1977
1978
1979
1980
1981
1982
1983 2146
1984
1985 3366
1986
1987 2123 2150 2750 2785 2901 3353 3460
1988
1989 2027 2883
1990 3942
1991
1992 4150
1993
1994
1995 3065
1996
1997 3834
1998 2197
1999
2000
2001
2002
2003 2135 2255 2286 3303
2004
2005 2034 2879
2006 2054 4151
2007
2008 3864
2009 3218
2010 3529 3803 4284
2011 2583
2012
2013
2014
2015
2016
2017
2018 4333
2019
2020
2021
2022 3037
2023
2024
2025
2026
2027
2028
2029
2030
2031
2032
2033 2816
2034
2035
2036
2037
2038
2039 2221 3066 3607
2040
2041 3937
2042 3089
2043
2044
2045
2046
2047 2529
2048
2049 2503
2050 3908
2051 4209
2052 3779
2053
2054
2055 2960
2056
2057 2620
2058
2059
2060
2061
2062
2063 2873
2064
2065
2066
2067
2068
2069
2070
2071
2072
2073 2452 3551 3948
2074 2317 2641
2075
2076
2077
2078 3539
2079 2766 3409
2080
2081
2082 3941
2083
2084
2085 3874 4007
2086 4057
2087
2088
2089 2604
2090
2091 2778 4064
2092 3697 4003
2093 3712
2094
2095
2096
2097 3547
2098
2099 3618
2100
2101
2102 2672 4444
2103
2104
2105 2578
2106
2107
2108
2109
2110
2111 4086
2112
2113 2736 3258
2114
2115
2116
2117
2118 2294 4457
2119
2120
2121 2257
2122
2123
2124
2125 3917
2126
2127
2128
2129
2130 3974
2131
2132
2133
2134
2135 2474 3812
2136
2137
2138 2419 2781
2139
2140
2141 2986
2142
2143
2144 3672
2145
2146 2572 3517
2147 2512
2148
2149
2150 3951
2151
2152 2354
2153
2154
2155
2156
2157 4140
2158
2159
2160
2161
2162
2163
2164
2165
2166
2167
2168 3484 3825
2169
2170
2171 2368 2602
2172
2173
2174 3992
2175
2176
2177
2178
2179
2180
2181
2182
2183 3919
2184 2825
2185
2186
2187
2188
2189
2190 3646 4400
2191
2192
2193 3026
2194
2195
2196
2197
2198 3267
2199
2200
2201
2202
2203
2204
2205
2206
2207
2208 3546
2209
2210
2211 2621
2212
2213 3637
2214 3052
2215
2216 4443
2217
2218
2219
2220 2929
2221 3531
2222
2223 2250 2347
2224 4048
2225
2226
2227
2228
2229
2230
2231
2232
2233
2234 2576 3676
2235 2575 4147
2236
2237 4224
2238
2239 4215 4233
2240 4208
2241
2242 4184
2243
2244
2245
2246 2853 4112
2247
2248 4011
2249
2250
2251 2654 2705 3405 3892 4058 4415
2252 3339
2253 2631 3073 3397
2254
2255
2256
2257
2258
2259 3963
2260 4315
2261 4124
2262
2263
2264
2265
2266
2267 3674
2268
2269
2270
2271
2272 2696
2273 4113
2274 2431
2275
2276
2277
2278
2279
2280
2281 2687
2282 2998 3585
2283
2284
2285
2286 3993
2287
2288 2924
2289
2290
2291
2292 2519 2691 4388
2293
2294 3310
2295
2296
2297
2298
2299
2300
2301
2302
2303 2793
2304
2305 4376
2306 3101
2307 2340
2308
2309 2957
2310
2311 3243
2312
2313
2314 3256
2315
2316
2317 3223
2318
2319
2320
2321
2322 2996
2323
2324 3452 4044
2325 2422 3572 4253
2326
2327 3254
2328 2424
2329
2330 2333 2446 4389
2331
2332 2472
2333 2613 2971 3374 3925 3970
2334
2335 2527
2336
2337
2338
2339
2340
2341
2342
2343
2344
2345 3019 3852
2346
2347
2348
2349 4023
2350
2351
2352 2729 4195
2353 2963 3039
2354 2607
2355 3988
2356
2357 2653 2888 2961 3016 3313
2358
2359
2360
2361
2362
2363
2364
2365 2914
2366
2367
2368
2369
2370 3134
2371
2372
2373
2374 3248
2375 2610 2774
2376 3523
2377 2543 3188
2378
2379
2380
2381
2382
2383
2384
2385
2386
2387
2388
2389
2390
2391
2392 2616 3265
2393
2394
2395
2396
2397 2751 4342
2398
2399
2400 3901
2401
2402
2403
2404
2405
2406
2407 4399
2408
2409
2410
2411
2412 2662
2413
2414
2415
2416
2417 3430
2418
2419 2689
2420
2421
2422
2423 2499 2597
2424 2694
2425 3747
2426 3599 4162 4347
2427
2428
2429
2430
2431
2432
2433
2434
2435
2436
2437
2438
2439
2440 3197 3658
2441
2442 3053
2443
2444
2445
2446 2530 2702 3688
2447
2448
2449
2450
2451 4231
2452
2453
2454 3077
2455
2456
2457
2458 3644
2459
2460 2677 3174
2461
2462
2463
2464
2465
2466
2467
2468
2469 3784
2470
2471
2472
2473
2474
2475 4072 4261
2476
2477
2478
2479
2480 2577
2481
2482
2483
2484
2485
2486
2487
2488 3631 3766 4021
2489
2490
2491 4299
2492
2493
2494
2495
2496
2497
2498
2499
2500 3550
2501
2502
2503
2504 4099
2505
2506
2507
2508
2509 2949
2510 4002
2511
2512 3069
2513
2514
2515
2516 2771 3497
2517 3717 4177
2518
2519
2520
2521
2522
2523
2524
2525
2526 4117
2527
2528 4036
2529
2530
2531
2532
2533
2534
2535 2966 3217 3728
2536
2537
2538
2539
2540 2942
2541
2542
2543 3979
2544 3721
2545
2546
2547
2548
2549
2550
2551
2552
2553 2735
2554
2555 2564
2556
2557 2870
2558
2559 2627 2839
2560
2561
2562
2563
2564
2565
2566
2567 2968 3082
2568
2569
2570
2571
2572
2573
2574 4356
2575
2576
2577
2578 3282 3999
2579
2580
2581
2582
2583
2584
2585 4068
2586
2587
2588
2589
2590
2591
2592
2593
2594
2595
2596 3722
2597
2598
2599 4293
2600
2601
2602
2603
2604 4455
2605
2606
2607
2608
2609 2761
2610
2611
2612
2613
2614
2615
2616
2617 2805 3031
2618
2619
2620 3543
2621
2622
2623
2624
2625
2626 4234
2627
2628 4264 4354
2629 3769
2630
2631
2632
2633
2634
2635
2636
2637
2638
2639
2640
2641 3755
2642
2643
2644
2645
2646 2921
2647
2648
2649
2650
2651 3359
2652
2653
2654
2655
2656
2657 2912 2970
2658 4081
2659
2660 2822
2661
2662
2663
2664
2665
2666
2667
2668
2669
2670
2671 2688 2926 3843
2672
2673
2674 3616
2675
2676
2677
2678 3622
2679
2680
2681 3799 4447
2682
2683 2731
2684 3154
2685
2686
2687
2688
2689
2690
2691
2692
2693 2946
2694
2695
2696
2697
2698
2699
2700
2701
2702 4406
2703
2704 3297
2705
2706
2707
2708
2709 3667
2710
2711 3184
2712
2713
2714
2715 3881
2716
2717
2718
2719
2720 4280
2721
2722
2723
2724 4034
2725
2726
2727
2728
2729
2730
2731
2732
2733
2734 3225
2735 4251
2736
2737
2738
2739 2772
2740
2741 4309
2742
2743
2744
2745
2746
2747
2748
2749
2750
2751 3136
2752
2753
2754
2755
2756
2757
2758
2759
2760 3021
2761
2762
2763 4449
2764 3379 4240
2765
2766
2767
2768
2769
2770
2771 3628
2772
2773 3318
2774
2775 3729
2776 2956
2777
2778
2779
2780
2781 3255 3533
2782
2783 3570 3626
2784
2785 4071
2786 3515
2787
2788
2789 2951
2790
2791
2792
2793
2794
2795
2796
2797 4308
2798
2799
2800
2801
2802
2803
2804
2805
2806
2807
2808 3301
2809
2810
2811
2812
2813
2814
2815
2816
2817
2818
2819
2820
2821 3653 4122
2822
2823
2824 4143
2825
2826
2827
2828
2829
2830
2831 4255
2832 3959
2833
2834
2835
2836
2837
2838
2839
2840
2841
2842
2843
2844 3083
2845
2846
2847
2848
2849
2850
2851
2852
2853
2854
2855
2856
2857
2858
2859 3358 4368
2860
2861 3809
2862 4016
2863
2864
2865
2866 3541 4367
2867
2868
2869 2964 3871 4258
2870
2871 4454
2872
2873 3540
2874
2875
2876
2877 3114
2878
2879 3595
2880
2881 3107
2882
2883 3781
2884
2885
2886
2887
2888
2889
2890
2891
2892
2893
2894 3292
2895
2896 3580
2897
2898 3668
2899
2900
2901
2902 4067
2903
2904
2905
2906
2907
2908
2909
2910
2911 3412 3980
2912
2913
2914
2915
2916 3158
2917
2918 3682 4010
2919
2920
2921
2922
2923
2924 4119
2925
2926
2927 3615
2928
2929
2930
2931
2932
2933
2934
2935
2936 3545
2937
2938
2939
2940 4302
2941
2942
2943
2944 3206
2945
2946
2947
2948
2949
2950
2951 3198
2952
2953
2954
2955
2956
2957
2958
2959 3080
2960 4273
2961
2962
2963
2964
2965 4005
2966
2967
2968
2969 2989
2970
2971
2972 3006 3342 4176
2973
2974
2975
2976
2977 3335
2978
2979 4211
2980
2981
2982
2983
2984
2985
2986
2987
2988
2989
2990
2991
2992 3447
2993 3425
2994
2995
2996
2997 3520
2998
2999
3000
3001
3002 3305 3330
3003
3004
3005
3006 4343
3007
3008 3029 4446
3009
3010
3011
3012
3013
3014
3015
3016
3017 3251
3018 3954
3019
3020 4004
3021 3563 3694
3022
3023 4047
3024
3025
3026
3027
3028
3029
3030
3031
3032
3033 3045
3034 3219
3035
3036
3037
3038
3039
3040
3041
3042
3043
3044
3045
3046
3047
3048
3049
3050
3051
3052
3053
3054
3055 3947 4059
3056
3057
3058 3762
3059
3060
3061 3535
3062
3063
3064
3065
3066
3067
3068
3069
3070
3071
3072
3073
3074 3880
3075
3076
3077
3078
3079
3080
3081
3082
3083
3084 3671
3085
3086 3209
3087
3088
3089 3782
3090
3091
3092
3093
3094
3095
3096
3097
3098 3395
3099
3100
3101
3102 3387
3103
3104
3105
3106
3107
3108 4152
3109 3183
3110
3111
3112
3113
3114 4417
3115
3116
3117 3506 3720
3118
3119
3120 3846
3121 3685
3122
3123
3124
3125 3853
3126
3127 3357
3128
3129
3130
3131
3132 3883
3133
3134
3135
3136 3776
3137
3138
3139
3140
3141
3142
3143
3144
3145
3146 3224 3568
3147
3148
3149
3150
3151 3839
3152 3976
3153 3161
3154
3155
3156
3157
3158
3159 3768 3909
3160 4041
3161
3162
3163
3164
3165
3166
3167
3168
3169 3277 4179
3170
3171
3172 3620
3173
3174
3175
3176 3320 4384
3177
3178 3749
3179
3180
3181
3182
3183
3184 3704
3185
3186 3451
3187 4014 4197
3188 3715
3189
3190
3191
3192 4319
3193
3194
3195
3196
3197 3845
3198
3199 3681
3200
3201
3202
3203
3204
3205
3206
3207
3208
3209 3581
3210
3211 3895
3212
3213
3214
3215
3216
3217
3218
3219
3220
3221
3222 3240
3223 4100 4250
3224
3225
3226
3227 4132
3228
3229
3230
3231
3232
3233
3234
3235
3236
3237
3238
3239
3240
3241
3242
3243
3244 4453
3245
3246
3247
3248
3249
3250
3251
3252
3253
3254
3255
3256
3257
3258
3259
3260
3261 3355
3262
3263
3264
3265
3266
3267 3575 3982
3268
3269
3270
3271
3272
3273
3274
3275
3276 4238
3277
3278
3279
3280
3281
3282
3283
3284
3285
3286
3287
3288
3289
3290
3291
3292
3293
3294
3295
3296
3297 3707
3298
3299
3300 4397
3301
3302
3303
3304
3305 3972
3306
3307
3308
3309
3310 3875
3311
3312
3313
3314
3315
3316
3317
3318
3319
3320
3321
3322
3323
3324
3325
3326
3327
3328
3329
3330
3331
3332
3333
3334
3335
3336
3337
3338
3339
3340
3341
3342
3343
3344
3345
3346
3347
3348
3349
3350
3351
3352
3353
3354
3355
3356
3357
3358
3359
3360
3361
3362 3838
3363 3973
3364 4404
3365 4165
3366
3367
3368
3369
3370
3371
3372
3373
3374
3375
3376
3377
3378
3379
3380
3381
3382
3383 4425
3384 3669
3385
3386
3387
3388
3389
3390
3391
3392
3393
3394
3395
3396 3787
3397
3398
3399 3811
3400
3401
3402 3499
3403
3404
3405
3406
3407
3408
3409
3410 4428
3411
3412
3413
3414
3415
3416
3417
3418
3419
3420
3421
3422
3423
3424 3603
3425
3426 3985
3427
3428
3429
3430
3431
3432
3433
3434
3435
3436
3437
3438
3439
3440
3441
3442
3443
3444
3445
3446
3447 3660
3448
3449
3450
3451
3452 3761
3453
3454 3927
3455
3456
3457
3458 4155
3459
3460
3461 4297
3462 3890
3463
3464
3465
3466
3467
3468 4442
3469
3470
3471
3472
3473
3474
3475
3476
3477
3478
3479 3884
3480 3512
3481
3482
3483
3484
3485
3486
3487
3488
3489
3490
3491
3492
3493
3494
3495
3496
3497
3498
3499
3500
3501
3502
3503 4084
3504
3505
3506
3507
3508
3509
3510
3511
3512
3513
3514
3515
3516
3517 3614
3518
3519
3520
3521
3522
3523
3524
3525
3526
3527
3528
3529
3530
3531
3532
3533 4353
3534
3535
3536
3537
3538
3539
3540
3541
3542 3640 4281
3543
3544
3545 4268 4292
3546
3547
3548
3549
3550
3551
3552
3553
3554
3555
3556
3557
3558
3559
3560
3561
3562
3563
3564
3565
3566
3567
3568
3569
3570
3571
3572 4050
3573
3574
3575
3576
3577
3578 3863 4222
3579
3580
3581
3582
3583
3584
3585
3586 3727 3746
3587
3588
3589
3590
3591
3592
3593
3594
3595
3596
3597 4259
3598
3599
3600
3601
3602
3603
3604
3605
3606
3607
3608
3609
3610
3611
3612
3613 4116
3614
3615 4329
3616 3933
3617
3618
3619
3620
3621
3622
3623
3624
3625
3626
3627
3628
3629
3630
3631
3632
3633
3634
3635
3636
3637
3638 4336
3639
3640
3641
3642
3643
3644 3764
3645
3646
3647
3648
3649
3650
3651
3652
3653
3654
3655
3656
3657
3658
3659
3660
3661
3662 4271
3663
3664
3665
3666
3667
3668
3669
3670
3671
3672
3673
3674
3675
3676
3677
3678
3679
3680
3681
3682
3683
3684
3685
3686 4300
3687
3688
3689
3690
3691
3692
3693
3694
3695
3696
3697
3698
3699
3700
3701
3702
3703
3704
3705
3706
3707
3708
3709
3710
3711
3712
3713 3808
3714
3715
3716
3717
3718
3719
3720
3721
3722
3723
3724
3725 4313
3726
3727 3854
3728 4039
3729
3730
3731 4274 4439
3732
3733
3734 3897
3735
3736
3737
3738
3739 3774
3740
3741
3742 4093 4426
3743
3744
3745
3746
3747
3748
3749
3750
3751
3752
3753
3754
3755
3756
3757
3758
3759
3760
3761
3762
3763 4305
3764
3765
3766
3767 3820
3768
3769
3770
3771
3772 3907
3773
3774 3915
3775
3776
3777
3778
3779
3780
3781
3782
3783
3784
3785
3786
3787
3788
3789
3790
3791
3792
3793
3794
3795
3796
3797
3798
3799
3800
3801
3802
3803
3804
3805
3806
3807
3808
3809
3810
3811
3812
3813
3814
3815
3816
3817
3818
3819
3820
3821 3848 4033
3822
3823
3824
3825
3826
3827
3828
3829
3830
3831
3832
3833
3834
3835
3836
3837
3838
3839
3840
3841
3842
3843
3844
3845
3846 4061
3847
3848
3849
3850
3851
3852
3853
3854
3855
3856
3857
3858
3859
3860
3861
3862
3863
3864
3865
3866
3867
3868
3869
3870
3871 4390
3872
3873
3874 4431
3875
3876
3877
3878
3879
3880
3881
3882
3883
3884
3885
3886
3887
3888
3889
3890
3891
3892
3893 4018
3894
3895
3896
3897
3898
3899
3900 4169
3901
3902
3903
3904
3905
3906
3907
3908
3909
3910
3911
3912
3913
3914
3915
3916
3917
3918
3919
3920
3921
3922
3923
3924
3925
3926
3927
3928
3929
3930
3931
3932
3933
3934
3935
3936
3937
3938 4364
3939
3940
3941
3942 4008
3943
3944
3945
3946
3947
3948
3949
3950
3951
3952 4134
3953
3954
3955
3956
3957
3958 4019 4316
3959
3960
3961
3962
3963
3964
3965
3966
3967
3968
3969
3970 4214
3971
3972
3973
3974
3975
3976
3977
3978
3979
3980
3981
3982
3983
3984
3985
3986
3987
3988
3989
3990
3991
3992
3993
3994 4301
3995
3996
3997
3998
3999
4000
4001
4002
4003
4004
4005
4006
4007
4008
4009
4010
4011
4012
4013
4014 4216
4015
4016
4017
4018
4019
4020
4021
4022
4023
4024
4025
4026
4027
4028
4029
4030
4031
4032
4033
4034
4035
4036
4037
4038
4039
4040
4041
4042
4043
4044
4045
4046
4047
4048
4049
4050
4051
4052
4053
4054
4055
4056
4057
4058
4059
4060
4061
4062
4063
4064
4065
4066
4067 4126
4068
4069
4070
4071
4072
4073
4074
4075
4076
4077
4078 4252
4079
4080
4081
4082 4289
4083
4084
4085
4086
4087
4088
4089
4090
4091
4092
4093
4094
4095
4096
4097
4098
4099
4100
4101
4102
4103
4104
4105
4106
4107 4306
4108
4109
4110
4111
4112
4113
4114
4115
4116
4117
4118
4119
4120
4121
4122
4123
4124
4125
4126
4127
4128
4129
4130
4131
4132
4133
4134
4135
4136
4137
4138
4139
4140
4141
4142
4143
4144
4145
4146
4147
4148
4149
4150
4151
4152
4153
4154
4155
4156
4157
4158
4159
4160
4161
4162
4163
4164
4165
4166
4167
4168 4440
4169
4170
4171
4172
4173
4174
4175
4176
4177
4178
4179
4180
4181
4182
4183
4184
4185
4186
4187
4188
4189
4190
4191
4192
4193
4194
4195 4282
4196
4197
4198
4199
4200
4201
4202
4203
4204
4205
4206
4207
4208
4209
4210
4211
4212
4213
4214
4215
4216
4217
4218
4219
4220
4221
4222
4223
4224
4225
4226
4227
4228
4229
4230
4231
4232
4233
4234
4235
4236
4237
4238
4239
4240
4241
4242
4243
4244
4245
4246
4247
4248
4249
4250
4251
4252
4253
4254
4255
4256
4257
4258
4259
4260
4261
4262
4263
4264
4265
4266
4267
4268
4269
4270
4271
4272
4273
4274
4275
4276
4277
4278
4279
4280
4281
4282
4283
4284
4285
4286
4287
4288
4289
4290
4291
4292
4293
4294
4295
4296
4297
4298
4299
4300
4301
4302
4303
4304
4305
4306
4307
4308
4309
4310
4311
4312
4313
4314 4437
4315
4316
4317
4318
4319
4320
4321
4322
4323
4324
4325
4326
4327
4328
4329
4330
4331
4332
4333
4334
4335
4336
4337
4338
4339
4340
4341
4342
4343
4344
4345
4346
4347
4348
4349
4350
4351
4352
4353
4354
4355
4356
4357
4358
4359
4360
4361
4362
4363
4364
4365
4366
4367
4368
4369
4370
4371
4372
4373
4374
4375
4376
4377
4378
4379
4380
4381
4382
4383
4384
4385
4386
4387
4388
4389
4390
4391
4392
4393
4394
4395
4396
4397
4398
4399
4400
4401
4402
4403
4404
4405
4406
4407
4408
4409
4410
4411
4412
4413
4414
4415
4416
4417
4418
4419
4420
4421
4422
4423
4424
4425
4426
4427
4428
4429
4430
4431
4432
4433
4434
4435
4436
4437
4438
4439
4440
4441
4442
4443
4444
4445
4446
4447
4448
4449
4450
4451
4452
4453
4454
4455
4456
4457
