#/opt/homebrew/Caskroom/miniconda/base/envs/hack25/lib/python3.12/site-packages/ipykernel_launcher.py --f=/Users/jpinney/Library/Jupyter/runtime/kernel-v352576b36ed274793969b57d69d8306c9df606370.json
# GMT Sun Jul 20 12:27:20 2025
# 
0 1 2 3 4 6 7 9 11 13 14 15 17 22 23 24 31 34 39 42 45 47 55 60 63 64 66 67 72 75 76 77 85 86 105 139 142 143 145 159 161 166 167 185 187 188 201 209 228 235 264 278 281 294 298 303 320 341 344 362 367 374 393 398 403 405 414 430 450 456 465 471 478 498 506 541 544 549 557 558 560 564 589 610 647 671 673 690 697 713 718 725 726 734 738 760 763 764 770 772 780 786 788 799 817 829 846 849 852 883 885 891 929 943 956 968 970 977 985 995 997 999 1004 1038 1041 1049 1052 1089 1092 1118 1134 1153 1163 1174 1195 1196 1209 1226 1260 1263 1320 1323 1331 1335 1402 1415 1422 1450 1468 1516 1520 1526 1541 1553 1566 1592 1596 1663 1672 1680 1721 1733 1739 1796 1847 1900 1901 1913 1917 1931 1968 1983 2010 2018 2036 2037 2040 2042 2047 2058 2084 2137
1 257 1177 1940
2 5 8 10 19 26 59 69 79 81 99 118 120 149 154 169 207 212 222 244 293 302 319 381 391 423 434 466 472 500 533 570 669 715 721 729 746 809 844 853 879 888 998 1037 1077 1103 1180 1208 1271 1437 1465 1698 1793 1801 1816 1820 1939 2000 2021 2097
3
4 78 96 101 156 160 192 364 384 388 710 777 1015 1055 1143 1181 1391 1424 1536 1752 1802 1872 2038
5 92 136 221 462 510 866 1216 1366 1508 1579 2013 2083
6 12 532 1067 1154
7 48 150 300 307 352 454 555 613 706 751 759 882 898 934 1021 2067
8 21 27 52 177 273 457 561 593 723 727 821 1455 1651 1729 1949
9 18 36 43 53 68 94 114 130 140 153 260 269 275 536 621 656 775 912 938 958 1023 1051 1075 1107 1395 1473 1485 2089
10 16 29 54 65 87 100 110 123 125 172 181 182 206 246 358 376 441 458 614 635 801 874 877 1074 1223 1250 1349 1539 1550 1641 1699 1756 2114
11 35 1005 1111 1647
12 44 124 287 680 838 1564
13 178 288 340 662 730 1162 1548 1557 1619 1897
14
15 553 902 993 1644 1818 2015 2059
16
17
18 146 1785
19 20 25 32 38 51 95 98 186 245 482 535 592 620 651 660 675 762 778 841 933 1099 1130 1186 1249 1280 1282 1288 1360 1425 1692 1862 1884
20 825
21 41 57 90 103 109 111 135 151 170 193 198 389 401 408 429 459 595 618 932 935 996 1091 1165 1483 1495 1829 1869 2011 2086
22 28 37 49 73 116 314 406 659 696 808 1013 1426
23 223 356 1630 2103
24 46 194 295 305 337 496 499 573 687 688 863 955 1452 1478 1689
25
26 84 157
27 102
28 30 33 61 493 666 823 859 952 1500 1510 1638 1992
29 241 486 602 640 862 889 1212 1776 1834 2101
30 203 204 219 225 232 247 326 412 419 495 569 597 850 875 983 984 1123 1227 1462 1604 1697
31 70 128 195 835 965 1002 1081 1206 1356 1365 1466 1471 1486 1589 1753 1851 2092
32 121 254 351 385 437 444 562 672 679 1158 1218 1334 1375 1677 2078 2117
33
34
35 365 481 552 559 966 1504 1582 1902
36 355 622 1594
37 80 418 574 1515 1788
38 40 89 112 476 1678
39 58 377 404 880 1071 1239
40 82 83 104 173 218 250 265 311 415 424 464 492 519 545 643 736 750 982 1097 1173 1274 1545 1715 1723 1728 1821 1946 2030 2031 2062
41 134 180 609 976 1702
42 129 258 317 331 646 1276 1394
43 50 133 168 197 215 233 504 1253 1477 1598 1867 2020
44
45 56 158 251 491 1420 1523 1633 1922 1943
46 309 522 1605
47 1624
48 1157
49 62 71 88 162 249 431 590 685 806 869 1122 1416
50 1016 1997 2094
51
52
53 224
54 540 798 1786 1956
55 91 291 1727
56
57
58 266 327 636 642 954
59
60 174 1059
61 97 138 1060 1078
62 93 1819 2028
63 520 637 787 1522
64
65 74 1447
66 106 113 141 163 164 190 199 339 702 749 769 1114 1133 1261 1295 1327 1512 1701 1719 1963 2068 2124
67 988 1628 2082
68 256 494 513 1047 1161 1779
69
70 2081
71 1024
72 698
73 350 1003 1245
74 144 210 211 586 771 890 1440 1840
75 107 200 737 747 854 1586 1688
76 176 229 306 554 661 779 783 843 942 1882 2054
77
78 126 878
79 132 205 453 907 1150 2063
80
81 234 704 1149 1532 2131
82 213 683 908
83 122 216 795 872 1187 1581
84 243 1542
85 152 227 231 338 347 417 525 901 1033 1273 1348 1359 1518 1578 2006
86 380 455 1073 1084 2085
87
88
89 308
90 271
91 1000 1643
92 448
93 268 332 501 665 1243 1444
94 119 148 359 600 650 1210 1281 1683 1686 1952
95 115 242 274 325 686 1029 1283 1501 1519 1855 2004
96 538 1306
97 280 755
98
99 792
100
101 127 2008
102 108 442
103 196
104
105 803 1503
106 131 277
107 516 1112
108 284 1116 2025
109
110 171 361 407 438 461 784 1036 1072 1621
111 876
112 117 184 581 1400
113 335 978
114
115 1755
116
117
118 175 333 971 1068 1259 1502 2069
119 1421
120 366 395 523 556 1427 1479 1735 1995
121
122 427 521
123 463 604 619 916 992 1120 1314 1817
124 147 475 717 1357 1558 1653
125 137 183 259 349 628 765 1396 1449 1795 1945
126 470 518 1778
127 674
128
129 1419
130 566 714
131 752 906 1318
132 452 1413
133 226 272 606 1148 1799
134
135 270 368 396 477 1442 1476 1657
136 1326 1458 1877
137 446 543
138 701
139 283 694 2111
140
141 263 304 449 615 1168 1389 1806 1978
142 240 315 732 920 930 991 1156 1292 2003
143 348
144
145
146
147 214 387 425 1590
148 582 1826
149 1852
150 155 191
151
152 179 1623
153 165 189 836 1285 1392 1601
154 1585
155 2050
156
157
158
159
160 208 383 1198 1631 1951
161 802 1193
162 343
163 435
164
165 297 712 861 1909
166
167
168 238 267 584 963 1006 1384 1530 1881
169 345 433 1432 1562
170 402 594 790
171 237 336
172 743 886
173 202 742 1117 1354 1472 1833 2116
174
175 1490
176
177 1125 1238 1330 1696 1850
178 324 757 884 961 1439 1659
179
180 2140
181
182 903 1202 1552 1690 1740 1781
183 252 563 693 1324 1622 1830 2095
184 253
185 392 1082 1101
186
187 373 451 684 904 1039 1716
188 230 805 928 1531
189
190
191 1254 1446 1608
192 443
193 220 1109 1613
194 831
195 334 1540 1543 2136
196 583
197
198
199 262 1774 1843
200
201 488 572 811 1965
202 217 276 514 1053 1169 1507
203
204 1713 1954
205 2039
206 369 386 1310 1780
207 432 497 576 896 986 2053
208
209 296 299 353 416 812 893 1020 1237 1267 1294 1381 1436 1537 1903 2052 2073
210 677
211 980
212 236 460 1469
213 279 323 1350 1456 1984
214 484 530 731 814
215 587
216 422
217
218 1987
219
220
221
222 310 399 1079 1244 1382 1636 2064 2120
223 239 255 379 579 857 1225 1445 1487 1964
224 292 1007 1860
225
226
227 548 653 754 833 1563 1790
228
229 827
230 1616
231
232 316 1171 1293
233 785 1980
234 378 1145 1878
235 1528
236
237 261 286 1012
238 741 1264
239 856 1695
240 1121 1277
241 301 1155 1231
242 652 1086
243 526 1700
244 318 360 847
245 354 411 565 1113 1289 1333 1836
246 248 529
247
248 410
249
250 1278
251
252 1371
253 512 832 1757
254 322 607 639 1042 1798
255 1363
256
257 321 909 1977
258 700
259 313 394 511 605 670 1142 1287 1417 1492 1906
260 328
261
262 290
263 285 720 745 828 894 1031 1574 1758
264 2072
265 905 922
266 649 1720
267
268
269 1896
270
271 282 599 758 1088 1268 1312 1405
272
273 382
274
275
276
277 330 397 420 469 634 960 964 1044 1369 1408 2027
278
279
280 289 312 413 479 692 1115
281 363 1376 2091
282 1463 1760 2129
283 447 585 630 1347 1570 1824 2012 2044
284 1337 1386
285 502 678 1258 1555 1787
286 1841
287 664 1451
288
289 527 668 1100 1144 1460 1921
290 428 1040
291
292
293 400 855 1176
294 624 1085
295 1658 1684
296 357
297 804
298
299 948 1094 1587
300
301
302
303 342
304
305 1467
306
307
308 577
309
310 1639 1863
311 346 815
312
313
314 1151
315 439 761 1137 1399 1635
316
317
318 658 837 921 1076
319 973 1126
320 719 1182 1674
321 329 426 473 531 611 657 881 1317 1606 1890
322 1119
323 489 534 931 1556
324
325 487 1316
326
327
328
329 483 1255 1642 1772
330
331 603
332 509 626 654 1534
333
334 919 1676
335
336 707
337
338
339 467 1178
340 468 945 1406 1706 1842
341
342 1199
343 1708 1722
344
345 445 547 695 722 767 864 1966 2005 2022
346
347
348 390 474 728 1166
349 1247 1383
350 409 681 1183 1265 2074
351 480 1771
352 2110
353 372 1529
354 1812
355 507 508 601 1056
356 370 834 1242 1514 1546
357 851 1136 1256
358
359
360
361 371 546 632 994 1032 1058 1110 1200 1505 1509 1595 1731 1743 1936 1972
362
363
364 1591
365 505 617 625 645 924 981 1745
366 580 793 816 1062 1374 1494 1734
367
368
369
370 644 867 1046
371 1214
372 936 1043 1388
373 633 699 870 887 1398
374 375 571 1346
375
376
377
378 1309 1525
379 789 858 1459
380 794
381
382
383
384 524
385 1880
386
387
388
389
390 1670
391
392
393
394 1090 1332 1603 1654
395
396 537
397 1011
398
399 485 1009 1979
400 1213
401
402 663 868 1098
403
404 1167 1172
405 1146 1750
406
407 616 842 959 1147 1762 1804
408 421 436 588 2122
409 910
410
411 926 1775
412 1299 1823
413
414 1246 1524
415
416
417 440 608 1397 1656
418
419 1377 1412 1481
420
421
422 735 1607
423
424 2076
425
426
427
428 648 944 1950
429 1770 1986
430
431 892
432
433 1835
434 1001
435
436 915
437
438
439
440 2104
441 1401 1407
442 515
443 949 975 1744
444 773 897 1768
445 1782
446
447 756 1026 1453 1474
448 623
449 551
450
451
452
453
454
455 776
456
457 1124 1241 1652
458 946
459
460 539 1962
461
462 1128
463
464
465 744 969
466 1861
467 1703
468 1190
469 2035 2132
470 733 822 937 1232 1571 1960
471
472 1057
473 503 598 913
474 490
475
476 1362
477
478
479 2105
480
481 871 1974
482 1549
483 1920
484
485 813 1252
486 641 927
487
488 528 575 591 703 1805 1827
489 1691
490
491
492
493 1617
494 1061
495
496
497
498
499 542
500
501 567 914
502
503
504
505 1345 1593
506
507
508
509
510 1575
511 1364 1626
512
513 517
514 1095 1414 1766 1942
515 830 1864
516 1008 1769
517 1251 1298 1308
518
519 1106
520 1065
521 1131 1498
522
523 578 1022 1069 1569 1661 1865 2060
524 667 682
525
526 967 2119
527 766 1045 1191
528 1219 1290 1336
529
530 550 711 1248
531 768 1105 1497 1895
532
533
534 1221
535 1496 1614
536 1985
537
538
539 709 1610 2090
540 774 1083 1159 1506
541 568 1620
542
543
544 655
545 1284
546 990 1431
547 917
548
549
550
551 627 716 818 1228 1583
552
553
554 1321 1618
555
556 1135 1434
557
558 740 1814 1915
559 972 1353
560
561 596 925 1205 1994
562
563
564 824
565
566
567
568 1102 1379
569 676
570
571 1704
572
573 689
574
575
576
577
578 1853
579
580 612 1438
581
582
583 1262
584 631
585
586
587 1783
588
589
590 1230
591 950 1671
592
593 629 1859 1904
594 1767
595 691 1367
596
597
598 1600
599
600 819 953
601
602 1764
603
604
605
606
607
608
609
610 2108
611 781
612 1048
613
614 895
615 2048
616
617
618
619 1513 1712
620
621 911 918
622
623 1970
624
625 1777 2001
626
627 810 1629 1969
628
629 1138
630 979
631 638
632 1924 2118
633 1685 2128
634 2016
635
636 797 1856
637 1876
638 1794
639 1681
640 2061
641
642
643
644 2043
645 1705
646
647
648 1025
649
650 2127
651
652 705 1714
653 739
654 1423
655
656
657
658
659
660 1257 1554
661
662
663
664
665
666
667 989 1602 1800 2057 2070
668
669
670
671
672 1666
673 1224 2093
674
675 753
676
677 839
678
679
680 2133
681
682 708 1338 1784
683
684 1175
685
686
687 2134
688
689
690 1184
691 1030
692 1480
693 2144
694 800 1803
695
696
697
698
699 791 820 1066 1410 1429 1609
700 1093
701 1669
702 1010
703
704
705 1373
706 1070
707 724 940
708
709
710 860 1319
711 1140
712 1380
713
714 1370 1521
715 1815 2135
716 962
717 1279 1846
718
719
720
721
722
723 1315
724 1139
725 782
726
727 748
728 1192
729 1435 1551
730
731 1215 1329
732 1343
733 1879
734
735
736
737
738
739 1673 1808
740 947
741
742 1573
743
744 1104 1325 1724
745 1822
746
747
748 1910
749
750 840
751
752 1991 2023
753
754
755
756
757 1482
758 1973
759 1352
760
761
762 845 1307 1668 1958 2107
763 1203
764
765 1080
766
767 1291
768
769 796 1341
770
771 1957 2079
772 848
773
774
775
776 1096 1211 1297
777
778
779 1908
780
781
782
783
784
785
786 1754
787
788
789
790
791
792
793 1597
794 1207
795
796 1160
797
798
799
800 987 1355 1372
801
802
803
804
805 807 1533 1789 1938
806
807 1892
808
809
810 1387
811
812 923 1034 2026 2138
813 1050 1568
814
815
816 826 951 1028 1170
817
818
819 1409
820 1751
821 1019
822
823
824 1229
825
826
827
828
829
830
831
832
833 899 1108
834
835
836 1928
837 1849
838
839
840
841
842 873 1275 1765
843
844 1152 1266
845 1286 1839
846
847
848 957 1233
849 865
850 1236
851 1269 1351 1857
852
853 1164
854
855
856 939
857
858
859 1944
860
861
862
863
864
865
866
867
868 2055
869
870
871
872
873
874
875
876
877
878
879
880
881
882
883
884 2099
885 1304
886
887 1792
888 900
889
890 1926
891
892 1313 1935
893
894 1270
895
896
897 941 1035 1461 2065
898 974 1737
899
900 1883
901 1328
902
903
904
905
906
907 1014 1418
908
909 1087
910
911
912
913 1693
914 2139
915
916
917 1428
918
919
920
921 1761
922
923 1303
924 1063 1959
925 1527
926
927
928
929
930
931
932
933 1194
934 1217
935
936
937
938
939
940
941
942
943
944
945 1742
946
947
948 2087
949 1272
950 1305 1615
951 1868 2002 2112
952
953
954
955
956
957 1441
958 1018
959
960 1488
961
962
963
964 1141 1301 1732 1748 2098
965
966 1725 1886 2032
967 1017
968
969 1027
970
971 1189 1220 1707
972
973 2046
974
975
976 1064 1179
977
978 1866 2017
979 1871
980 1311 1385
981
982 1637
983
984
985
986 1627
987
988
989
990
991
992
993 1710
994
995 1201
996 2056
997
998
999
1000
1001
1002
1003
1004
1005 1132 1925
1006
1007
1008 1738 1791
1009
1010
1011
1012
1013
1014
1015
1016
1017
1018 1565
1019
1020
1021
1022
1023
1024
1025
1026
1027
1028
1029
1030
1031 1854
1032 1204
1033
1034
1035
1036
1037 1185
1038
1039
1040
1041
1042
1043 1845
1044 1188
1045
1046 1054
1047
1048
1049
1050
1051
1052
1053
1054
1055
1056
1057
1058 1454
1059
1060
1061
1062
1063 1344
1064
1065
1066
1067 1235
1068
1069
1070
1071
1072
1073
1074
1075
1076
1077
1078
1079
1080 1127 1378
1081 1129
1082
1083 1430 1567 1667
1084
1085 1832
1086 1489 2034 2049
1087
1088
1089
1090 1999
1091
1092
1093
1094 1222 1240 1302
1095
1096 2007
1097 1470 1650
1098
1099
1100
1101
1102
1103
1104 1296
1105
1106
1107
1108
1109
1110
1111
1112
1113
1114
1115
1116 1404 1544
1117 1340
1118
1119
1120
1121
1122 1361 1646
1123 1322 1911
1124
1125
1126
1127 1561
1128
1129
1130 1749
1131
1132
1133
1134
1135
1136 1665
1137 1368
1138
1139
1140
1141
1142 1912 1941
1143 2141
1144 1927
1145 1547
1146
1147 1894
1148
1149
1150 1390 2066
1151
1152
1153
1154 1576
1155
1156
1157
1158 1675
1159
1160
1161
1162 2109 2142
1163
1164
1165
1166
1167
1168
1169
1170 2096
1171
1172
1173
1174
1175
1176 1197 1709
1177
1178
1179 1961
1180 1998
1181 1234 1648
1182
1183 1809
1184
1185
1186 1747
1187 1976
1188
1189
1190
1191
1192
1193
1194 2019 2130
1195
1196
1197 1535
1198
1199
1200
1201
1202 1655 1967
1203 1358
1204
1205
1206
1207 1953
1208
1209
1210
1211
1212 1393
1213 1874
1214
1215
1216
1217 1811
1218
1219
1220
1221
1222
1223 1300 1443
1224 1988
1225
1226
1227
1228
1229
1230
1231
1232
1233
1234
1235
1236
1237
1238
1239
1240 1679
1241
1242
1243
1244 1825
1245
1246 1807 1844
1247
1248
1249
1250
1251
1252 1662
1253
1254
1255
1256
1257
1258 2125
1259
1260
1261
1262
1263
1264
1265
1266
1267
1268
1269
1270
1271
1272
1273
1274
1275
1276
1277
1278
1279
1280
1281
1282
1283
1284
1285
1286
1287
1288
1289
1290
1291
1292
1293
1294
1295
1296 1717
1297
1298
1299
1300
1301 1982
1302 1448 1559
1303
1304
1305 1625
1306
1307
1308
1309
1310
1311
1312
1313
1314
1315
1316 1403
1317
1318
1319
1320
1321 1664
1322
1323
1324
1325
1326
1327
1328 1813
1329
1330
1331 1577 2071
1332 1339
1333
1334
1335
1336
1337 1342 1828
1338 1873 1996
1339 1572
1340
1341
1342
1343
1344
1345
1346
1347
1348 1433 1933
1349
1350
1351
1352
1353 1975
1354
1355 1457
1356
1357
1358
1359
1360 1687
1361
1362
1363
1364 1411
1365
1366
1367
1368
1369
1370
1371
1372
1373
1374
1375 2126
1376
1377
1378 1923
1379
1380
1381
1382
1383
1384
1385
1386
1387
1388
1389
1390
1391
1392 1484
1393
1394 1517 1918 2024
1395
1396
1397
1398
1399
1400 1588
1401
1402
1403
1404
1405
1406
1407
1408 1499 1580
1409
1410
1411
1412 1640 1810
1413
1414
1415
1416 1736
1417 1660 1887
1418
1419
1420
1421 1538 1741
1422
1423
1424 1837
1425
1426
1427
1428
1429 2009
1430
1431 1634 1649
1432
1433
1434
1435 1475
1436
1437
1438 1464
1439
1440
1441
1442 1848 1914
1443
1444
1445
1446
1447 1511
1448
1449
1450 2080
1451
1452
1453
1454 1584
1455
1456
1457 1934
1458
1459
1460 1491
1461 2075
1462
1463 1838
1464
1465
1466
1467
1468
1469
1470
1471
1472
1473
1474
1475
1476 1493
1477
1478
1479
1480
1481
1482
1483
1484
1485
1486
1487
1488
1489
1490
1491
1492 1929
1493
1494 1905 1993
1495
1496
1497
1498
1499
1500
1501
1502
1503
1504
1505
1506
1507
1508
1509 1948 1989
1510 1899
1511
1512
1513
1514
1515
1516
1517 1560
1518
1519 1612
1520
1521
1522
1523
1524
1525
1526
1527
1528
1529
1530
1531
1532
1533 1898
1534
1535 1885
1536
1537
1538
1539 1599 1632
1540
1541
1542
1543
1544
1545
1546
1547
1548
1549
1550
1551
1552
1553
1554 2121
1555 1730
1556 1694
1557
1558
1559
1560
1561
1562
1563
1564
1565
1566
1567
1568
1569
1570
1571
1572 1611
1573
1574
1575
1576
1577
1578
1579 1937
1580
1581
1582
1583
1584
1585
1586
1587
1588
1589
1590
1591
1592
1593
1594
1595
1596
1597
1598
1599
1600
1601
1602
1603
1604
1605
1606 2051
1607
1608
1609 1797 1831
1610
1611 1773
1612 2106
1613
1614 1907
1615 1759
1616
1617
1618
1619
1620
1621
1622
1623
1624
1625
1626
1627
1628
1629
1630
1631
1632
1633
1634
1635
1636
1637
1638
1639
1640
1641
1642
1643 1645 1889
1644 1711
1645
1646
1647
1648
1649
1650 1682
1651
1652 1763
1653 2033
1654
1655
1656
1657
1658
1659
1660 1891
1661
1662 1718
1663
1664 1916
1665 2143
1666
1667
1668
1669
1670
1671
1672 1947
1673
1674
1675
1676
1677
1678
1679
1680
1681
1682
1683
1684
1685
1686
1687
1688
1689
1690
1691
1692
1693
1694
1695
1696
1697
1698
1699
1700
1701 1858
1702
1703
1704
1705
1706
1707
1708
1709 1726
1710
1711
1712
1713
1714
1715
1716
1717
1718
1719
1720
1721 1746
1722
1723
1724
1725
1726
1727
1728
1729
1730
1731
1732
1733
1734
1735
1736
1737
1738
1739
1740
1741
1742
1743
1744
1745
1746 1919 2113
1747
1748
1749
1750
1751
1752 2045
1753
1754
1755
1756
1757
1758
1759
1760 1981
1761
1762
1763
1764
1765
1766
1767
1768
1769
1770
1771
1772
1773
1774
1775
1776
1777
1778
1779
1780
1781
1782
1783
1784
1785
1786
1787
1788 1888
1789
1790
1791
1792
1793
1794
1795
1796
1797
1798 1930
1799
1800
1801 1955
1802
1803
1804
1805
1806
1807
1808
1809
1810
1811
1812
1813
1814
1815
1816
1817
1818
1819
1820
1821 1875
1822
1823
1824
1825
1826
1827
1828
1829
1830
1831
1832
1833
1834
1835
1836
1837
1838
1839
1840
1841 1870
1842
1843
1844
1845
1846
1847
1848
1849
1850
1851
1852
1853
1854
1855
1856
1857
1858 2115
1859
1860
1861
1862
1863
1864
1865
1866
1867
1868
1869
1870
1871 1893
1872
1873
1874
1875
1876
1877
1878
1879
1880
1881
1882 1932
1883
1884
1885
1886
1887
1888
1889
1890
1891
1892
1893 1990
1894
1895
1896
1897
1898
1899
1900
1901 2029
1902
1903
1904 2014
1905
1906
1907
1908
1909
1910
1911
1912
1913
1914 2041
1915
1916
1917
1918
1919
1920
1921 2123
1922
1923
1924 1971
1925
1926
1927
1928
1929
1930 2102
1931
1932
1933
1934
1935
1936
1937
1938
1939
1940
1941
1942
1943
1944
1945
1946
1947
1948
1949
1950
1951
1952 2077
1953
1954
1955
1956
1957
1958
1959
1960
1961
1962
1963
1964
1965
1966
1967
1968
1969
1970
1971 2088
1972
1973
1974
1975
1976
1977
1978
1979
1980
1981
1982
1983
1984
1985
1986
1987
1988
1989
1990
1991
1992
1993
1994
1995
1996
1997
1998
1999
2000
2001
2002
2003
2004
2005
2006
2007
2008
2009
2010
2011
2012
2013
2014
2015
2016
2017
2018
2019 2100
2020
2021
2022
2023
2024
2025
2026
2027
2028
2029
2030
2031
2032
2033
2034
2035
2036
2037
2038
2039
2040
2041
2042
2043
2044
2045
2046
2047
2048
2049
2050
2051
2052
2053
2054
2055
2056
2057
2058
2059
2060
2061
2062
2063
2064
2065
2066
2067
2068
2069
2070
2071
2072
2073
2074
2075
2076
2077
2078
2079
2080
2081
2082
2083
2084
2085
2086
2087
2088
2089
2090
2091
2092
2093
2094
2095
2096
2097
2098
2099
2100
2101
2102
2103
2104
2105
2106
2107
2108
2109
2110
2111
2112
2113
2114
2115
2116
2117
2118
2119
2120
2121
2122
2123
2124
2125
2126
2127
2128
2129
2130
2131
2132
2133
2134
2135
2136
2137
2138
2139
2140
2141
2142
2143
2144
