#/opt/homebrew/Caskroom/miniconda/base/envs/hack25/lib/python3.12/site-packages/ipykernel_launcher.py --f=/Users/jpinney/Library/Jupyter/runtime/kernel-v352576b36ed274793969b57d69d8306c9df606370.json
# GMT Sun Jul 20 12:27:20 2025
# 
0 1 2 5 6 11 15 17 24 40 47 51 55 58 61 62 69 79 84 89 102 112 120 123 135 136 137 139 154 162 166 193 197 201 205 220 250 254 278 281 282 290 308 318 322 332 350 357 367 385 394 411 486 540 582 603 640 671 706 713 725 730 856 864 879 899 928 937 987 1025 1065 1080 1082 1088 1117 1146 1241 1266 1274 1289 1298 1366 1388 1392 1407 1457 1574 1579 1602 1629 1639 1792 1796 1831 2086 2088 2092 2103 2145 2158 2207 2213 2221 2237 2252 2288 2325 2362 2363 2387 2400 2449 2483 2528 2542 2563 2716 2771 2973
1 3 4 12 13 28 29 41 94 108 124 213 226 244 316 336 355 391 417 422 528 658 721 755 776 796 809 852 977 1051 1159 1213 1252 1306 1403 1415 1439 1483 1732 1801 1928 2013 2025 2034 2066 2371 2550 2610 2838
2 7 16 19 20 25 33 35 52 130 141 182 219 248 253 258 269 301 307 425 463 483 583 622 627 645 664 785 951 966 1009 1047 1249 1288 1340 1391 1455 1514 1523 1533 1626 1879 1884 2119 2585 2707 2945 3013 3051
3 39 59 68 105 119 304 510 677 913 940 997 1071 1087 1148 1173 1192 1380 1424 1621 1627 1721 1781 1809 2053 2826 2863
4 49 109 431 1406 2094
5 221 229 291 319 372 439 585 753 821 830 916 1101 1147 1281 1676 2255 2641 2907
6 10 36 86 183 588 1027 1564 2282 2430
7 8 48 70 149 158 164 247 270 438 521 644 770 842 1149 1398 1423 1427 2488 2518 2796 2808
8 9 38 46 93 167 296 314 361 448 554 557 565 933 961 1044 1189 1204 1218 1223 1591 1611 1889 2246 2553 2562 3061
9 95 249 526 1758 1762 2165 2595 2612 3047 3059
10 1896 2250 3074
11
12 18 78 457 493 558 631 699 733 748 758 804 1133 1137 1238 1308 1540 1768 1786 1911 2091 2123 2204 2383 2496 2587
13 14 21 26 34 60 65 67 98 110 111 172 187 217 256 266 267 274 297 321 324 348 396 399 407 415 420 441 536 547 608 740 790 815 826 924 965 1036 1134 1143 1382 1385 1418 1549 1558 1581 1720 1794 1830 1922 1950 2238 2285 2360 2477 2523 2573 2605 2648 2672 2759 2820
14 42 103 285 313 814 877 920 1229 1705 2364
15 198 218 303 373 1168 1240 1301 1767 2216 2495 2897
16 82 686 833 1102
17 54 76 117 131 312 571 746 767 1248 1526 1665 1963 2178 2289 2375 2710
18 127 163 527 598 623 1178 1634 2223 2538 2832 3040
19 121 157 178 1463 1901
20 23
21 22 31 43 64 87 151 191 298 509 576 599 609 618 651 1060 1495 1677 1706 1854 1974 2909
22 50 299 412 476 498 1969
23 32 116 231 233 240 461 650 1671 2640 3057
24 27 57 66 75 83 106 126 143 160 177 199 207 209 234 280 315 384 401 472 488 537 542 553 617 672 680 698 718 1198 1395 1524 1657 1715 1775 2210 2356 2522 2633 2959 3055
25 53 1078 1334 2821
26 30 37 99 392 819 968 1297 1575 1841 2098 2335 2884
27 77 189 403 467 600 681 798 1449 1819 2401
28 168 813 1519 2976
29 45 374 487 567 1858 1869
30 63 138 202 222 310 352 458 760 946 954 1733 1893 1959 2168 2298 2427 2491 2843
31 173 1208 2081
32 580 1073 1722 1723 1914 2743
33 101 206 272 351 991 1216 1280 1389 1501
34 100 125 129 364 626 655 709 956 1278 1361 1498 1553 1562 1655 1878 1936 2021 2693 2995
35 462 1166 1934 2147
36 196 2543
37 140 194 260 286 359 522 801 1000 1017 1018 1766 1912 2602 2888
38 235 2254
39 1576 2453 2593 2933
40 44 73 74 81 277 317 614 828 878 1045 1075 1817 1825 2113 2240 2621
41 889 1686
42 1092 1265 2471
43 874 1142
44 56 122 257 1283
45
46 80 674 844 2737 2969
47 159 1808
48
49 113 153 165 195 262 696 925 1644 2069 2581
50 156 379 534 914 931 1441 2115 2318 2965
51
52 85 682 875 1244 1263 2665 2753 2980
53 97 502 1315
54 161 1109 2333
55 174 2836 2954
56
57 71 91 288 468 659 660 1084 1874 2152
58 570 665
59 203 525 611 921 995 1171 1603 1972 2003 2292 2456 3007
60 242 419 459 519 530 602 793 1131 1325 1543 1890 1907 2479 2734 2916
61 92 261 341 549 727 1127 1277 1565 1610 1773 1982 2159 2166 2245 2429 2474 2549 2664 2989 3078
62 115 147 328 397 533 635 652 849 870 1370 1566 1776 1829 1845 2011 2231 2468 2485 2676 2844 2936
63 508 2600
64 72 210 275 985 1157 1272 1898 2402
65 837 1918 2578
66 1111
67 245 902
68 90 169 170 185 568 607 1588 1650
69 184 323 994
70
71 387 873 978 1014 1707 1839 2353
72 104 176 376 869 967 1640 2438 2506 2530
73 180 511 797 1185
74
75 362 638 922 1906 2330
76 734
77 252 283 712 817 1420 1636 2035 2127 2384 2478 2795
78 152 212 289 293 335 495 544 552 612 625 719 861 1001 1617 1690 1956 2305 2559 2925
79 148 171 239 556 701 1344 1522 1848 2417 2950
80 230 426 610 703 840 1482 2680 3022
81
82
83 88 259 264
84 118 204 1774 1778 2574 2784
85
86
87 1703 1835
88
89 190 306
90 432 517 1016 1020 1035 1106 1162 1409 2935
91 1816
92 723 903
93 96 243 251 273 327 360 400 402 491 633 779 780 787 859 1190 1470 1539 1701 1800 2218 2570 2617 2773
94 678 1043 2195 2492
95 128
96 114 424 1048
97 142 146 1269 2794
98 897 2089
99 107 145 292 408 520 666 775 1310
100 150 179 562 584 768 795
101
102 1485 1625
103 1067 1870
104
105 724 729 1346 1426 1487 2369 2497
106 867 2160 2341
107 429 959
108 1700
109 228 443
110 1077 1293
111 751 910 1230 1883
112 342 634 847 939
113 2906
114 155 215 679 1942 2072 2537
115 132 144 192 200 211 378 404 430 479 524 545 563 778 887 976 1049 1186 1214 1250 1267 1371 1397 1443 1497 1504 1793 1795 1797 1976 2187 2199 2403 2655 2819
116 455 1887 1937
117 227 1500
118 1097
119 186 1095
120 232 485 1328 2186 2475 2636
121
122 1010 2472 2847
123 208 460 881 1535 1961 2311
124 224 284 343 2331 2406 2408 2458 2481 2635 2642 2662 2765
125 133 1531 1958
126 175 1206 1467 1873
127 366 513 853 1054 1666 2392
128
129 1096 1193 1416 1812 1930 2315 2696
130
131 354 382 550 1150 1654 1736 2702
132 134 620 661 1116 1685 1692 1765 2070 2658
133
134
135 236 405 649 832 958 1122 1158 1493 1783 2031 2599 2812
136
137 754 1788 2320
138
139 972
140 604
141 942 983 1115 1938
142
143 820 1852 2476 2924
144
145
146
147 497 595 823 894 1691 2076
148 1897
149
150 388 436 591 782 810 1040 1205 1324 1513 1616 1735 2261 2975
151 365 2444
152 1292
153 271 375 1331 2388
154
155 181 410 551 1464 2675
156 668
157
158
159 255 338 377 469 1390 1532 2001 2643
160 515 812 1061 1668
161 246 2618
162 532 555 1546 2372 2705
163 223 1202 1932
164
165 1262 1821
166 1376
167 720 1233 2445 2902
168
169 287 707 752 1724 2564
170 689 2105
171 1316 1321
172 406 2882
173 1110 1242
174 339 349 507 1170 1866
175
176 593 2030
177
178 398 845 2620
179
180 188 265 390 442
181 891 1451 1632 2399 2527 3015
182 523 906
183 440 1402 1548
184 353 481 692 818 3036
185 531 656 1413 1754 1943 2173 2824 3008
186
187 494 762 1121 2022
188 2359
189 331
190 216 238 300 337 344 482 504 548 839 969 1022 1099 1200 1323 1356 1383 1568 1714 1995 2196 2226 2604 2686
191 577 670 2050
192 791
193 466 628 949 1846
194 393 1771 1828
195 237 268 474 496 737 919 941 1988 2800
196
197
198 334 1469 1520 2202
199 445 2960
200 1642
201 657 904 1107 1232 1465 2179 2660 2896 3053
202
203 541 586 1201
204 225 543
205 529 535 560 641 728 781 1057 2284 2366 2596 2776 2789 3011
206 241 453 691 700 1194 1197 1341 2706
207
208 1510 1833 2074 2594
209
210 702 1139 1804
211 214 629
212 917 1305 1342 2663
213
214 764 803 1124 2085 2827
215 473 566 890 998 1094 2151 2996
216 427 444 578 777 1358 2006 3058
217
218
219 471 786 838 1521 1672 1826 1913 2071 2208 2433 2846
220
221 302 2093
222 1653 2532
223 601 2529
224 1059 1098 1919
225 333
226 561 596 756 784 834 1401 1811 2029 2616
227
228 2870
229 305 490 868 1260 1590 2386
230
231 371 763 1261
232 279 330 413 538 788 792 822 1113 1534 1592 1643 1859 1957 2129 2638 2828
233 805 827 855 1140 1631 2903
234 294 325 683 952 2541
235 1856
236 503 2200 3075
237
238
239 2368 3026
240 356 2215 2411
241 423 982 2027
242
243 309 854 1309 2124 2463
244 295 409 1718 2345 2437 2718 2793 3018
245
246 1664 2502 2839
247
248 326
249 1586 1916 2272 2297 2840
250
251 276 347 569 2991
252 615 1551 2452
253 506 766 1174 2138 2162 2304 2310
254 900 1387
255 1466
256
257 1246 2499
258 449 1291
259 731 2374
260 1702 1728 2048
261 263
262
263 980
264 320 918 971 1031 1351
265 573 789 858 989 1114 1336 1679 2914
266 518 901 1191 1604 2281
267 414
268
269 575 685 1756
270 943 1877
271 1235 1282 2142
272
273 311 452
274 639 2155
275 345 988 2855
276 2941
277
278 750 1070
279 477 2038 2068
280
281 2265 3063
282 2873
283 516
284
285 329 947 1905 2084 2146
286
287 389 1622 2058
288 475 871 2354 3067
289
290
291
292 1445
293 2002
294
295 340 369 1068 2107 2714
296 1536 2163
297 501
298 771 938 2952
299
300 380 447 2754
301 1145
302
303 1615 1790 3012
304
305 1052 1083 1357 1447 2062 2949
306
307 383
308 829 1598
309 684 1660
310 1284 1299 1405 1894
311 1081 1515 2183 2432
312 3068
313 1481
314 416 1023 1682 1751 1952 2510 2639 2930
315 454 642 1448 3072
316 1849
317 470
318 484 539 738 2448
319
320 428 2247
321
322
323 370 1330
324 2874
325 1895 2623
326 386 964 1620 1669 1753 2459
327 381 2026
328 636 909 1259
329 936 1741 2118
330 2517
331 346 363 648 816 912 1196 1428 1538 1594 2373 2869
332 3005
333 974 1030 3037
334 435 505 799
335 465
336 632 1236 1251 1419
337
338
339
340
341 358
342 589
343
344 1181
345
346 1596
347
348 708 2589
349 882 2988
350
351
352
353 1394
354 564 630 865 1195
355 1295
356 653 934 1006
357 446 1034 1352 1369 2077 2321
358 368 1224
359 395 862
360 2493
361 1021 1555 1843
362 759 1502 1761 2055
363
364
365
366 761 860 1207 2161 2769
367 2774
368 732 836 1349 1367 1628 1769 2177 2726 2883
369
370 2090 2102 2938
371
372
373 2666
374 2336
375
376 929 1100
377
378 2185 2451 2645
379
380 456 1313 1446 1477 1683 2010 2756
381
382 418
383
384 489 1605
385 1172
386 3006
387 2792
388
389 421
390 480 669 704
391 872 1777 1935 2806
392 975
393
394 1008
395
396
397 710 824 2749
398 450 500 514 693 863 1678 2164
399 437 1743 1998
400
401 2598 2929
402 434 512 1512 1784 1838 2627
403
404 433 705
405
406
407 1716 2212
408
409
410
411 1730
412 825
413
414
415 981 1119 1791 2507
416 2977
417
418
419 464 572
420
421
422
423 2857 3028
424 451 676 2465
425 621 687 2396
426 499 722 1004 1042 1641 1681 2422
427 478 1108 1345
428 694 885 2569
429
430
431 673 950 1019 1226 1327 1393 1929 2601 2631 2798
432 1203 1556
433 606 2191
434 915
435 616 742 2715
436 1135 1503 1944 2259 2913
437 2511 2646
438 1062 1760 2984
439
440 1378
441
442
443 492 2516
444
445
446
447 2678
448
449 926
450 559 613 2327
451
452
453 667 1851
454
455 690 2294 2721
456
457
458
459 574 1322 1713 1757 2041 2860
460
461
462 1270 1335 1818
463 2242 2727 2904
464
465 749 1582 1967 2276
466 1184 2225 2405
467
468 1311
469 1572
470 624 1239 1968
471 1374
472
473
474 960 1086 2248
475 2052 2985
476 927 1317
477 643
478
479 739 1302 1542 2628
480 581 953 1689
481 546 1105 1606 2042 2548
482
483
484
485 993 1222
486
487 893 2206
488 747 2233
489
490
491 1163 2804
492 2823
493 605
494
495
496
497 807 896 1803
498
499
500
501 663
502 806 2358
503
504 2571
505 590 774 923 2764 2880
506
507
508
509 579 662 1429 2277 2357
510 592 898 1003
511 2504
512
513 1243 2470
514
515 908 1287 1680
516
517
518 2414
519
520 1749
521
522 1069 1294
523 1731 2416
524
525 688 1496 1888 1921 2355 2943
526 619
527
528
529
530 808 1844
531 757
532
533 1303 1458
534 2881
535
536 800
537
538 646 1013 1979 2964
539 1759
540 850
541
542 2521
543 846
544 675
545
546
547 2626
548
549 3002
550
551 715 1432 1635 2555
552
553
554 2508
555
556
557 773
558 880 1012
559 1412
560 895 935 1552 1595 2156
561 597
562
563 857 1600
564
565 743
566 2389 2682
567 962
568 2565 2566
569 587 866 1255
570
571 1347 1709
572 594 1024 1144 1623 1717 1973 2116 2540
573
574 1155 2690
575 1962
576 1123
577 1154
578
579 647 2334 2572
580 1624
581
582 1120 1454 1471 2720
583 2837
584 1079 1319 1373 2125 2673 2757
585 3025
586
587 2128
588 2509
589
590 1221
591 970 1541 1764 1951 2644 2760
592 911 2554
593 637
594 1320
595 932 1091
596 886 1779
597
598
599
600 999
601
602 1506 1646
603 1076 1151 1368 1834 2395 2567
604
605
606 848 2940
607 1338
608 772 2189
609
610
611
612 695 744 1026 1175 1748 1787 2181
613
614 2188 2256 2381 2613 2990
615 1187 1425 2887 2921
616
617 2653
618
619 1130
620 3001
621 1832
622
623 2513
624 2197
625
626 1867
627
628
629
630 1125 1799 2380 3032
631 1211
632
633 2309 2439
634 1763 2043 2426
635
636 1002 1156 1484
637 1492 1744 2080 2136 2271
638 979
639
640
641
642
643 2533
644 716 1903
645
646 654 745 1789 2377 2590 2864
647 735 1015 1438 2020 2766
648
649 711 726 802 1161 2097
650
651
652
653
654
655 765 1212 1747 2751
656
657 2755
658 843 2557 2848
659
660
661
662
663 1410
664
665
666 1064 1987 2597
667 1183 2033 2552 2736 2750
668
669
670
671 794 1475 1563
672
673
674 2539 2858 3010
675 2410
676 717 876 1333 1954 2490 3029
677 741 3017
678 2436
679 1312
680
681
682
683
684
685
686
687
688 1103 1607
689 697 736 2797 2799
690
691
692 1421 2972
693 2028
694
695
696
697 2917
698 1527 2424 2862
699
700 1329
701
702
703 1264
704
705
706 1587
707 2780
708 907 1053 1056
709 1977
710 1153 1411 1984 3071
711 714 1038 1089 1279 1490 1824 1908 1940
712 1160
713 2302
714
715
716 2018
717
718
719 1491 2558
720
721
722 992 2232
723 2015
724 783 1489 1571
725
726 1011
727 2319 3073
728 1478 3041
729
730
731 841 973 1005 1037 1055 1093 1219 2878 2974
732
733
734 944 1332 1583 1593 2308 2460
735 1046 2825
736 1729 2176 2568
737 945 2270
738
739
740 1365
741
742
743 2385 2691
744 769 905 1273 2214 2908
745 1740 1864 2144
746
747 1384 1529 2875
748 1684 2687
749 1132 1440 1750 2802
750 1661 1675 2738
751 1258
752 1737
753
754 2901
755
756
757 1337 1372 1694 2104 2143 2934
758 1318 1480 1550 2442
759
760
761
762 1179 2153 2997
763 892
764 2482
765 1570 1785
766
767 1507
768 831
769 1486 1850
770 2656
771 2332
772 1511 2786
773
774 3035
775
776 2139
777 811 1772
778 1215
779 2130
780 835 1296 1509
781
782 1136 2809 2953
783
784
785 1530
786
787 1225 2981
788 1355 1712
789
790
791 1924
792
793 1528 1589
794
795
796
797 1414
798
799
800 1072 2622
801 1997
802
803 955
804 2937
805
806 1862
807
808 2132
809
810
811 1505
812
813 1275 1290
814
815
816 1711
817
818
819 2344
820 1353
821
822 1876
823
824 1033
825 851
826
827
828
829 2205
830
831 2722 3031
832 1578 2435 2868
833 888
834 2649
835 2019
836
837 1745
838 1537 2045 2228
839 1638
840
841
842 1182 3069
843 883
844 2739
845
846 2172
847 1039
848
849
850
851 1234 1363 1810 2209 2244
852
853 884
854
855 1695 2611
856 2457
857 2378 2443
858 1112 1138
859
860
861
862 1209 1377
863
864
865 996 1104 1442 2051 2149 2606
866 2624
867
868
869 1613 2861 2894
870
871 1782
872 1822 2817
873
874
875
876 984 2239 2469 2730
877
878 2317
879 2056
880 2955
881 2683
882
883 1007
884
885 963 1231 1577 2983
886 930
887
888 2911
889 1165 1752
890 1285 1560
891 2251
892 2603
893 1118
894
895 1359 1725 2079
896
897
898
899
900 1090
901 1164 1840 2813
902
903 1050 1892
904 1516
905 1029 1176 2065
906 1601
907
908
909
910 990
911 1436
912 1614 1738 1989 2106 2704
913
914 1437
915 1652 1726
916 2260
917 1066 2584 2915
918
919
920
921
922
923
924 1727 2434
925
926
927 1881 2274
928
929
930 986
931 2290
932 948 1085 1348 1435 1925 2695
933 1375
934
935
936 957 1999 2342
937 1569 1941 2140
938 1399
939 1041
940
941
942 1304
943
944
945 2899
946 1687 1991
947
948
949
950 2037 2446
951
952
953 1494 1585 1871 1975
954 2382
955 2049 2236 2473
956
957 1063 1126 1307 1404 1618 1697 2454 2854
958 1167 2352 2729
959
960
961
962 2546 3054
963 1032
964
965
966 1074
967
968 1253
969 1946
970
971 1128
972 1813
973
974 1276
975
976
977
978
979 1268
980 1028
981 1362
982
983
984
985 1058 1141 1561 1860 2082 2419
986
987
988 2367
989 1314 1647 2576
990
991
992
993 1567 2697
994
995 1430 3020
996 1910
997
998 2486 3027
999
1000 2180 2190
1001 1422
1002
1003
1004 1129 1245 2835 3048
1005
1006
1007
1008 2677
1009
1010
1011
1012 2962
1013
1014
1015 1386 2783
1016
1017 1985 2279 2421
1018 1188 1434 2044 2425
1019 1364 1584 2926
1020
1021
1022 1433 2390
1023
1024
1025
1026
1027
1028
1029 1257 1837 2393 2701 2752
1030
1031
1032 1863 2679
1033 2833
1034 2339
1035
1036
1037
1038
1039
1040
1041
1042
1043 2032
1044 1326
1045 1152 2235 3076
1046 2534
1047 1199
1048 1450 1953 2061 2112 2133 2249 2815 2958
1049
1050
1051
1052
1053 2365 2652
1054
1055 1452 1645
1056
1057
1058
1059
1060 2556 2725
1061 1400 1902 2781 2951
1062
1063 2008
1064 2114
1065
1066 1286
1067
1068 1339 1670
1069
1070 1408
1071
1072
1073 1227 1920 2283 2503
1074 2295
1075
1076
1077 1217
1078 2462
1079 2150 2234 2447 2741
1080
1081
1082
1083
1084 1476
1085 2348
1086 1658
1087 1169 2012
1088 2314
1089
1090
1091 1518
1092
1093 2524
1094
1095
1096
1097 1256
1098 2014 2891
1099
1100
1101
1102
1103
1104 1900 2428
1105 1472
1106
1107
1108 1177 1609 2054
1109
1110
1111 1780
1112 2895
1113
1114
1115 1688
1116
1117 2461
1118
1119 2777
1120 1559
1121
1122 2615
1123
1124
1125 1704
1126
1127
1128 2412
1129 1468 2879
1130
1131
1132 2192
1133 1271 1350 1673 2137 2923
1134 1734
1135 1247
1136 2100 2182 2338 3052
1137
1138 2905
1139
1140 2674
1141
1142 2775
1143 1986
1144 1300 2803
1145 1210 1488 1719 2717
1146 1343 1770
1147 2814
1148 1945 2859
1149 1220 2219
1150
1151
1152
1153
1154
1155
1156
1157 2928
1158
1159
1160
1161
1162 1444 2932
1163
1164 2171
1165 1525
1166
1167
1168 1608 2535
1169
1170
1171
1172
1173
1174
1175 1180 1360 2872
1176
1177
1178
1179
1180 2009 2851
1181
1182 2467
1183 1417 1544 2268
1184
1185
1186
1187 1379
1188 1479
1189 1473
1190
1191
1192
1193 2266
1194
1195
1196 1254
1197 1228 1456 2545
1198
1199
1200
1201
1202
1203
1204 2500
1205
1206
1207 2075
1208
1209 1927
1210
1211 1381
1212
1213
1214
1215
1216
1217
1218
1219
1220
1221
1222 1237 1557 2728
1223
1224
1225 1857 2669 2966
1226
1227 2243
1228 2184
1229 1663 2404 2724
1230
1231
1232
1233
1234
1235
1236 1517
1237
1238
1239
1240
1241 1820
1242
1243 1659
1244
1245 3044
1246 2699
1247
1248 2731
1249
1250 2588
1251 1746 2592
1252
1253
1254 2267
1255
1256 2694
1257 1619
1258 2619
1259
1260 1649 1755
1261
1262
1263
1264
1265
1266
1267
1268
1269 2583
1270 1805 1882 1948 2376
1271 1667
1272
1273
1274
1275
1276
1277
1278
1279
1280 1630
1281
1282 1354 2536
1283
1284
1285
1286
1287
1288
1289 1431
1290
1291
1292 1853
1293
1294 2397
1295
1296 2264
1297 2778
1298 1474 2016
1299 2036
1300 1460 1802 2024
1301
1302 2063
1303
1304 2489
1305
1306
1307 2222
1308
1309
1310 3039
1311
1312
1313
1314 2586
1315 2423
1316
1317
1318
1319
1320 2867
1321 2790
1322 2681 2818
1323
1324
1325
1326
1327 2531
1328 2607
1329
1330
1331 2811
1332
1333 1499 1637 2007
1334
1335 2201 2661
1336
1337
1338 1865
1339
1340 1899
1341
1342
1343
1344 3016
1345 1545
1346
1347
1348
1349
1350 1651
1351
1352 1855 2889
1353
1354
1355
1356 2067 2703
1357
1358
1359
1360 2109
1361
1362
1363 2324
1364
1365
1366
1367
1368
1369 1462 2099 2551
1370 3077
1371 2441 2614 2946
1372
1373
1374 2544 2630 2968
1375 1453
1376 3033
1377 1708
1378
1379
1380 2000
1381 1980
1382
1383
1384
1385 2667 2961
1386 1396 2992
1387
1388
1389
1390
1391
1392
1393
1394
1395
1396 2120
1397
1398
1399
1400 1798 2023
1401 1508 2487 2740 2834
1402 2767 2856 2944
1403
1404
1405
1406 2280 2850
1407 2852
1408
1409
1410 1459
1411
1412 1693
1413 2498 3000
1414
1415
1416
1417
1418
1419
1420
1421
1422
1423
1424 2078
1425 2689
1426
1427
1428
1429 2514
1430
1431
1432
1433
1434
1435
1436
1437 2512
1438
1439
1440 3023
1441
1442
1443
1444 2520
1445
1446 1597
1447 1599 1947
1448
1449
1450
1451 1461
1452 1739
1453 1633
1454 1742 1806 2772 3042
1455 2293 2625
1456
1457 1547 1696 1964 2040 2326 2370 2807
1458
1459 1970 2963
1460
1461
1462
1463 1868 2770
1464
1465 1648
1466 2257
1467
1468
1469 2004
1470
1471
1472 1823 1996
1473
1474
1475
1476
1477
1478 2747
1479
1480
1481 1923
1482 2379
1483
1484
1485
1486
1487
1488
1489
1490 2684
1491
1492 1885
1493 2409
1494
1495
1496
1497
1498
1499
1500
1501
1502 1886
1503 2956
1504
1505 2141
1506
1507 2931
1508
1509
1510
1511 1931
1512 1573 2169
1513
1514
1515
1516
1517 2121
1518 1990
1519
1520
1521 1915
1522
1523
1524
1525 2296
1526
1527
1528 2501
1529
1530
1531 2122
1532 1554 1674
1533 2005 2866
1534
1535
1536
1537
1538
1539
1540
1541
1542
1543
1544
1545 2273 2415
1546
1547
1548
1549
1550
1551
1552
1553
1554
1555
1556
1557
1558 2306 3045
1559
1560 2394
1561
1562 1656 2484 2577
1563
1564
1565
1566
1567 1580 3060
1568
1569
1570
1571 1612
1572
1573 2135
1574
1575
1576 1699
1577
1578
1579
1580 2286 2575
1581 2046
1582 1662 2713
1583
1584
1585
1586
1587
1588
1589
1590 1949
1591 2111
1592
1593
1594
1595
1596
1597
1598
1599 1909 2059 2217 2647
1600 1872 2351
1601
1602
1603
1604
1605
1606 3062
1607 2278 2632
1608
1609
1610 1698 1710 1983
1611
1612 1847
1613
1614
1615
1616
1617 1917
1618
1619
1620
1621 2060
1622
1623
1624
1625 2659
1626
1627
1628 2220 3021
1629
1630
1631
1632
1633
1634 1815 2095
1635
1636
1637 2157 2258
1638
1639
1640 2039
1641
1642
1643
1644
1645
1646
1647
1648
1649 2526
1650 2343
1651
1652 2744
1653
1654
1655
1656
1657
1658 1875
1659
1660
1661
1662
1663
1664
1665
1666
1667 2685
1668
1669 2763
1670 2978
1671
1672
1673
1674
1675
1676
1677
1678
1679 2480
1680
1681
1682
1683
1684
1685 2349 2350
1686
1687 1926 3004
1688 2241
1689 1842 2322 2920
1690
1691
1692
1693
1694
1695
1696
1697
1698
1699
1700
1701
1702
1703
1704 2519
1705
1706
1707
1708 2579 2748
1709
1710
1711 2993
1712
1713
1714 2300
1715
1716 2211 2591
1717
1718
1719
1720
1721 1971
1722
1723 2723 2871
1724
1725
1726
1727
1728 1807 2746
1729
1730 2671 3066
1731 2361
1732
1733 2637
1734
1735
1736
1737 1836
1738
1739 2110 2323 2450
1740 2708
1741 1827 2608
1742
1743
1744
1745
1746
1747
1748 2170
1749
1750
1751 3043
1752
1753
1754
1755
1756
1757
1758 1814 2017 2203
1759
1760
1761
1762
1763
1764
1765
1766
1767
1768
1769
1770 2634
1771
1772
1773
1774
1775
1776
1777
1778
1779
1780
1781
1782
1783
1784
1785
1786
1787
1788
1789 2312
1790
1791
1792
1793
1794 2779
1795
1796
1797
1798 2224
1799
1800
1801
1802 2117
1803
1804
1805
1806 2670
1807
1808
1809
1810
1811
1812
1813
1814
1815 1891
1816
1817 2971
1818
1819 2131
1820
1821
1822
1823
1824
1825
1826 2275
1827 1992 2515
1828
1829
1830
1831
1832 2303
1833
1834
1835 1960
1836
1837
1838 2440
1839
1840
1841
1842 1880 1994 2087 2263
1843 2413
1844
1845
1846
1847
1848
1849
1850 2101
1851
1852
1853
1854
1855
1856 1861
1857
1858
1859
1860
1861
1862
1863
1864
1865
1866 2126
1867
1868
1869
1870
1871
1872
1873
1874
1875
1876 2269
1877
1878
1879 2193
1880
1881
1882 1955 2865
1883 2316 2842
1884 2742
1885
1886
1887 1904
1888 2230
1889
1890
1891
1892
1893 2494
1894
1895
1896
1897
1898
1899 2047 2148 2227
1900
1901
1902
1903 2073
1904
1905
1906 2083
1907
1908
1909
1910
1911
1912 2418 2876
1913 1933 2816
1914
1915
1916
1917
1918
1919 2253
1920 2580
1921
1922 2337
1923
1924
1925
1926
1927
1928
1929
1930 1939
1931
1932 2329 2609 3019
1933
1934
1935 2455 2810
1936
1937
1938
1939 2299
1940
1941 2174
1942
1943
1944
1945
1946
1947
1948
1949
1950
1951
1952
1953 1993
1954
1955
1956 1978
1957
1958
1959 1966
1960
1961
1962 1981
1963 2787
1964 1965
1965
1966
1967
1968
1969
1970
1971 2947
1972
1973
1974
1975
1976
1977 2912
1978
1979 2154 2582
1980
1981
1982
1983 2466
1984
1985
1986
1987 2291
1988
1989
1990
1991
1992 2134
1993 2307
1994
1995 2732
1996
1997
1998
1999
2000
2001
2002 2301
2003
2004 2927
2005
2006
2007
2008
2009
2010
2011
2012
2013
2014 2939
2015 2692
2016
2017
2018 2761
2019
2020
2021 2108
2022
2023
2024 2167
2025
2026
2027
2028
2029
2030 2922
2031
2032
2033
2034
2035
2036
2037
2038
2039
2040
2041 2340
2042
2043
2044 2064
2045
2046
2047 2057
2048
2049 2464
2050 2829
2051 2745 3003
2052
2053
2054
2055
2056
2057
2058
2059
2060
2061
2062 2229
2063
2064
2065
2066
2067
2068
2069
2070
2071
2072
2073 2096 2347
2074
2075 2758
2076
2077
2078
2079
2080 2198 2845
2081
2082
2083 2830
2084
2085
2086
2087 2994
2088
2089
2090
2091
2092
2093
2094
2095
2096
2097
2098
2099
2100
2101
2102
2103
2104
2105
2106
2107
2108
2109
2110
2111
2112
2113
2114
2115
2116
2117
2118
2119
2120
2121
2122 2919
2123
2124
2125
2126
2127
2128
2129
2130
2131
2132
2133
2134
2135
2136
2137
2138
2139
2140
2141 2547
2142 3050
2143 2999
2144
2145
2146
2147
2148 2957
2149
2150
2151
2152
2153 2194 2890
2154 2893 3046
2155
2156
2157
2158
2159
2160
2161
2162
2163
2164
2165
2166
2167
2168
2169
2170
2171
2172 2175 2313 2398 2654
2173
2174 2262
2175
2176
2177
2178
2179
2180 2328
2181
2182
2183 2560
2184
2185
2186
2187
2188
2189
2190
2191
2192
2193
2194
2195
2196
2197
2198
2199
2200
2201
2202
2203
2204 2431 2651 2791
2205
2206
2207 2346
2208
2209
2210
2211
2212 2287
2213 2986
2214
2215 2967
2216
2217
2218
2219 2698
2220
2221
2222 2788
2223
2224
2225
2226
2227
2228
2229
2230
2231
2232
2233
2234
2235
2236 2853
2237
2238
2239
2240
2241
2242
2243
2244 2420
2245 2831
2246
2247
2248
2249
2250
2251
2252
2253
2254
2255
2256 2657
2257 2505
2258
2259
2260
2261
2262
2263
2264
2265 2391 2735 3056
2266
2267
2268
2269
2270
2271
2272
2273
2274
2275
2276
2277
2278
2279
2280
2281
2282 2898
2283 3049
2284
2285
2286
2287
2288
2289
2290
2291
2292
2293
2294
2295
2296
2297
2298
2299
2300
2301
2302
2303
2304
2305
2306 2712
2307
2308
2309
2310
2311 2762
2312
2313
2314
2315 2700 3064
2316 2650
2317 3014
2318
2319
2320
2321
2322
2323 2877
2324
2325
2326
2327
2328
2329
2330
2331
2332
2333
2334
2335
2336
2337
2338
2339
2340
2341
2342
2343
2344
2345
2346
2347
2348
2349
2350
2351
2352
2353
2354
2355
2356
2357
2358 2407
2359
2360
2361
2362
2363
2364
2365
2366
2367
2368
2369
2370
2371
2372
2373
2374
2375
2376
2377
2378
2379
2380 2719
2381
2382
2383
2384
2385
2386
2387
2388
2389
2390
2391
2392
2393 2668 2709 2801
2394
2395
2396
2397
2398
2399
2400
2401
2402
2403
2404
2405
2406
2407
2408 2561 2768
2409
2410
2411
2412
2413
2414
2415
2416
2417
2418 2629
2419
2420
2421
2422
2423
2424
2425
2426
2427 3030
2428
2429
2430
2431
2432
2433
2434
2435
2436
2437 2892 2998
2438
2439
2440
2441
2442
2443
2444 2688
2445
2446
2447
2448
2449
2450
2451
2452
2453
2454
2455
2456
2457
2458
2459
2460 2525
2461
2462
2463
2464
2465
2466
2467
2468
2469
2470
2471
2472
2473
2474
2475
2476
2477
2478
2479
2480
2481
2482
2483
2484
2485
2486
2487
2488
2489
2490
2491
2492
2493
2494
2495
2496
2497
2498
2499
2500
2501
2502
2503
2504
2505
2506
2507
2508
2509 2841
2510
2511
2512
2513
2514
2515
2516
2517
2518
2519
2520 3009
2521
2522
2523
2524
2525
2526
2527
2528
2529
2530
2531
2532
2533
2534
2535 2822
2536
2537
2538
2539
2540
2541
2542
2543
2544
2545
2546 2948
2547
2548
2549 2982
2550
2551
2552
2553
2554
2555
2556
2557
2558
2559
2560
2561
2562
2563
2564
2565
2566
2567
2568
2569
2570
2571
2572
2573
2574
2575
2576
2577
2578
2579
2580
2581
2582
2583
2584
2585
2586
2587
2588
2589
2590
2591
2592
2593
2594
2595
2596
2597
2598
2599
2600
2601
2602
2603
2604
2605
2606
2607
2608
2609
2610
2611
2612
2613
2614
2615
2616 2785
2617
2618
2619
2620
2621
2622 3034
2623
2624
2625
2626
2627
2628
2629
2630
2631
2632 2782
2633
2634
2635
2636
2637
2638 2805
2639
2640
2641
2642
2643
2644
2645
2646
2647 2711
2648
2649
2650
2651 2900
2652
2653
2654
2655
2656
2657
2658
2659
2660 3065
2661
2662
2663 3024
2664
2665
2666 2733
2667
2668
2669
2670
2671
2672 2849
2673
2674
2675 3070
2676
2677
2678
2679
2680 2910
2681
2682
2683
2684
2685
2686
2687
2688
2689 2886
2690
2691 2987
2692
2693
2694
2695
2696
2697
2698
2699
2700
2701
2702
2703 2942
2704
2705 2979
2706
2707
2708
2709
2710
2711
2712
2713
2714
2715
2716
2717
2718
2719
2720
2721
2722
2723
2724
2725
2726
2727
2728
2729
2730
2731
2732
2733
2734
2735
2736
2737
2738
2739
2740
2741
2742
2743
2744
2745
2746
2747
2748
2749
2750
2751
2752 3038
2753
2754
2755
2756
2757
2758
2759
2760
2761
2762
2763
2764
2765
2766
2767
2768
2769
2770
2771
2772
2773
2774
2775
2776
2777
2778
2779
2780
2781
2782
2783
2784
2785
2786
2787
2788
2789
2790
2791
2792
2793
2794
2795
2796
2797
2798
2799
2800
2801
2802
2803
2804
2805
2806
2807
2808
2809
2810
2811
2812
2813
2814
2815
2816
2817
2818 2918
2819
2820
2821
2822
2823
2824
2825
2826
2827
2828
2829
2830
2831
2832
2833
2834
2835
2836
2837
2838
2839
2840
2841
2842
2843
2844
2845
2846
2847
2848
2849
2850
2851
2852
2853
2854
2855
2856
2857
2858
2859
2860
2861
2862
2863
2864
2865
2866
2867
2868
2869
2870
2871
2872 2885
2873
2874
2875
2876
2877
2878
2879
2880
2881
2882
2883
2884
2885
2886
2887
2888
2889
2890
2891
2892
2893
2894
2895
2896
2897
2898
2899
2900
2901
2902
2903
2904
2905
2906
2907
2908
2909
2910
2911
2912
2913
2914
2915
2916
2917
2918
2919
2920
2921
2922
2923
2924
2925
2926
2927
2928
2929
2930
2931
2932
2933
2934
2935 2970
2936
2937
2938
2939
2940
2941
2942
2943
2944
2945
2946
2947
2948
2949
2950
2951
2952
2953
2954
2955
2956
2957
2958
2959
2960
2961
2962
2963
2964
2965
2966
2967
2968
2969
2970
2971
2972
2973
2974
2975
2976
2977
2978
2979
2980
2981
2982
2983
2984
2985
2986
2987
2988
2989
2990
2991
2992
2993
2994
2995
2996
2997
2998
2999
3000
3001
3002
3003
3004
3005
3006
3007
3008
3009
3010
3011
3012
3013
3014
3015
3016
3017
3018
3019
3020
3021
3022
3023
3024
3025
3026
3027
3028
3029
3030
3031
3032
3033
3034
3035
3036
3037
3038
3039
3040
3041
3042
3043
3044
3045
3046
3047
3048
3049
3050
3051
3052
3053
3054
3055
3056
3057
3058
3059
3060
3061
3062
3063
3064
3065
3066
3067
3068
3069
3070
3071
3072
3073
3074
3075
3076
3077
3078
