#/opt/homebrew/Caskroom/miniconda/base/envs/hack25/lib/python3.12/site-packages/ipykernel_launcher.py --f=/Users/jpinney/Library/Jupyter/runtime/kernel-v352576b36ed274793969b57d69d8306c9df606370.json
# GMT Sun Jul 20 12:27:20 2025
# 
0 1 2 3 6 16 25 30 39 40 43 76 78 111 159 170 185 187 202 232 270 368 437 521 535 539 600
1 4 5 8 18 20 56 66 67 70 71 81 84 96 108 113 124 154 166 168 178 276 283 310 317 440 519 586 598 616
2 14 15 24 32 34 35 37 46 57 82 181 197 256 277 281 321 336 375 405 417 443 448
3 7 11 28 29 38 44 54 60 69 86 97 103 115 121 132 193 265 323 327 464 474 476 491 614 617 649
4 22 31 135 244 371 641
5 12 23 36 52 58 104 173 188
6 13 62 163 177 325 473
7 51 230 258 410 441
8 9
9 10 131 155 199 219 220 303 442 551 561
10 459
11 47 80 217 235 346 353
12 211 241 292
13 21 136 190 192 249 290 291 308 359 360 408 421 438 527 590 595
14 17 19 26 48 61 64 88 114 120 147 231 286 309 369 396 458 504 505 520
15 74 87 238
16 33 73 129 165 201 216 247 329 357 381 397 514
17
18 27 94 99 125 179 287 299 363 571
19
20
21 50 100 106 146 150 180 228 278 352 355 413 469 470 522 543 547 594 647
22
23 83 198 200 218 269 379 526 529
24 68 118 342
25 98 274
26 119
27 222 296
28 513
29 59 164
30 128
31 172 246
32 41 45 152 229 237 252 294 642
33 116 259
34 65 72 372 503
35 158 472
36 63
37 42 49 79 161 167 206 227 392 431 494
38 85 93 102
39
40 105 195 298 331 367 388 604
41 183 284
42
43 272 495
44 90 109 130 156 288 365 583
45 55 162 205 559
46 385
47 134 209 334
48 53 75 77 153 250 432
49 107 282 610
50 95 110 117 138 221 453 455 548 581
51 335
52
53
54 144 318
55 123
56 253 255 261 384 434
57
58
59
60 89 210 419 454
61
62 176 191 358 407 509
63
64 112 436 553 624
65 92 196 208 239 305 356 380 402
66
67 364
68 101
69 91 148 275 468
70 149
71 549
72 376 512 562
73
74 631
75 133 139 449
76 366 488 567 640
77 316 452
78 142 169 226 477 530
79
80 293
81 541 542
82
83
84 332 445 554 574 593
85 189 264 395 462 490
86 242 457 533
87
88
89 157
90
91
92 386
93
94 307
95
96 143 160 618
97 345
98 351
99
100 145
101 578
102
103 531
104 271 609
105
106 171
107 350
108 263 273 301 314 550 621 627
109 482 483
110
111 126 137 141
112 330 622
113 248 322 370 391 415 563
114 122
115
116 212 313 320 597
117
118 225 439 517 573 577
119
120 428 528
121 127 266 280 471 518
122 245 404
123 140 416
124 378 506
125
126
127
128
129 174
130 572
131
132
133 182 233 319 478 479
134 243
135
136
137 151 213 414
138 485
139
140 344
141
142 311 418
143 389 411
144 338 393
145 382
146 204 412 546
147
148
149
150
151 302
152
153 340 422
154
155 502
156
157 423
158 184 643
159
160 186 361 409
161 289
162 223 348
163 254 427 450
164 257
165 175 203
166
167
168
169 194 214 354 383
170 251 260 489 632
171
172
173
174
175
176 236
177
178 501 608
179 234 328 333 390
180 297 300 306 374 463 538 565
181
182 315
183
184
185 224 304 424
186
187
188
189
190
191
192
193 377
194
195
196
197 207 268 343 420 635
198
199 240
200
201 324 373
202 215 612
203
204
205
206 460
207 651
208 429
209 326
210
211 588 633
212
213
214 646
215 564
216 394
217
218
219 475 487
220
221 499
222
223
224 347 401 576
225
226
227
228
229 262
230 615
231
232
233
234
235 341 532
236
237
238
239
240
241
242
243
244
245 279
246
247
248 500
249 544
250
251
252
253
254
255 285 481 556
256 569
257 575
258
259
260
261
262
263 267 591
264
265
266
267
268
269
270
271
272
273
274
275
276
277
278 337
279 584
280
281
282
283 645
284
285
286
287 295 589
288
289
290 312
291 516
292 426 492
293 425
294 497
295 400
296
297
298
299 620
300
301
302 465
303
304
305 648
306
307
308 611
309
310 582
311
312
313
314
315 625
316
317 566 592
318
319
320 398 480 545 580
321 634
322 498
323
324 435 523
325
326 362 467 493
327
328
329
330 639
331
332
333 555
334
335
336 349
337
338 339 511
339
340
341
342 403
343
344
345
346
347
348
349 406
350
351
352 552
353
354 387
355
356
357
358
359 447
360
361 486 587
362
363
364
365
366 456
367
368 399 558 619
369
370 606 644
371 433 638
372
373
374
375
376 568
377
378
379 579
380
381
382
383 540
384
385 430
386
387
388
389
390 444 508
391
392
393
394
395
396
397 461
398
399
400
401
402
403
404
405
406 525
407 515
408
409
410
411
412
413 613
414
415 637
416
417 557
418
419 628
420
421 601
422
423
424
425
426
427
428 507
429
430
431
432 596
433 510
434
435
436
437
438
439
440 446
441
442
443
444
445
446
447
448 451 603 630
449 496
450
451
452
453
454
455
456
457
458
459
460 466
461
462 570
463
464
465
466 534
467
468
469
470 484
471
472
473
474
475
476
477
478
479
480
481 524 607
482
483
484
485
486
487
488
489
490
491
492
493
494
495
496
497 537
498
499
500 599
501
502
503
504
505
506
507
508
509
510
511 536
512
513
514
515
516
517
518
519
520
521
522
523
524
525
526
527
528
529
530
531
532
533
534
535
536
537
538 585
539 602
540
541
542
543
544
545
546
547
548
549
550
551 560
552
553
554
555
556
557
558
559
560
561
562
563
564
565
566
567
568 623 629
569
570
571
572
573 650
574
575
576 626
577
578
579
580
581
582
583
584
585 605
586
587
588
589
590
591
592
593
594
595
596
597
598
599
600
601
602
603
604
605
606
607
608
609
610
611
612
613
614
615
616
617
618
619
620
621
622
623 636
624
625
626
627
628
629
630
631
632
633
634
635
636
637
638
639
640
641
642
643
644
645
646
647
648
649
650
651
