#/opt/homebrew/Caskroom/miniconda/base/envs/hack25/lib/python3.12/site-packages/ipykernel_launcher.py --f=/Users/jpinney/Library/Jupyter/runtime/kernel-v352576b36ed274793969b57d69d8306c9df606370.json
# GMT Sun Jul 20 12:27:20 2025
# 
0 1 2 8 9 14 20 25 26 40 42 45 60 82 108 120 123 132 143 156 159 179 193 205 208 211 212 216 271 283 299 353 372 396 398 458 474 519 535 579 585 637 683 768 786 827 832 850 865 976 1003 1039 1053 1126 1258 1285 1404 1412 1429 1550 1619 1759 1854 1860 1930 2005 2056 2062 2097 2163 2222 2226 2272 2277 2386 2431 2439 2463 2464
1 6 35 140 223 310 574 592 701 709 857 1210 1259 1486 1713 1745 1899 1990 2484
2 3 4 12 13 15 16 39 54 55 68 75 76 110 129 131 133 138 157 168 245 301 375 381 414 480 560 570 591 601 631 632 657 755 798 814 824 836 872 945 957 1021 1022 1032 1096 1217 1264 1265 1296 1321 1395 1493 1500 1577 1603 1637 1715 1746 1747 1767 1958 1980 2002 2118 2136 2310 2337 2363 2409 2412 2442 2583
3 5 10 30 83 330 419 525 528 721 879 961 1043 1093 2101 2178 2411 2514 2522
4
5 7 23 186 514 587 830 1020 1330 1338 1621 1861 2594
6 37 38 53 73 449 982 1776 2042 2194 2582
7 11 21 63 94 100 102 231 240 256 300 306 318 335 546 571 572 729 931 1132 1300 1438 1672 1699 1787 1806 2047 2564
8 19 149 203 342 408 450 555 769 1002 1070 1192 1266 1367 1390 1803 2090 2399
9 33 41 44 51 111 276 392 464 566 621 734 758 1044 1103 1175 1482 1809 2003 2071 2317
10 180 760 1452 1825 1999 2521 2556
11 17 18 204 214 287 1024 1083 1416 1459 1570 1916 2008 2106 2169
12 34 59 95 97 127 187 314 319 344 395 397 745 802 1004 1197 1640 1650 2494
13
14 22 198 248 1531 2517
15 24 27 36 91 266 388 722 997 1073 1827 1964 2116
16 28 103 170 488 508 936 1076 1187 1204 1378 1397 1413 1450 1535 1556 1725 1890 2205
17 1543 2351
18 81 115 145 150 194 482 538 548 634 990 1381 1643 1647 1753 1812 1973 2378
19
20 217 259 917
21 1082 1207 1421
22 43 309 674 797 834 942 1502 1826 1978 2443 2444
23 61 181 384 1902 2066 2164 2279
24 32 70 2218 2404 2571
25 29 121 151 166 167 175 279 337 374 506 531 537 593 675 710 811 837 1092 1129 1314 1628 1691 1755 1842 2048 2087 2415
26 46 56 124 135 165 199 278 315 385 522 580 784 810 1177 1186 1189 1309 1674 1751 2083 2139
27 142 148 195 196 628 831 1062 1271 1542 1558 1660 2212 2325
28 58 128 134 444 823 2028
29 49 80 86 139 215 226 272 327 347 443 568 610 812 818 1152 2013 2259 2487
30 31 308 417 454 775 1138 1242 1329 1612 2185
31 146 477 619 952 1212 1233 1373 1563
32
33 406 1519
34 130 1244
35 252 261 294 351 1097 1140 1298 1430 2289 2542
36 52 141 184 286 304 369 432 523 713 871 2151 2175 2353 2477
37 57 64 362 436 479 673 789 1145 1800 1820 1905 2184 2523
38
39 62 669 749 1883 1911 2120
40 235 652 1099 1288 2134
41 104 112 238 243 253 281 422 425 476 630 782 2021 2309 2607
42 47 48 50 99 106 118 162 171 207 275 326 331 462 653 860 895 1017 1195 1423 1426 1590 1733 1804 2093 2144 2179 2274 2316 2374
43 126 427 471 1279 1593 1926
44 77 125 161 192 202 274 289 391 441 530 563 855 1035 1048 1100 1101 1221 1687 1975 2049 2228 2508
45 66 117 225 295 1396 1545 2146 2166 2357 2568
46 107 182 445 539 551 569 1236 1828 2406 2434
47 65 67 173 185 263 288 305 973 1051 1188 1599 1786 2331
48 236 1346 1723
49
50 169 307 338 661 681 753 762 930 1151 1166 1409 1414 1582 1598 1950 2024 2384
51 84 137 144 251 324 360 434 470 505 520 526 596 613 667 744 794 846 863 877 912 1301 1467 1982 2086 2100 2110 2121 2190 2207 2435 2560 2590
52
53 71 78 93 174 244 329 455 581 1223 1400 1983 2440
54 176 188 209 325 365 599 622 635 921 1339 1586 1668 1929 2456 2460
55
56 69 72 317 1016 1353 1358 1518 1783 1789 2143 2208 2285 2418
57 220 602 1201 1448 1743 2109
58 147 229 447 1879
59 88 109 206 219 264 298 334 394 456 767 1031 1269 1441 1465 1504 1657 1968 2060 2248 2296 2300 2319
60
61 136 377 410 467 504 977 1168 1447 1626 1679 1862 2307 2480
62 806 1164 1601 2159 2188 2230
63 74 154 364 442 460 590 687 1464 1529 1872 2338
64 2591
65 89 101 122 249 739 748 985 1036 1216 1375 1605 1741 2217 2269 2423 2553
66 496
67 96
68
69 1235 1625 2128
70
71 1011
72 98 995 2453
73 114 969 2263
74 90 92 221 340 869 1260 1376 1712 2303
75 79 210 237 882 1290 1433 1836 2585
76 163 1957 2505
77 689
78
79
80 116 484 2373
81 87 233 370 415 428 507 680 804 1008 1081 1283 1893 2027
82
83 85 164 247 489 515 598 776 862 1461 1515 2025 2064 2117 2293 2382
84 197 459 475 529 2157 2376 2605
85
86
87 1986
88 172 190 234 311 517 651 656 737 763 900 940 1063 1069 1090 1169 1294 1685 1735 1866 1880 1992 2579 2584
89 153 339 521 864 1230 1688
90 2266
91
92 105 191 367 473 491 503 1052
93
94 1714
95 549 1567 1822 2019
96 177 189 267 557 711 761 1631 2192
97 241 795 2174
98
99
100
101 158 232 250 356 390 545 727 902 944 989 1095 1211 1369 2365 2488
102 341 553 618 816 1451 1869
103 260 292 439 510 2397
104
105
106 959 2416
107
108 589 756
109 113 119 386 405 937 1049 1644 1726 1886 2029
110
111 487 640 1681
112
113 160 851
114
115 201 807 909
116 780 962 2267
117
118 641 682 910 2080
119 451 533 611 1313 1463 1496 1528 1554 1602
120
121 230 497 1377
122
123 302 359 389 465 676
124 481
125 469
126 285 556 2215
127 200
128
129
130
131 178 183 387 783
132 373
133 257
134 501 1468
135 155
136
137 291 1308
138
139 1595
140 1479 1706
141
142 152 277 513 547 550 660 1354 1608 1994 2065
143 368 654 1007 1949 2077 2245
144
145 853 1087 1246
146
147 483 1325 1604 1611
148
149 361 1116
150 731 732 856 1821
151 258 1014 1094 1191
152 255 366 665 820 870 883 1066 1072 1307 1533 1609 1923
153 801
154
155 911
156 222 478 1915
157 2352
158 242 316 322 588 819 1122 1356 1591 1645 2167
159
160
161 920 1717 1853
162
163
164 527 629 790 2148
165 950 2103
166 1635 2335
167 399 778 1114 1123 1480 1777 1814
168 1392
169 273 1248 1963 2235
170 213 350 363 411 412 430 433 524 565 627 714 725 754 1267 1752
171 1026
172 343 400 420 516 540 678 764 821 955 991 1561 1618 1623 1792 1876 1995 2089 2231 2253 2513 2562
173 352 518 1750 1881
174
175 1472 2018
176
177
178 320 686 781 2070
179 1118 1209
180 218 838 2313
181 1897
182
183
184 426 1304 2262
185 1088
186 559 706 716 2475
187 577 684 2247
188 453 2305
189
190 265 609 636 1027 1277 1913 1940
191
192 435 774 893 1762 1772
193 534 605
194 2195
195 541 1042 1224
196 409
197 645 1364
198
199
200 655 672
201 239 313 724 981 1012 1075 1393 1648 1933
202 2527
203 2541
204
205 280 1176 1831 2462 2519
206
207 270 357 647 833 2125 2256 2283
208 1680
209 1163 1552
210 228 328 1133 1703 2360
211 297 393 1009 1084 2032 2566
212 224 552 561 699 1185 1764 2359
213 929 1505
214 873 1286
215 303 741 1158 2341 2593
216
217 323
218 1483 1729
219 418
220
221 227 268 269 332 333 336 355 416 463 649 703 967 1398 1870 1900 1928 1939 1941 1946 1955 2036 2115 2362
222
223 431 840 913 1071 1581 1838 1972
224 284 702 1326 1408 2377
225 296 712 1000 1328 1341
226
227 1241 1856
228 615 1382
229 1585 2124
230 1148
231 348 1136 1730 1924 2469
232 1501
233 345 642 825 1156
234 956 1061 1492 2229
235 246 1231
236
237 262 293 841 885
238 1293 2009
239 946 987 1058 2340 2549
240
241
242
243
244 254
245 461 532 815 1857 1878
246 312 771
247 485 536 646 941 1059 1654
248 282 1079 2515 2544
249
250 1139 1348 1655
251 1056
252
253 2234 2509
254 371 1159
255 290 543 817
256 1240
257
258 376 468 905 1219 2091
259
260
261 346 1919 1953
262 502 715 779 1214 2273
263 677
264
265 1639
266 919 1172 1379
267 650 1516
268 321 349 595 666 868 954
269 1568 2237
270 1254 2387
271
272
273 604 1040 1859
274 1198 1564
275 1117 2383
276
277
278 1351
279
280 679 1406 1617 1781
281
282 358 766 876 2422
283 472 2474
284
285
286
287 379 690 960 1632
288 354
289 582
290 1077
291
292 777 1220
293 567 933 1675
294
295 1171 1754
296
297 1491 1698
298 1352 1678
299 2491
300 792 2176
301 1740
302
303 743
304
305 805
306 404 626 894 2414
307 446 578 829 1310 1527 1656 1912
308 440 730 799 1089 1948
309
310
311 844
312
313 407 495 907 1970 2380 2552
314 1683 2238 2250 2436
315
316 1695 2133 2457
317 2371
318
319
320 704
321 1903
322 975 1193
323 796 1370 1677 2244
324
325
326 639 1112 2189 2493 2534
327
328
329 1614 2058
330 499 1907 2210
331 378 723 1481
332 1174
333 970 1050 1442 1824 1965 2396
334 2039
335
336 1010
337
338
339 707 1113 1295
340
341
342
343
344
345 884 1316
346
347 800
348 2401
349 1363 1662
350 1440
351 498
352 2402
353 2345
354
355
356 1227 1719 1802
357 423 906 1170 1840 2281
358 1597
359 927
360 606
361
362 429 1852
363 466 607 612 2461
364
365 457 511 728 1143
366 401 492 738 1030 1074 1181 1202 1863
367 380 421 719 759 828 1574 1627 2452 2516
368
369 1832
370 1245 1690 1700
371 573
372
373
374 1280 1749
375
376 383
377
378 813
379 402
380 382 822 1200 1275 1560 1566 1819 1988
381 452
382 1178 2030 2095
383 988 1428
384
385 1025 2288
386 500 584 616 747 793 1115 1843 1962 1974 2068 2468
387 413 648 2162
388 1845 2528
389
390
391 542
392 1873 2193
393 576 603 791 1630
394 424 1046 1276 2276
395 1033 1867
396 494 1249 2145
397 1932
398 659
399
400 403 437 509 867 932 1153 1274 1319 1661 1766 2200
401
402 1157
403
404 1548
405 966 1232 1444 2209
406 554 1109 1682 2006 2330
407 558
408 773
409 1551 1841
410 1203 1439
411 583 903 915 2183 2602
412 1937
413 1667
414 493 757 826 1435 1549 2258 2364
415 688 2294
416
417 2011
418 1287
419 438 887 1179 1366
420 1578 2196
421
422 448 670 842 1047 1333
423 544
424 808
425 978
426 1607
427
428
429
430 986 1415
431
432 898 918 1931 2545
433 752
434 623 1934 2343
435 951 2201
436
437 1917 2020 2239
438
439 486 1817 2261
440
441
442 490 1303 2430
443
444
445 924 2537
446 993 1343 1642 2122
447
448
449
450
451 847 1013 1652
452
453 901
454 624
455
456 2084 2187 2589
457
458 562 617 620 692 1757 2000 2329 2518
459 891 1522
460
461
462 852
463
464
465 1391
466 1229
467
468 1884 2219
469 512 1460 1686 1694 2499
470 878 1387
471 2216
472
473 1055 1270
474
475
476 1243
477 1150 1947
478 1247
479
480 698
481
482 608 638 685
483
484 1305 2112 2419
485
486 1064 2388
487 697 2063
488 958 1484 1524
489
490 1256 1434
491 1541 1774 2260
492
493 2014
494
495 1526 1823 1895
496 908
497
498 1019
499
500 880 1865
501 1445
502 965 1540
503
504 600
505 644 700 1589 1736 2275 2428
506
507
508 1887 1944 2243
509 1137
510
511 718 1182 1638
512 564 663 916 2132 2223
513
514
515
516 886 2308
517
518
519 2203
520 575 1620 2186 2606
521 1935
522 1659
523
524 1332 1855
525 926
526
527 845 1306 1684 1734 2107
528 597 695 1057 1297 1782 2233
529
530
531
532 2344
533
534 1555 2072
535
536 1085 1196 2105
537 720
538 696 1292 1327 1624 1769
539
540
541
542
543
544 742 2045
545
546 733 1538
547 614 1807 1991
548 736 2126
549 843 1945 2557
550 746 1499
551
552 1573
553 1474
554 2057
555
556 809 1830 1896 2321 2507
557 2069
558 2407
559
560
561 1636 2495
562 594 625 866 2333 2473
563
564
565
566
567
568 586 858
569 1466
570
571
572 2540
573 943 1977 1985 2466 2497
574 839 1453
575 1813 1959
576
577 735 740 751 770 788 1125 1127 1237 1779 2038 2170 2392
578
579
580 1102
581 1443
582
583
584
585
586 2538
587
588 1427 1514
589
590 861 963 1487 1918
591 1018 1124 2292
592
593 1403 1658
594 694 2055
595 1263 2043
596
597
598 662
599
600
601 835 1368 1587
602 1222 1380
603
604
605 1104 1534 1909 2327
606
607
608
609 726
610
611
612 671
613 658 974 1068 1521 2182 2577
614 1615 1914 2221
615 1775
616
617 1536
618
619
620 2177 2490
621 1588
622
623 1575 2312
624 1161 1576 2410
625
626 787
627 1833 2271
628
629 2012 2570
630
631 854 2270
632 633
633
634
635 1606 2533 2604
636 1498 1760
637
638 803
639 643 693 708 717 923 2225
640 1523
641
642
643 2168
644 2315
645 896
646
647
648 664 953 1508 2094 2395 2447
649 1121 1424
650 1106 2332
651
652 668 949 1225 1497 1979
653 1234 1454 1709 2336
654 1847
655 2326
656
657 1180
658 1322
659
660 691 979 1894
661
662
663
664 2390
665
666
667 1810
668 897 1559 2501
669
670 1938
671 1748
672
673 705
674 964
675 785 1155 1281
676
677 848 971 2290
678
679
680 1134
681 938 1261 1320 1921 2023
682
683
684 750 1238
685
686 1028 1350 2007
687
688 1105
689 2050
690
691
692 1251
693 1262
694 1165 1331 2252
695 1067 1337
696
697 2081
698
699
700 765 1436 1616
701
702 888 1485
703 1218 1311 1488 1511 2354 2433
704
705 859
706
707 2211
708
709 914 1402
710 1362 1778
711
712
713 904 1399 1704
714
715
716
717 1142 2298
718
719
720
721
722
723
724
725
726 1342 2135
727 1335
728 984
729
730 1119
731 922 2567
732
733 2369
734 1005
735 1818
736
737 875 2405
738
739
740 1108 1780 2348
741 934
742
743 2017
744
745 1183 2554
746 1098 2561
747
748 2035 2368
749 1971
750 1509
751
752
753 2026
754
755
756
757
758
759
760
761
762 881
763 1255
764 1389
765
766 1078
767
768 772
769
770
771
772
773
774 1666
775
776
777
778
779 1649 1815 2104
780 1302
781 1383
782 889 1494
783
784 1041
785
786 1728
787 1250 1278 2088 2370
788 1455 1796 2040
789
790
791
792
793 1228
794
795
796 1110 1898 2504
797
798
799 1579
800
801
802 1160 1765
803 983 1340 1478 1669
804 1135
805 1689
806
807 1596
808
809
810
811
812
813
814
815
816 892
817
818 1839
819
820
821 2246
822
823
824 2119
825
826
827
828 1671
829
830 1038 2574
831 890 2367
832 849
833
834 1925 2530 2532
835
836
837
838 928 1065
839
840
841
842 1449
843
844 968 972 2224
845
846 1572 1756 1798
847 1697
848
849 1141
850 2142
851
852 1144 1273 1901 2082
853
854
855
856
857
858
859 2391
860 2138
861 1091
862
863
864
865 874 1054 1215 1758
866 2150
867 1190
868
869
870
871 1034 2403
872
873 1477
874
875 1569 1707 2546
876 2113 2425 2476
877 2282
878
879 899 998 1641 2078
880
881 939 1420 2220
882
883
884 1475
885 1553
886 999
887 1023
888
889 1272
890 1015 1401
891
892 1386
893
894
895 1086 1384
896 1239 1476
897 1268
898
899
900
901 1149
902 1537
903
904
905
906 1006
907
908
909
910
911
912
913 1213
914
915 948 1147 1194 1456
916
917
918 925
919
920 935 1257
921 1162
922
923 947 1432 2241
924
925 1739
926 1849 2154
927
928 2198
929 1737
930
931 1473 2129
932
933
934 1045 1336 1788
935 2595
936
937 1037
938
939 1793
940 1920 2074 2520
941
942
943
944
945 1425 1976
946
947 1146 1410 1784 1984 2180
948 1371
949 994
950
951
952
953
954
955 996 1530 2342
956 1001 2037
957
958
959
960 2054
961 1226 1592
962
963 1111 1693
964 2302
965 1676
966 1317 2347
967
968 1060
969
970 1584 1891 2547
971 1546
972 1580
973
974 1318
975
976 992 1289
977
978 980 1107 1506
979 1718
980
981
982
983
984 1388
985
986 1394
987
988 1705 2485
989 1731 2075 2199
990 1208 2297
991
992 1199 1324 1799
993 1128 1359 1720 2206
994 1801
995
996 1167 2155
997
998 1583
999 2429 2512
1000 1594
1001
1002 1029 2171
1003 1610
1004 1952
1005
1006
1007
1008
1009
1010
1011
1012
1013
1014
1015
1016
1017 2079
1018
1019
1020
1021
1022 1206
1023 1357
1024 2061
1025 1490 2076
1026
1027 1910
1028
1029
1030
1031
1032
1033 1874
1034
1035 1966
1036
1037
1038 1405
1039 1365 2140 2381
1040
1041
1042
1043
1044
1045 1349
1046 2482
1047
1048 1722
1049
1050
1051
1052
1053
1054
1055 2197
1056
1057 1956
1058 1080
1059
1060 1805
1061
1062
1063
1064 2588
1065
1066
1067
1068 2099
1069 1131 1864 1906 2053 2172 2398 2600
1070
1071
1072
1073 1794 2268
1074
1075
1076
1077 1417
1078
1079
1080
1081
1082
1083
1084
1085
1086
1087 2550
1088
1089
1090 1130 1507
1091
1092
1093
1094 1471 1520
1095
1096
1097
1098
1099 2016
1100 1120 1797 1850
1101 2596
1102 1184 1361 2051 2214
1103 1173 1969
1104
1105
1106 1600 2114
1107 1154 1344 1692
1108
1109
1110 2524
1111
1112
1113 2420
1114 1547
1115 1646 1989
1116
1117
1118 1323 2254
1119
1120 1312 2158
1121
1122 2149
1123 1360 1808 1837 2202
1124 1347 2445
1125
1126
1127
1128 2092
1129 1252 1711 2548
1130 1345
1131
1132
1133 1374
1134
1135
1136 1469
1137 1315
1138
1139
1140
1141
1142
1143
1144
1145
1146 1446 2286
1147 1291 1742
1148 1525 2346 2427
1149 2004 2152
1150
1151 1665 2393
1152
1153
1154
1155 1877
1156
1157
1158 1773
1159
1160 1411
1161
1162
1163
1164
1165
1166
1167 1431 1457 2465
1168
1169
1170
1171
1172
1173
1174
1175
1176
1177
1178
1179
1180 1967 2334
1181
1182 1205
1183 2379
1184
1185 1299
1186 2536
1187
1188 1253 1418 1724 1768 2510
1189
1190
1191
1192
1193
1194 2265 2575
1195
1196
1197 2450 2467
1198 1372
1199 1696 1871
1200
1201
1202 2165
1203
1204
1205
1206
1207
1208 2052
1209
1210
1211
1212 2496
1213
1214 1721
1215
1216
1217
1218
1219
1220
1221
1222
1223
1224
1225
1226
1227 1835
1228
1229
1230
1231
1232
1233
1234 1710
1235
1236
1237
1238
1239
1240
1241
1242
1243 2459
1244
1245
1246
1247 1544 2127
1248 1954
1249
1250
1251
1252
1253
1254 1355
1255 1282
1256 1284
1257 1512 1844 2034
1258
1259
1260
1261
1262
1263 1334 2375
1264 1385
1265
1266
1267 2181
1268
1269
1270
1271 2446
1272
1273 2525
1274
1275 1437
1276
1277
1278
1279 1790
1280 1653 1738
1281
1282
1283
1284
1285 1888
1286
1287
1288
1289 2130
1290 2543
1291
1292
1293
1294
1295
1296 1942
1297 2559
1298
1299
1300
1301 1834 2551
1302
1303 1562
1304 2278
1305
1306 1634
1307 1422
1308 1670
1309
1310
1311
1312
1313
1314
1315
1316 1701
1317
1318 2323
1319
1320
1321 1495 2603
1322
1323 1716 1998
1324
1325
1326
1327
1328
1329
1330
1331
1332 1458
1333 1981
1334
1335 1846 1875 2569
1336
1337
1338
1339
1340 1419 1470 1771
1341 1727
1342
1343
1344
1345
1346
1347
1348
1349 1407
1350 2318
1351 2306
1352
1353
1354
1355
1356 2001
1357
1358 1663
1359 1462
1360 1761
1361 2044
1362
1363 2500
1364 1892 2108
1365
1366
1367
1368 1489
1369
1370
1371
1372
1373 2204 2284
1374
1375
1376
1377
1378 2242 2483
1379
1380
1381
1382
1383
1384
1385
1386
1387
1388
1389
1390
1391
1392
1393
1394
1395 1539
1396 1510
1397
1398
1399
1400
1401
1402
1403 1997
1404
1405
1406
1407 2173 2455 2472
1408 2555
1409
1410 1503
1411 2123
1412
1413 2314 2580
1414
1415
1416
1417 2451
1418
1419 2320
1420 1532
1421
1422
1423
1424
1425
1426
1427
1428
1429
1430
1431
1432
1433
1434
1435
1436
1437
1438 2067
1439 2232
1440
1441 2257
1442
1443
1444 1557
1445
1446
1447
1448
1449 1622
1450 2191
1451
1452
1453
1454 2160
1455
1456
1457
1458
1459
1460
1461
1462
1463
1464
1465
1466
1467
1468 2572
1469
1470 2470
1471
1472 2426 2503
1473
1474
1475
1476
1477
1478
1479 1571 1943
1480
1481 2213
1482 2506
1483
1484 1517 1868
1485 1513 1960
1486 1565
1487
1488
1489
1490
1491 1795
1492 1829
1493
1494
1495 1664 2249
1496 2131
1497 1651
1498
1499 2563
1500
1501
1502 2010 2385
1503
1504
1505 2031
1506
1507 2448
1508
1509
1510
1511
1512
1513
1514
1515
1516
1517
1518
1519
1520
1521
1522
1523
1524 2073
1525
1526 2085 2361 2486
1527
1528
1529
1530 2366
1531
1532
1533 2438
1534 2096
1535
1536
1537
1538 1791
1539
1540
1541 1613 2349
1542
1543
1544
1545
1546
1547
1548
1549 2137 2255
1550
1551
1552
1553
1554 2098
1555
1556
1557
1558
1559
1560 1763
1561
1562
1563
1564
1565
1566
1567 2389
1568
1569
1570 1889
1571 1702
1572
1573 1927
1574
1575
1576
1577
1578
1579
1580
1581
1582
1583
1584
1585
1586
1587
1588
1589 2227
1590
1591
1592 1708
1593
1594
1595 2015 2372
1596
1597
1598
1599
1600
1601
1602
1603
1604
1605
1606
1607
1608
1609
1610
1611 1629 2573
1612
1613
1614
1615
1616 1785
1617
1618
1619
1620 1993
1621 1770
1622
1623
1624
1625
1626 2041 2046 2471
1627
1628 2350
1629 1633
1630
1631
1632
1633
1634
1635
1636
1637 1673 2441
1638
1639
1640
1641
1642
1643
1644 1732
1645
1646
1647
1648
1649
1650
1651
1652
1653
1654
1655
1656
1657
1658 2578
1659
1660
1661
1662
1663 2535
1664
1665
1666
1667
1668
1669
1670
1671
1672
1673
1674 2529
1675 2489
1676
1677
1678
1679
1680
1681 1848
1682
1683
1684
1685 1936
1686
1687
1688
1689
1690
1691
1692
1693 2304
1694
1695
1696
1697
1698 1922
1699 1744
1700
1701
1702
1703
1704
1705
1706
1707
1708
1709
1710
1711
1712 1851
1713
1714
1715
1716
1717
1718
1719
1720
1721
1722
1723
1724
1725
1726 2102
1727 1816
1728
1729
1730 2581 2601
1731
1732
1733
1734
1735
1736
1737
1738
1739 2479
1740
1741
1742
1743
1744
1745
1746
1747 2597
1748
1749
1750 1904
1751
1752
1753
1754
1755
1756 2324
1757
1758
1759
1760
1761
1762
1763
1764
1765
1766 2111
1767
1768
1769
1770
1771
1772 2291
1773
1774
1775
1776
1777
1778
1779
1780
1781
1782
1783
1784
1785
1786
1787 1811
1788
1789
1790
1791
1792
1793
1794 2339
1795
1796
1797
1798 1882
1799
1800 2355
1801
1802
1803 2147
1804
1805
1806
1807
1808
1809
1810
1811
1812
1813
1814
1815
1816
1817
1818 1858
1819
1820
1821
1822
1823
1824
1825
1826
1827
1828
1829 2511
1830
1831
1832
1833
1834
1835
1836
1837
1838
1839
1840
1841 2059
1842 2295
1843
1844
1845 2161
1846
1847
1848 1885 2454
1849
1850
1851
1852
1853
1854
1855
1856
1857
1858
1859
1860 1951 2153
1861
1862
1863 2432
1864
1865
1866
1867
1868
1869 2449
1870 2576
1871
1872
1873
1874
1875
1876
1877
1878 1996
1879
1880
1881
1882
1883
1884
1885 2358
1886
1887
1888
1889
1890
1891
1892
1893
1894
1895
1896 1908
1897
1898
1899
1900
1901
1902
1903
1904
1905
1906
1907
1908
1909 2264
1910
1911
1912
1913
1914
1915
1916 1987
1917
1918
1919
1920
1921
1922
1923
1924
1925 1961
1926
1927
1928
1929 2251
1930
1931
1932
1933
1934
1935
1936
1937
1938
1939
1940
1941
1942
1943
1944
1945
1946
1947
1948
1949
1950
1951
1952
1953
1954
1955
1956
1957
1958
1959
1960
1961 2141
1962
1963
1964
1965
1966
1967
1968
1969
1970
1971
1972
1973
1974 2587
1975
1976
1977
1978
1979
1980
1981
1982
1983
1984
1985
1986
1987
1988
1989
1990
1991
1992
1993
1994 2022
1995
1996
1997 2033
1998
1999
2000
2001 2458
2002
2003
2004
2005
2006
2007
2008
2009
2010
2011 2328
2012
2013
2014
2015
2016
2017
2018
2019 2417
2020
2021 2413
2022
2023
2024
2025
2026
2027
2028
2029
2030
2031
2032
2033
2034
2035
2036
2037
2038
2039
2040
2041
2042
2043
2044
2045
2046
2047
2048
2049
2050
2051
2052
2053
2054
2055
2056 2156
2057
2058
2059
2060
2061
2062
2063
2064
2065
2066
2067
2068
2069
2070
2071
2072
2073
2074
2075
2076
2077
2078
2079
2080
2081
2082
2083
2084
2085
2086
2087 2236
2088
2089
2090
2091
2092
2093
2094
2095
2096
2097
2098
2099
2100
2101
2102
2103
2104
2105
2106
2107
2108
2109
2110
2111
2112
2113
2114
2115
2116
2117
2118
2119
2120
2121
2122
2123
2124
2125
2126
2127
2128
2129
2130
2131
2132
2133
2134
2135
2136
2137
2138
2139
2140
2141
2142
2143
2144 2421
2145
2146
2147
2148
2149
2150
2151
2152
2153
2154
2155
2156
2157
2158
2159
2160 2394
2161
2162 2301
2163
2164
2165
2166
2167
2168
2169
2170
2171
2172
2173 2299
2174
2175
2176
2177
2178
2179
2180
2181
2182 2598
2183
2184
2185
2186
2187
2188
2189
2190
2191
2192
2193
2194
2195
2196
2197
2198
2199
2200 2437
2201
2202 2311
2203
2204
2205
2206
2207
2208
2209
2210 2280
2211
2212
2213
2214 2240
2215
2216
2217
2218
2219
2220 2287
2221 2322
2222
2223
2224 2502
2225
2226
2227 2586
2228
2229
2230
2231
2232
2233
2234
2235
2236
2237
2238
2239
2240
2241
2242
2243
2244
2245
2246
2247
2248
2249
2250 2565
2251
2252
2253
2254
2255
2256
2257
2258
2259
2260
2261
2262
2263
2264
2265 2481
2266
2267
2268
2269
2270
2271
2272
2273
2274
2275
2276 2424
2277
2278 2408
2279
2280
2281
2282
2283
2284
2285
2286
2287
2288
2289
2290
2291
2292
2293
2294
2295
2296
2297
2298
2299
2300
2301
2302
2303
2304
2305
2306
2307
2308 2478
2309
2310
2311
2312
2313
2314
2315
2316
2317
2318
2319
2320
2321
2322
2323
2324
2325
2326
2327
2328
2329
2330
2331
2332
2333
2334
2335 2526
2336
2337
2338
2339
2340
2341
2342
2343
2344
2345
2346
2347
2348
2349
2350
2351
2352
2353
2354 2356
2355
2356
2357
2358
2359
2360
2361
2362
2363
2364
2365
2366
2367 2400
2368
2369
2370
2371
2372
2373
2374
2375
2376 2539
2377 2498
2378
2379
2380
2381
2382
2383
2384
2385
2386
2387
2388
2389
2390
2391
2392
2393
2394
2395
2396
2397
2398
2399
2400
2401
2402
2403
2404
2405
2406
2407
2408
2409
2410
2411
2412
2413
2414
2415
2416
2417
2418
2419
2420
2421
2422
2423
2424
2425
2426
2427
2428
2429
2430
2431
2432
2433
2434
2435
2436
2437
2438
2439
2440
2441
2442
2443
2444
2445
2446
2447
2448
2449
2450
2451
2452
2453
2454
2455
2456
2457
2458
2459 2492
2460
2461
2462
2463
2464
2465 2599
2466
2467 2558
2468
2469
2470
2471
2472
2473
2474
2475
2476
2477
2478 2531
2479
2480
2481
2482
2483
2484
2485
2486
2487
2488
2489
2490
2491
2492
2493
2494
2495
2496
2497
2498
2499
2500
2501
2502
2503
2504
2505
2506
2507
2508
2509
2510
2511
2512
2513
2514
2515
2516
2517
2518
2519
2520
2521
2522
2523
2524
2525
2526
2527
2528
2529
2530
2531
2532
2533
2534
2535
2536
2537
2538
2539
2540
2541
2542
2543
2544
2545
2546
2547
2548
2549
2550
2551
2552
2553
2554
2555
2556
2557
2558
2559
2560
2561
2562
2563
2564
2565
2566
2567
2568
2569
2570
2571
2572
2573
2574
2575
2576
2577
2578
2579
2580
2581
2582
2583
2584 2592
2585
2586
2587
2588
2589
2590
2591
2592
2593
2594
2595
2596
2597
2598
2599
2600
2601
2602
2603
2604
2605
2606
2607
