#/opt/homebrew/Caskroom/miniconda/base/envs/hack25/lib/python3.12/site-packages/ipykernel_launcher.py --f=/Users/jpinney/Library/Jupyter/runtime/kernel-v352576b36ed274793969b57d69d8306c9df606370.json
# GMT Sun Jul 20 12:27:20 2025
# 
0 1 3 4 5 6 24 25 26 27 30 36 71 72 73 110 126 137 170 180 192 199 202 233 241 247 258 279 316 323 355 457 483 520 544 548
1 2 9 41 52 70 74 91 121 134 159 322 327 474
2 7 20 54 59 112 117 124 161 222 231 308 345 367 369 582
3 29 37 40 44 60 102 125 132 148 150 251 475 491 515 553
4 47 65 173
5 111 442
6 15 32 373
7 8 10 11 13 16 28 31 34 39 43 51 53 55 56 63 75 76 85 99 120 129 149 163 166 176 188 208 210 237 273 280 287 288 352 362 364 365 378 379 416 419 447 470 473 486 488 508 529 547 549 571 576
8 443 579
9
10 12 61 98 140 152 177 263
11 17 67 69 95 226 344 354 386
12 22 38 100 115 172 240 278 282 283 292 326 329 433 494 522
13 14 392 456 546
14 18 21 77 216
15 19 45 315 387 402 523
16 66 87 164 408 478
17 23 92 230 301
18 103 106 168 182 265 376
19 501
20
21 68 184
22
23 57 143 223 255 298 496
24 42 83 93 97 119 167 171 426 511 569
25 33 46 109 190 271 405 409 430 436 466 507 509
26 281
27
28 35 250 449
29 174 175 276 294 299 328 404 411 415 417
30 165 380 570
31 48 86 114 145 245 254 357 358 385
32 211
33 89 347 399 465
34
35
36 305
37 133 243 455 510 514
38 311 512
39 58 90 332
40 160
41 78 314 360 452 555 566
42 49 146 151
43 228 234 342
44
45 50 82
46
47
48
49
50
51 84 492
52 62 189 313 504
53 427 428 497 563
54 156
55 88 198 249 534
56 141
57
58
59 101 113 127 185 235 304 317 368 396
60 363 521
61
62 252 374 545
63 64 96 153 337
64 79 80 128 147 461
65 81 434
66 105 142 186
67
68
69 157
70 284 377 420
71 221 257 269 303
72 224 462
73 219 262 459
74 183 518
75
76
77 468
78 325 561
79 104 107 118 130 144 158 162 179 232 266 285 297 310 312 338 487 533 562
80
81 136 138 324 391 397 435 480
82 225 260 370 451
83
84 193
85 201
86
87
88 155 215 268 286 410
89 196
90
91 270 489
92
93 94 122 131 353
94 181 204 506 543
95
96
97 108 169 178 291 371
98 536
99
100
101
102
103 187 267 320
104
105
106 244
107
108 242 559
109 116 123 154 248 289 334 499 517
110
111 307
112
113 194 340
114
115 191 350 432 469
116
117
118
119 413
120 195 513 580
121 220
122
123
124
125 336 481 539 572
126 200 229
127 259
128
129 135
130
131 453 554
132
133 239
134
135 139 277
136 212 393
137 213 238 246 272 500 541
138
139
140
141
142 356
143
144
145
146 296
147 341
148 203 401
149
150
151
152 218
153 264
154 214 479
155
156
157
158
159
160
161 205
162
163
164
165
166 302
167
168
169 444
170
171 227
172 339 406 490
173 560
174
175
176 346
177 290
178 388 446
179 206 558
180 217
181
182
183
184
185 532
186
187
188
189
190 207 573
191 361 383 431 538
192 209 300 366 438 542
193
194 565
195 197
196 274 295
197
198
199 552
200
201
202
203
204 261
205
206
207
208 400
209 445
210
211
212
213
214
215
216
217 407
218 422
219
220
221
222
223 306 375
224
225
226
227
228
229
230
231
232 256
233 236 454
234 318
235
236 493
237 482 498
238 574
239
240
241
242
243 253 439
244
245
246 395 460
247
248 441
249
250
251
252
253 471 495
254 275 331
255
256 343 578
257
258
259
260 335
261
262
263 403
264 359 390
265
266 389
267
268
269
270
271
272 319
273
274 351 425
275
276
277 519
278
279
280
281
282
283 464
284
285
286
287
288
289
290
291
292 293 309
293
294
295
296
297 437 505
298
299 333 349 540
300
301
302
303
304 476
305
306
307
308 330 503
309
310
311
312 321 348
313
314
315
316
317
318
319
320
321
322
323 421
324
325 384 423
326 528
327
328 502 526
329 381
330
331
332
333
334
335
336
337
338
339
340
341
342 398 412
343 527
344
345
346
347
348
349 382
350
351 414
352 394
353
354
355
356
357
358 440
359 424
360
361 450
362
363 458
364
365
366 418
367
368
369
370 372
371
372
373
374
375 516 575
376
377
378
379
380 467
381
382
383 535
384
385
386
387
388
389
390
391
392
393 556
394 448
395
396 477
397
398
399
400
401
402
403 429
404
405
406
407 583
408
409
410
411
412
413
414
415 550
416
417 525
418
419
420
421
422
423
424
425
426
427
428
429
430
431
432 531
433
434
435 577
436
437
438
439
440
441
442
443
444
445
446
447
448
449
450
451
452
453 472 485
454
455
456 484
457 463
458
459 530 551
460
461
462
463
464
465
466
467
468
469
470 567
471
472 537
473
474 568
475
476
477
478
479
480
481
482
483
484
485
486
487
488
489
490
491
492
493
494
495
496
497 557
498
499
500
501
502
503
504
505
506
507
508
509
510 524
511
512
513
514
515
516
517
518
519
520
521
522
523
524
525
526
527
528
529
530
531
532
533 564
534
535
536
537
538
539
540
541
542
543
544
545
546
547
548
549
550
551
552
553 581
554
555
556
557
558
559
560
561
562
563
564
565
566
567
568
569
570
571
572
573
574
575
576
577
578
579
580
581
582
583
